  9.339E-09
  9.433E-09
  9.451E-09
  9.426E-09
  9.407E-09
  9.336E-09
  9.243E-09
  9.075E-09
  8.921E-09
  8.895E-09
  8.656E-09
  1.108E-08
  1.056E-08
  1.017E-08
  9.395E-09
  8.982E-09
  8.653E-09
  8.300E-09
  8.037E-09
  7.828E-09
  7.742E-09
  9.578E-09
  9.544E-09
  1.075E-08
  1.091E-08
  1.121E-08
  1.149E-08
  1.178E-08
  1.220E-08
  1.254E-08
  1.282E-08
  1.309E-08
  7.653E-07
  7.965E-07
  8.395E-07
  8.764E-07
  9.031E-07
  9.289E-07
  9.541E-07
  9.737E-07
  9.916E-07
  1.010E-06
  1.028E-06
  1.051E-06
  1.074E-06
  1.098E-06
  1.124E-06
  1.179E-06
  1.210E-06
  1.241E-06
  1.461E-06
  1.487E-06
  1.512E-06
  1.538E-06
  1.562E-06
  1.586E-06
  1.609E-06
  1.633E-06
  1.692E-06
  1.714E-06
  1.736E-06
  1.758E-06
  1.780E-06
  1.803E-06
  1.825E-06
  1.847E-06
  1.869E-06
  1.888E-06
  1.907E-06
  1.992E-06
  2.013E-06
  2.028E-06
  2.043E-06
  2.057E-06
  2.071E-06
  2.142E-06
  2.150E-06
  6.019E-06
  6.082E-06
  6.171E-06
  6.259E-06
  6.348E-06
  6.437E-06
  6.528E-06
  6.618E-06
  6.709E-06
  6.801E-06
  6.893E-06
  6.987E-06
  7.135E-06
  7.228E-06
  7.322E-06
  7.417E-06
  7.512E-06
  7.607E-06
  7.703E-06
  7.860E-06
  7.953E-06
  8.046E-06
  8.140E-06
  8.234E-06
  8.329E-06
  8.423E-06
  8.516E-06
  8.610E-06
  8.705E-06
  8.800E-06
  8.895E-06
  8.992E-06
  9.089E-06
  9.187E-06
  9.285E-06
  9.384E-06
  9.483E-06
  9.582E-06
  9.680E-06
  9.867E-06
  1.006E-05
  1.026E-05
