  0.1804997E+04  0.3342040E-07  0.2839153E-07  0.2398696E-07  0.2018532E-07  0.1694409E-07  0.1420071E-07  0.1187421E-07  0.9864355E-08  0.8038637E-08  0.6165454E-08  0.5075526E-08
  0.1814997E+04  0.3887831E-07  0.3316144E-07  0.2811967E-07  0.2373044E-07  0.1995210E-07  0.1672443E-07  0.1396912E-07  0.1158782E-07  0.9448035E-08  0.7311785E-08  0.6101031E-08
  0.1824997E+04  0.3496887E-07  0.2999429E-07  0.2560556E-07  0.2177438E-07  0.1845685E-07  0.1559468E-07  0.1311582E-07  0.1093207E-07  0.8923528E-08  0.6868534E-08  0.5696229E-08
  0.1834997E+04  0.4047205E-07  0.3478777E-07  0.2972538E-07  0.2526767E-07  0.2138112E-07  0.1801528E-07  0.1510146E-07  0.1254848E-07  0.1022547E-07  0.7886395E-08  0.6566668E-08
  0.1844997E+04  0.2048730E-07  0.1840236E-07  0.1650533E-07  0.1477618E-07  0.1319121E-07  0.1172211E-07  0.1033342E-07  0.8975142E-08  0.7560998E-08  0.5895541E-08  0.4845012E-08
  0.1854997E+04  0.3815660E-07  0.3281456E-07  0.2808773E-07  0.2395572E-07  0.2037786E-07  0.1729331E-07  0.1462122E-07  0.1225820E-07  0.1006320E-07  0.7784945E-08  0.6471899E-08
  0.1864997E+04  0.4837132E-07  0.4142927E-07  0.3536200E-07  0.3012010E-07  0.2562891E-07  0.2179200E-07  0.1849491E-07  0.1560589E-07  0.1296212E-07  0.1029570E-07  0.8814590E-08
  0.1874997E+04  0.3523015E-07  0.3130540E-07  0.2781640E-07  0.2471561E-07  0.2194944E-07  0.1945931E-07  0.1718066E-07  0.1503608E-07  0.1291047E-07  0.1056597E-07  0.9174370E-08
  0.1884997E+04  0.5212492E-07  0.4480201E-07  0.3835869E-07  0.3275438E-07  0.2792244E-07  0.2377220E-07  0.2019082E-07  0.1704181E-07  0.1414722E-07  0.1120071E-07  0.9543354E-08
  0.1894997E+04  0.7635987E-07  0.6447313E-07  0.5396492E-07  0.4484089E-07  0.3705442E-07  0.3050486E-07  0.2503815E-07  0.2044729E-07  0.1646252E-07  0.1267193E-07  0.1064196E-07
  0.1904997E+04  0.6440721E-07  0.5500535E-07  0.4671586E-07  0.3950744E-07  0.3331176E-07  0.2802470E-07  0.2350867E-07  0.1959308E-07  0.1605997E-07  0.1255274E-07  0.1062002E-07
  0.1914997E+04  0.7148687E-07  0.6089617E-07  0.5161290E-07  0.4359067E-07  0.3673951E-07  0.3092868E-07  0.2599068E-07  0.2172310E-07  0.1787290E-07  0.1403192E-07  0.1189421E-07
  0.1924997E+04  0.5737062E-07  0.4999332E-07  0.4346690E-07  0.3773943E-07  0.3273651E-07  0.2836174E-07  0.2449502E-07  0.2098306E-07  0.1759953E-07  0.1388003E-07  0.1158982E-07
  0.1934997E+04  0.1820163E-07  0.1710661E-07  0.1603824E-07  0.1497791E-07  0.1390217E-07  0.1277947E-07  0.1156334E-07  0.1017689E-07  0.8472103E-08  0.6111817E-08  0.4515250E-08
  0.1944997E+04  0.7765135E-07  0.6673191E-07  0.5713071E-07  0.4879205E-07  0.4162022E-07  0.3548121E-07  0.3020423E-07  0.2557769E-07  0.2131676E-07  0.1690135E-07  0.1431505E-07
  0.1954997E+04  0.1024369E-06  0.8722085E-07  0.7379086E-07  0.6212146E-07  0.5212532E-07  0.4365341E-07  0.3649694E-07  0.3038779E-07  0.2498015E-07  0.1971847E-07  0.1684023E-07
  0.1964997E+04  0.1246399E-06  0.1058058E-06  0.8914405E-07  0.7465119E-07  0.6224550E-07  0.5176536E-07  0.4297065E-07  0.3554467E-07  0.2908162E-07  0.2296204E-07  0.1971286E-07
  0.1974997E+04  0.1228658E-06  0.1047088E-06  0.8864289E-07  0.7465071E-07  0.6264356E-07  0.5246000E-07  0.4386630E-07  0.3655569E-07  0.3012864E-07  0.2394825E-07  0.2060309E-07
  0.1984997E+04  0.9488059E-07  0.8230083E-07  0.7121440E-07  0.6153804E-07  0.5314665E-07  0.4587721E-07  0.3953246E-07  0.3387683E-07  0.2859529E-07  0.2309251E-07  0.1988118E-07
  0.1994997E+04  0.1470020E-06  0.1265735E-06  0.1081145E-06  0.9166714E-07  0.7720814E-07  0.6464508E-07  0.5381158E-07  0.4445568E-07  0.3620109E-07  0.2837186E-07  0.2423942E-07
  0.2004997E+04  0.1547839E-06  0.1342791E-06  0.1155664E-06  0.9869433E-07  0.8365992E-07  0.7040300E-07  0.5879761E-07  0.4863532E-07  0.3958202E-07  0.3099701E-07  0.2650702E-07
  0.2014997E+04  0.1792436E-06  0.1554092E-06  0.1335595E-06  0.1137814E-06  0.9610458E-07  0.8049384E-07  0.6683636E-07  0.5491815E-07  0.4437048E-07  0.3447722E-07  0.2937771E-07
  0.2024997E+04  0.1215446E-06  0.1065746E-06  0.9290518E-07  0.8053901E-07  0.6944443E-07  0.5955063E-07  0.5073869E-07  0.4282260E-07  0.3549401E-07  0.2810027E-07  0.2397165E-07
  0.2034997E+04  0.2121599E-06  0.1832619E-06  0.1567636E-06  0.1328162E-06  0.1114968E-06  0.9279519E-07  0.7659369E-07  0.6263515E-07  0.5046352E-07  0.3923915E-07  0.3354632E-07
  0.2044997E+04  0.2416992E-06  0.2087913E-06  0.1786437E-06  0.1514212E-06  0.1272056E-06  0.1059798E-06  0.8760642E-07  0.7179467E-07  0.5804186E-07  0.4544527E-07  0.3911557E-07
  0.2054997E+04  0.2244083E-06  0.1944202E-06  0.1670777E-06  0.1424808E-06  0.1206472E-06  0.1015019E-06  0.8486094E-07  0.7040653E-07  0.5763092E-07  0.4560235E-07  0.3933512E-07
  0.2064997E+04  0.1980784E-06  0.1727741E-06  0.1496744E-06  0.1288304E-06  0.1102287E-06  0.9378193E-07  0.7931451E-07  0.6653594E-07  0.5497287E-07  0.4368806E-07  0.3758099E-07
  0.2074997E+04  0.2481276E-06  0.2112280E-06  0.1781700E-06  0.1491182E-06  0.1240920E-06  0.1029379E-06  0.8530240E-07  0.7060257E-07  0.5797274E-07  0.4595747E-07  0.3932723E-07
  0.2084997E+04  0.2084151E-06  0.1790585E-06  0.1527844E-06  0.1296166E-06  0.1094518E-06  0.9205143E-07  0.7704021E-07  0.6390278E-07  0.5193117E-07  0.3985131E-07  0.3293443E-07
  0.2094997E+04  0.3072701E-06  0.2700992E-06  0.2347536E-06  0.2014043E-06  0.1701826E-06  0.1411834E-06  0.1144718E-06  0.9007688E-07  0.6793216E-07  0.4759491E-07  0.3771891E-07
  0.2104997E+04  0.4363009E-06  0.3837017E-06  0.3325471E-06  0.2832623E-06  0.2362853E-06  0.1920798E-06  0.1511609E-06  0.1141119E-06  0.8152148E-07  0.5363263E-07  0.4131488E-07
  0.2114997E+04  0.5795560E-06  0.5107444E-06  0.4432278E-06  0.3776147E-06  0.3145480E-06  0.2547225E-06  0.1989268E-06  0.1480964E-06  0.1033014E-06  0.6547125E-07  0.4941487E-07
  0.2124997E+04  0.4112291E-06  0.3607935E-06  0.3119393E-06  0.2651273E-06  0.2208235E-06  0.1794983E-06  0.1416300E-06  0.1076864E-06  0.7799526E-07  0.5223794E-07  0.4032987E-07
  0.2134997E+04  0.5016326E-06  0.4425468E-06  0.3846636E-06  0.3285099E-06  0.2746317E-06  0.2235998E-06  0.1760303E-06  0.1326007E-06  0.9398563E-07  0.6051417E-07  0.4569465E-07
  0.2144997E+04  0.6775215E-06  0.5982828E-06  0.5202314E-06  0.4440835E-06  0.3705990E-06  0.3006007E-06  0.2350248E-06  0.1749902E-06  0.1217938E-06  0.7659986E-07  0.5737690E-07
  0.2154997E+04  0.6109024E-06  0.5379238E-06  0.4664092E-06  0.3970528E-06  0.3305840E-06  0.2677794E-06  0.2094948E-06  0.1566927E-06  0.1103672E-06  0.7113656E-07  0.5424903E-07
  0.2164997E+04  0.5492207E-06  0.4839231E-06  0.4203374E-06  0.3590118E-06  0.3005155E-06  0.2454452E-06  0.1944380E-06  0.1481630E-06  0.1072106E-06  0.7167195E-07  0.5574279E-07
  0.2174997E+04  0.5353411E-06  0.4728875E-06  0.4118567E-06  0.3527545E-06  0.2961122E-06  0.2424990E-06  0.1925411E-06  0.1469220E-06  0.1062798E-06  0.7081050E-07  0.5491440E-07
  0.2184997E+04  0.7923342E-06  0.6999968E-06  0.6089590E-06  0.5200992E-06  0.4343475E-06  0.3527060E-06  0.2763057E-06  0.2064774E-06  0.1447185E-06  0.9229070E-07  0.6996115E-07
  0.2194997E+04  0.8240197E-06  0.7291641E-06  0.6357500E-06  0.5446073E-06  0.4566094E-06  0.3726924E-06  0.2939094E-06  0.2215022E-06  0.1568871E-06  0.1012767E-06  0.7716975E-07
  0.2204997E+04  0.7218871E-06  0.6407741E-06  0.5609849E-06  0.4831315E-06  0.4078567E-06  0.3358521E-06  0.2678972E-06  0.2048983E-06  0.1478366E-06  0.9736795E-07  0.7472057E-07
  0.2214997E+04  0.5672167E-06  0.5024807E-06  0.4393558E-06  0.3783198E-06  0.3198612E-06  0.2644848E-06  0.2127234E-06  0.1651192E-06  0.1220733E-06  0.8322431E-07  0.6481136E-07
  0.2224997E+04  0.7453508E-06  0.6638153E-06  0.5834256E-06  0.5047426E-06  0.4283536E-06  0.3548917E-06  0.2850738E-06  0.2197311E-06  0.1597355E-06  0.1055853E-06  0.8085162E-07
  0.2234997E+04  0.8886320E-06  0.7890249E-06  0.6909873E-06  0.5952648E-06  0.5026538E-06  0.4140346E-06  0.3304279E-06  0.2530412E-06  0.1831790E-06  0.1216858E-06  0.9419964E-07
  0.2244997E+04  0.8025336E-06  0.7124350E-06  0.6239462E-06  0.5377401E-06  0.4545310E-06  0.3751012E-06  0.3003397E-06  0.2312585E-06  0.1688661E-06  0.1135847E-06  0.8852780E-07
  0.2254997E+04  0.6180678E-06  0.5502093E-06  0.4840335E-06  0.4199393E-06  0.3583304E-06  0.2996230E-06  0.2442509E-06  0.1926375E-06  0.1450368E-06  0.1008845E-06  0.7943257E-07
  0.2264997E+04  0.6505679E-06  0.5796480E-06  0.5104262E-06  0.4432996E-06  0.3786818E-06  0.3170127E-06  0.2587588E-06  0.2043712E-06  0.1541120E-06  0.1074815E-06  0.8501615E-07
  0.2274997E+04  0.6256966E-06  0.5577141E-06  0.4914555E-06  0.4273186E-06  0.3657083E-06  0.3070404E-06  0.2517390E-06  0.2001835E-06  0.1524931E-06  0.1077509E-06  0.8561296E-07
  0.2284997E+04  0.9137920E-06  0.8159196E-06  0.7192990E-06  0.6245346E-06  0.5322728E-06  0.4432335E-06  0.3582622E-06  0.2783725E-06  0.2046765E-06  0.1379275E-06  0.1073770E-06
  0.2294997E+04  0.7160591E-06  0.6399647E-06  0.5653550E-06  0.4926368E-06  0.4222390E-06  0.3546276E-06  0.2903183E-06  0.2298488E-06  0.1736147E-06  0.1212446E-06  0.9603519E-07
  0.2304997E+04  0.1003670E-05  0.8983272E-06  0.7940000E-06  0.6913142E-06  0.5909443E-06  0.4936507E-06  0.4003380E-06  0.3121006E-06  0.2301513E-06  0.1553877E-06  0.1211218E-06
  0.2314997E+04  0.7292535E-06  0.6507239E-06  0.5741483E-06  0.4999737E-06  0.4286628E-06  0.3607003E-06  0.2965888E-06  0.2367868E-06  0.1814558E-06  0.1294910E-06  0.1035646E-06
  0.2324997E+04  0.8249159E-06  0.7366386E-06  0.6502491E-06  0.5662504E-06  0.4851721E-06  0.4075839E-06  0.3341022E-06  0.2653456E-06  0.2017170E-06  0.1425598E-06  0.1138053E-06
  0.2334997E+04  0.6060941E-06  0.5441445E-06  0.4839927E-06  0.4258754E-06  0.3700150E-06  0.3166072E-06  0.2657851E-06  0.2175166E-06  0.1713128E-06  0.1251839E-06  0.1004946E-06
  0.2344997E+04  0.4105886E-06  0.3715398E-06  0.3338135E-06  0.2974725E-06  0.2625461E-06  0.2290073E-06  0.1967230E-06  0.1653369E-06  0.1339390E-06  0.9985944E-07  0.7981818E-07
  0.2354997E+04  0.8428850E-06  0.7579245E-06  0.6743390E-06  0.5924997E-06  0.5127942E-06  0.4356355E-06  0.3614599E-06  0.2906626E-06  0.2233302E-06  0.1582432E-06  0.1254832E-06
  0.2364997E+04  0.4916023E-06  0.4447986E-06  0.3994721E-06  0.3557167E-06  0.3135938E-06  0.2731094E-06  0.2341624E-06  0.1964238E-06  0.1589914E-06  0.1190698E-06  0.9590424E-07
  0.2374997E+04  0.6867360E-06  0.6189887E-06  0.5528918E-06  0.4886792E-06  0.4265774E-06  0.3667968E-06  0.3094976E-06  0.2546786E-06  0.2018244E-06  0.1485827E-06  0.1198109E-06
  0.2384997E+04  0.3501355E-06  0.3202169E-06  0.2912719E-06  0.2632896E-06  0.2362173E-06  0.2099314E-06  0.1841729E-06  0.1583930E-06  0.1313087E-06  0.9928161E-07  0.7866039E-07
  0.2394997E+04  0.4937774E-06  0.4487737E-06  0.4049789E-06  0.3624649E-06  0.3212694E-06  0.2813714E-06  0.2426326E-06  0.2046488E-06  0.1663130E-06  0.1242088E-06  0.9910999E-07
  0.2404997E+04  0.5186037E-06  0.4708936E-06  0.4247299E-06  0.3801738E-06  0.3372429E-06  0.2958809E-06  0.2558915E-06  0.2167854E-06  0.1773495E-06  0.1340362E-06  0.1081296E-06
  0.2414997E+04  0.5874186E-06  0.5335079E-06  0.4807764E-06  0.4293345E-06  0.3792737E-06  0.3306462E-06  0.2834140E-06  0.2373133E-06  0.1914573E-06  0.1428904E-06  0.1152764E-06
  0.2424997E+04  0.9983487E-06  0.9024312E-06  0.8076771E-06  0.7144282E-06  0.6230466E-06  0.5339266E-06  0.4474902E-06  0.3641122E-06  0.2838063E-06  0.2050281E-06  0.1649286E-06
  0.2434997E+04  0.9260773E-06  0.8392003E-06  0.7534567E-06  0.6691218E-06  0.5864833E-06  0.5058427E-06  0.4274908E-06  0.3516060E-06  0.2778998E-06  0.2043070E-06  0.1658875E-06
  0.2444997E+04  0.1195292E-05  0.1080575E-05  0.9669524E-06  0.8548593E-06  0.7447773E-06  0.6372549E-06  0.5329166E-06  0.4324037E-06  0.3360941E-06  0.2430691E-06  0.1969806E-06
  0.2454997E+04  0.1263673E-05  0.1141942E-05  0.1021249E-05  0.9020956E-06  0.7850362E-06  0.6707089E-06  0.5598537E-06  0.4532604E-06  0.3514724E-06  0.2536379E-06  0.2053245E-06
  0.2464997E+04  0.1036716E-05  0.9381466E-06  0.8412294E-06  0.7462840E-06  0.6536438E-06  0.5636543E-06  0.4766436E-06  0.3928072E-06  0.3118269E-06  0.2314794E-06  0.1896612E-06
  0.2474997E+04  0.9210612E-06  0.8353299E-06  0.7508569E-06  0.6679058E-06  0.5867473E-06  0.5076513E-06  0.4308483E-06  0.3563945E-06  0.2837373E-06  0.2101181E-06  0.1707368E-06
  0.2484997E+04  0.5862091E-06  0.5322614E-06  0.4801638E-06  0.4300448E-06  0.3819962E-06  0.3360359E-06  0.2920207E-06  0.2494331E-06  0.2067664E-06  0.1592080E-06  0.1295793E-06
  0.2494997E+04  0.8773853E-06  0.7976252E-06  0.7189782E-06  0.6416607E-06  0.5658896E-06  0.4918679E-06  0.4197311E-06  0.3493889E-06  0.2800482E-06  0.2085575E-06  0.1696320E-06
  0.2504997E+04  0.1251985E-05  0.1133110E-05  0.1015813E-05  0.9005564E-06  0.7878428E-06  0.6782206E-06  0.5722556E-06  0.4703912E-06  0.3724729E-06  0.2760685E-06  0.2263604E-06
  0.2514997E+04  0.3844807E-06  0.3572744E-06  0.3312653E-06  0.3062957E-06  0.2821122E-06  0.2583073E-06  0.2341947E-06  0.2085017E-06  0.1784614E-06  0.1366005E-06  0.1058745E-06
  0.2524997E+04  0.2636407E-06  0.2536774E-06  0.2432320E-06  0.2321279E-06  0.2201093E-06  0.2067841E-06  0.1915074E-06  0.1731067E-06  0.1491222E-06  0.1132455E-06  0.8654509E-07
  0.2534997E+04  0.4146977E-06  0.3923315E-06  0.3694722E-06  0.3459780E-06  0.3216477E-06  0.2961794E-06  0.2690839E-06  0.2394768E-06  0.2054754E-06  0.1619270E-06  0.1325581E-06
  0.2544997E+04  0.5715062E-06  0.5336831E-06  0.4953721E-06  0.4564622E-06  0.4167929E-06  0.3761180E-06  0.3340289E-06  0.2897725E-06  0.2417286E-06  0.1854653E-06  0.1508583E-06
  0.2554997E+04  0.1123713E-05  0.1037440E-05  0.9499186E-06  0.8610175E-06  0.7705603E-06  0.6782930E-06  0.5838136E-06  0.4864011E-06  0.3845423E-06  0.2744524E-06  0.2145930E-06
  0.2564997E+04  0.9933410E-06  0.9143730E-06  0.8350812E-06  0.7554355E-06  0.6753676E-06  0.5947408E-06  0.5132762E-06  0.4303655E-06  0.3445151E-06  0.2513543E-06  0.1990843E-06
  0.2574997E+04  0.1340833E-05  0.1227992E-05  0.1114906E-05  0.1001608E-05  0.8880884E-06  0.7742848E-06  0.6600210E-06  0.5448470E-06  0.4275199E-06  0.3041713E-06  0.2379959E-06
  0.2584997E+04  0.1366471E-05  0.1249773E-05  0.1133207E-05  0.1016879E-05  0.9008603E-06  0.7851651E-06  0.6696834E-06  0.5539864E-06  0.4367110E-06  0.3132897E-06  0.2460997E-06
  0.2594997E+04  0.1011283E-05  0.9264705E-06  0.8425865E-06  0.7596767E-06  0.6777346E-06  0.5966566E-06  0.5161386E-06  0.4354183E-06  0.3525266E-06  0.2615682E-06  0.2086278E-06
  0.2604997E+04  0.1282742E-05  0.1172823E-05  0.1063696E-05  0.9555106E-06  0.8483946E-06  0.7424159E-06  0.6374927E-06  0.5331421E-06  0.4277161E-06  0.3155091E-06  0.2522258E-06
  0.2614997E+04  0.9846448E-06  0.9046833E-06  0.8253595E-06  0.7467056E-06  0.6687036E-06  0.5912368E-06  0.5139776E-06  0.4360993E-06  0.3554193E-06  0.2651858E-06  0.2111498E-06
  0.2624997E+04  0.1318276E-05  0.1204223E-05  0.1091330E-05  0.9797722E-06  0.8696961E-06  0.7611835E-06  0.6541576E-06  0.5481286E-06  0.4414254E-06  0.3282171E-06  0.2642705E-06
  0.2634997E+04  0.2090737E-05  0.1914852E-05  0.1736973E-05  0.1557194E-05  0.1375586E-05  0.1192208E-05  0.1007100E-05  0.8201845E-06  0.6308462E-06  0.4365153E-06  0.3370222E-06
  0.2644997E+04  0.2557703E-05  0.2343795E-05  0.2127022E-05  0.1907410E-05  0.1684951E-05  0.1459625E-05  0.1231404E-05  0.1000185E-05  0.7654004E-06  0.5247855E-06  0.4026668E-06
  0.2654997E+04  0.3099022E-05  0.2845132E-05  0.2586584E-05  0.2323257E-05  0.2054921E-05  0.1781259E-05  0.1501874E-05  0.1216257E-05  0.9235170E-06  0.6216902E-06  0.4692995E-06
  0.2664997E+04  0.2173911E-05  0.1994718E-05  0.1813607E-05  0.1630596E-05  0.1445685E-05  0.1258852E-05  0.1070020E-05  0.8789097E-06  0.6845162E-06  0.4832847E-06  0.3786443E-06
  0.2674997E+04  0.2476877E-05  0.2269338E-05  0.2059891E-05  0.1848636E-05  0.1635655E-05  0.1421018E-05  0.1204767E-05  0.9867775E-06  0.7662387E-06  0.5398064E-06  0.4232146E-06
  0.2684997E+04  0.2868467E-05  0.2634287E-05  0.2396503E-05  0.2155034E-05  0.1909725E-05  0.1660354E-05  0.1406605E-05  0.1147954E-05  0.8831915E-06  0.6090447E-06  0.4687633E-06
  0.2694997E+04  0.2432998E-05  0.2236788E-05  0.2037871E-05  0.1836155E-05  0.1631476E-05  0.1423581E-05  0.1212074E-05  0.9962053E-06  0.7742078E-06  0.5411173E-06  0.4187802E-06
  0.2704997E+04  0.2507719E-05  0.2303951E-05  0.2097288E-05  0.1887694E-05  0.1675081E-05  0.1459310E-05  0.1240140E-05  0.1017061E-05  0.7886766E-06  0.5507007E-06  0.4269084E-06
  0.2714997E+04  0.2077852E-05  0.1908663E-05  0.1738194E-05  0.1566464E-05  0.1393445E-05  0.1219043E-05  0.1043016E-05  0.8647205E-06  0.6823023E-06  0.4898570E-06  0.3864978E-06
  0.2724997E+04  0.2059784E-05  0.1885064E-05  0.1710145E-05  0.1535296E-05  0.1360803E-05  0.1186970E-05  0.1014045E-05  0.8419991E-06  0.6697250E-06  0.4918479E-06  0.3962767E-06
  0.2734997E+04  0.1979380E-05  0.1817634E-05  0.1655229E-05  0.1492276E-05  0.1328871E-05  0.1165068E-05  0.1000797E-05  0.8355975E-06  0.6677663E-06  0.4911025E-06  0.3947409E-06
  0.2744997E+04  0.1385141E-05  0.1278874E-05  0.1173035E-05  0.1067606E-05  0.9624897E-06  0.8574465E-06  0.7519361E-06  0.6447359E-06  0.5327953E-06  0.4067646E-06  0.3307679E-06
  0.2754997E+04  0.1987908E-05  0.1830538E-05  0.1672474E-05  0.1513722E-05  0.1354229E-05  0.1193827E-05  0.1032096E-05  0.8680196E-06  0.6989684E-06  0.5171131E-06  0.4160098E-06
  0.2764997E+04  0.2301735E-05  0.2117800E-05  0.1932470E-05  0.1745771E-05  0.1557698E-05  0.1368175E-05  0.1176949E-05  0.9832826E-06  0.7849800E-06  0.5748769E-06  0.4604589E-06
  0.2774997E+04  0.2281695E-05  0.2096915E-05  0.1911652E-05  0.1726086E-05  0.1540386E-05  0.1354678E-05  0.1168925E-05  0.9826070E-06  0.7937401E-06  0.5951548E-06  0.4864885E-06
  0.2784997E+04  0.1506658E-05  0.1399653E-05  0.1293554E-05  0.1188254E-05  0.1083540E-05  0.9790154E-06  0.8739246E-06  0.7667177E-06  0.6536109E-06  0.5221568E-06  0.4374841E-06
  0.2794997E+04  0.5620131E-06  0.5388743E-06  0.5146274E-06  0.4889114E-06  0.4611900E-06  0.4306240E-06  0.3958041E-06  0.3541257E-06  0.3000622E-06  0.2194479E-06  0.1600903E-06
  0.2804997E+04  0.8669282E-06  0.8187940E-06  0.7702430E-06  0.7209520E-06  0.6704335E-06  0.6179156E-06  0.5620875E-06  0.5004763E-06  0.4276237E-06  0.3284748E-06  0.2578454E-06
  0.2814997E+04  0.2526034E-05  0.2319912E-05  0.2114575E-05  0.1910296E-05  0.1707327E-05  0.1505843E-05  0.1305792E-05  0.1106518E-05  0.9056022E-06  0.6938861E-06  0.5751881E-06
  0.2824997E+04  0.3406972E-05  0.3122401E-05  0.2835591E-05  0.2546922E-05  0.2256863E-05  0.1965996E-05  0.1674970E-05  0.1384285E-05  0.1093553E-05  0.7989729E-06  0.6481729E-06
  0.2834997E+04  0.3127324E-05  0.2872923E-05  0.2616170E-05  0.2357275E-05  0.2096498E-05  0.1834160E-05  0.1570606E-05  0.1305987E-05  0.1039410E-05  0.7655338E-06  0.6218539E-06
  0.2844997E+04  0.2057376E-05  0.1891994E-05  0.1728297E-05  0.1566628E-05  0.1407317E-05  0.1250612E-05  0.1096507E-05  0.9442628E-06  0.7908935E-06  0.6247141E-06  0.5253459E-06
  0.2854997E+04  0.1307257E-05  0.1218326E-05  0.1130308E-05  0.1043167E-05  0.9567333E-06  0.8705821E-06  0.7837594E-06  0.6941259E-06  0.5964403E-06  0.4749169E-06  0.3917857E-06
  0.2864997E+04  0.3000438E-05  0.2754925E-05  0.2508010E-05  0.2260045E-05  0.2011461E-05  0.1762773E-05  0.1514520E-05  0.1267009E-05  0.1019383E-05  0.7658032E-06  0.6314210E-06
  0.2874997E+04  0.3718392E-05  0.3428443E-05  0.3133452E-05  0.2833298E-05  0.2527854E-05  0.2216995E-05  0.1900555E-05  0.1578124E-05  0.1248316E-05  0.9064373E-06  0.7299554E-06
  0.2884997E+04  0.3235303E-05  0.2990906E-05  0.2742972E-05  0.2491346E-05  0.2235809E-05  0.1976031E-05  0.1711430E-05  0.1440763E-05  0.1160859E-05  0.8620593E-06  0.6996752E-06
  0.2894997E+04  0.4077333E-05  0.3772980E-05  0.3461815E-05  0.3143389E-05  0.2817154E-05  0.2482432E-05  0.2138306E-05  0.1783281E-05  0.1414209E-05  0.1022904E-05  0.8164059E-06
  0.2904997E+04  0.4873284E-05  0.4509336E-05  0.4136365E-05  0.3753712E-05  0.3360564E-05  0.2955929E-05  0.2538521E-05  0.2106441E-05  0.1656193E-05  0.1180154E-05  0.9325104E-06
  0.2914997E+04  0.4746929E-05  0.4391398E-05  0.4027116E-05  0.3653457E-05  0.3269659E-05  0.2874795E-05  0.2467675E-05  0.2046526E-05  0.1608017E-05  0.1144716E-05  0.9036810E-06
  0.2924997E+04  0.4246765E-05  0.3936357E-05  0.3618637E-05  0.3292985E-05  0.2958598E-05  0.2614416E-05  0.2258917E-05  0.1889602E-05  0.1501495E-05  0.1082570E-05  0.8570867E-06
  0.2934997E+04  0.4851004E-05  0.4502077E-05  0.4143379E-05  0.3773969E-05  0.3392660E-05  0.2997935E-05  0.2587756E-05  0.2159074E-05  0.1706470E-05  0.1218502E-05  0.9591924E-06
  0.2944997E+04  0.4207132E-05  0.3893640E-05  0.3573682E-05  0.3246811E-05  0.2912463E-05  0.2569907E-05  0.2218110E-05  0.1855347E-05  0.1477969E-05  0.1076160E-05  0.8616034E-06
  0.2954997E+04  0.5144014E-05  0.4772245E-05  0.4389825E-05  0.3995742E-05  0.3588726E-05  0.3167173E-05  0.2728966E-05  0.2271038E-05  0.1788169E-05  0.1270101E-05  0.9975188E-06
  0.2964997E+04  0.4653861E-05  0.4307064E-05  0.3952393E-05  0.3589290E-05  0.3217073E-05  0.2834900E-05  0.2441658E-05  0.2035612E-05  0.1613248E-05  0.1165342E-05  0.9284726E-06
  0.2974997E+04  0.5270782E-05  0.4888135E-05  0.4494822E-05  0.4089889E-05  0.3672148E-05  0.3240117E-05  0.2791855E-05  0.2324556E-05  0.1833412E-05  0.1308815E-05  0.1033768E-05
  0.2984997E+04  0.4529774E-05  0.4197951E-05  0.3858581E-05  0.3511065E-05  0.3154635E-05  0.2788277E-05  0.2410547E-05  0.2019075E-05  0.1609167E-05  0.1169528E-05  0.9344921E-06
  0.2994997E+04  0.5541587E-05  0.5144299E-05  0.4735470E-05  0.4313967E-05  0.3878385E-05  0.3426965E-05  0.2957410E-05  0.2466429E-05  0.1948516E-05  0.1392924E-05  0.1100512E-05
