  0.1804997E+04  0.3295810E-07  0.2803598E-07  0.2373971E-07  0.2004944E-07  0.1692566E-07  0.1431166E-07  0.1213783E-07  0.1032825E-07  0.8812479E-08  0.7570483E-08  0.7122878E-08
  0.1814997E+04  0.3846473E-07  0.3284619E-07  0.2790291E-07  0.2361328E-07  0.1993775E-07  0.1682037E-07  0.1419158E-07  0.1197254E-07  0.1008331E-07  0.8477397E-08  0.7838645E-08
  0.1824997E+04  0.3494873E-07  0.3008818E-07  0.2581690E-07  0.2210853E-07  0.1892275E-07  0.1620757E-07  0.1390273E-07  0.1194439E-07  0.1027271E-07  0.8866329E-08  0.8328294E-08
  0.1834997E+04  0.4025579E-07  0.3468243E-07  0.2973459E-07  0.2539683E-07  0.2163884E-07  0.1841603E-07  0.1567098E-07  0.1333654E-07  0.1134340E-07  0.9657733E-08  0.8996003E-08
  0.1844997E+04  0.2162137E-07  0.1963754E-07  0.1785189E-07  0.1624804E-07  0.1480781E-07  0.1351189E-07  0.1234061E-07  0.1127540E-07  0.1030505E-07  0.9472679E-08  0.9199189E-08
  0.1854997E+04  0.3850901E-07  0.3331047E-07  0.2873424E-07  0.2476259E-07  0.2135938E-07  0.1847179E-07  0.1603359E-07  0.1397114E-07  0.1221551E-07  0.1074928E-07  0.1019924E-07
  0.1864997E+04  0.4821812E-07  0.4143289E-07  0.3552413E-07  0.3044428E-07  0.2612218E-07  0.2246792E-07  0.1937927E-07  0.1674952E-07  0.1447743E-07  0.1250209E-07  0.1168789E-07
  0.1874997E+04  0.3569447E-07  0.3188728E-07  0.2852093E-07  0.2555092E-07  0.2292850E-07  0.2060305E-07  0.1852426E-07  0.1664374E-07  0.1491872E-07  0.1335630E-07  0.1273475E-07
  0.1884997E+04  0.5242011E-07  0.4525487E-07  0.3897288E-07  0.3353579E-07  0.2888115E-07  0.2492592E-07  0.2157173E-07  0.1871214E-07  0.1624396E-07  0.1411042E-07  0.1324236E-07
  0.1894997E+04  0.7580991E-07  0.6412435E-07  0.5382186E-07  0.4490932E-07  0.3734334E-07  0.3103016E-07  0.2582981E-07  0.2156569E-07  0.1804450E-07  0.1511039E-07  0.1390472E-07
  0.1904997E+04  0.6446628E-07  0.5525760E-07  0.4716692E-07  0.4016517E-07  0.3418827E-07  0.2914019E-07  0.2489874E-07  0.2132537E-07  0.1828116E-07  0.1567121E-07  0.1459020E-07
  0.1914997E+04  0.7080174E-07  0.6042940E-07  0.5136818E-07  0.4357396E-07  0.3696156E-07  0.3140932E-07  0.2676706E-07  0.2286800E-07  0.1954632E-07  0.1668490E-07  0.1549326E-07
  0.1924997E+04  0.5652142E-07  0.4932919E-07  0.4299547E-07  0.3747282E-07  0.3269452E-07  0.2857760E-07  0.2502703E-07  0.2194168E-07  0.1922611E-07  0.1685742E-07  0.1593096E-07
  0.1934997E+04  0.2120630E-07  0.2034918E-07  0.1955332E-07  0.1881149E-07  0.1811726E-07  0.1746611E-07  0.1685765E-07  0.1630206E-07  0.1584286E-07  0.1566246E-07  0.1585457E-07
  0.1944997E+04  0.7699384E-07  0.6629536E-07  0.5691828E-07  0.4880975E-07  0.4187968E-07  0.3600479E-07  0.3103521E-07  0.2680409E-07  0.2314150E-07  0.1993055E-07  0.1859166E-07
  0.1954997E+04  0.1015182E-06  0.8654644E-07  0.7336275E-07  0.6194274E-07  0.5220270E-07  0.4400160E-07  0.3714738E-07  0.3140884E-07  0.2653570E-07  0.2230901E-07  0.2048732E-07
  0.1964997E+04  0.1229631E-06  0.1043896E-06  0.8798732E-07  0.7375255E-07  0.6160542E-07  0.5139014E-07  0.4288036E-07  0.3579178E-07  0.2980543E-07  0.2461622E-07  0.2233888E-07
  0.1974997E+04  0.1212608E-06  0.1033652E-06  0.8755925E-07  0.7382563E-07  0.6207765E-07  0.5215990E-07  0.4385278E-07  0.3688278E-07  0.3094121E-07  0.2573062E-07  0.2343053E-07
  0.1984997E+04  0.9419478E-07  0.8183563E-07  0.7096990E-07  0.6151697E-07  0.5335722E-07  0.4633819E-07  0.4028325E-07  0.3500142E-07  0.3029459E-07  0.2599413E-07  0.2408365E-07
  0.1994997E+04  0.1464162E-06  0.1262606E-06  0.1080852E-06  0.9193510E-07  0.7779317E-07  0.6557872E-07  0.5514849E-07  0.4630035E-07  0.3878528E-07  0.3236689E-07  0.2964047E-07
  0.2004997E+04  0.1551016E-06  0.1348533E-06  0.1164104E-06  0.9982556E-07  0.8510274E-07  0.7219460E-07  0.6099973E-07  0.5136181E-07  0.4307896E-07  0.3596085E-07  0.3291382E-07
  0.2014997E+04  0.1784548E-06  0.1549044E-06  0.1333560E-06  0.1139009E-06  0.9657688E-07  0.8136320E-07  0.6817464E-07  0.5685542E-07  0.4718205E-07  0.3891961E-07  0.3538681E-07
  0.2024997E+04  0.1239266E-06  0.1092367E-06  0.9586871E-07  0.8383217E-07  0.7310642E-07  0.6363942E-07  0.5534669E-07  0.4811286E-07  0.4180341E-07  0.3633896E-07  0.3406816E-07
  0.2034997E+04  0.2114981E-06  0.1829226E-06  0.1567663E-06  0.1331844E-06  0.1122617E-06  0.9400206E-07  0.7831565E-07  0.6500507E-07  0.5376515E-07  0.4425744E-07  0.4020066E-07
  0.2044997E+04  0.2397083E-06  0.2071318E-06  0.1773333E-06  0.1504808E-06  0.1266619E-06  0.1058714E-06  0.8799553E-07  0.7279524E-07  0.5990171E-07  0.4887681E-07  0.4408097E-07
  0.2054997E+04  0.2224998E-06  0.1928542E-06  0.1658679E-06  0.1416435E-06  0.1202049E-06  0.1014887E-06  0.8533532E-07  0.7148188E-07  0.5956624E-07  0.4918453E-07  0.4461511E-07
  0.2064997E+04  0.1971944E-06  0.1722335E-06  0.1494949E-06  0.1290348E-06  0.1108492E-06  0.9486788E-07  0.8094875E-07  0.6887390E-07  0.5835731E-07  0.4911533E-07  0.4508244E-07
  0.2074997E+04  0.2440051E-06  0.2076781E-06  0.1751994E-06  0.1467302E-06  0.1222900E-06  0.1017335E-06  0.8473290E-07  0.7077622E-07  0.5920440E-07  0.4936560E-07  0.4519550E-07
  0.2084997E+04  0.2077623E-06  0.1788199E-06  0.1529703E-06  0.1302429E-06  0.1105465E-06  0.9366670E-07  0.7927691E-07  0.6696796E-07  0.5630502E-07  0.4695722E-07  0.4291348E-07
  0.2094997E+04  0.3069896E-06  0.2701377E-06  0.2351432E-06  0.2021874E-06  0.1714176E-06  0.1429565E-06  0.1169207E-06  0.9344571E-07  0.7273338E-07  0.5524916E-07  0.4824067E-07
  0.2104997E+04  0.4358715E-06  0.3836637E-06  0.3329452E-06  0.2841524E-06  0.2377403E-06  0.1942008E-06  0.1540996E-06  0.1181231E-06  0.8711658E-07  0.6219935E-07  0.5277206E-07
  0.2114997E+04  0.5770422E-06  0.5086353E-06  0.4415722E-06  0.3764722E-06  0.3139954E-06  0.2548646E-06  0.1999191E-06  0.1501962E-06  0.1070192E-06  0.7218125E-07  0.5901945E-07
  0.2124997E+04  0.4104278E-06  0.3604907E-06  0.3121925E-06  0.2660091E-06  0.2224301E-06  0.1819655E-06  0.1451657E-06  0.1126459E-06  0.8509883E-07  0.6342460E-07  0.5548644E-07
  0.2134997E+04  0.5008191E-06  0.4422690E-06  0.3849893E-06  0.3295245E-06  0.2764469E-06  0.2263702E-06  0.1799856E-06  0.1381188E-06  0.1017939E-06  0.7244673E-07  0.6140872E-07
  0.2144997E+04  0.6742765E-06  0.5955377E-06  0.5180487E-06  0.4425405E-06  0.3697964E-06  0.3006771E-06  0.2361866E-06  0.1775790E-06  0.1264777E-06  0.8511807E-07  0.6950634E-07
  0.2154997E+04  0.6110303E-06  0.5385907E-06  0.4676828E-06  0.3990168E-06  0.3333465E-06  0.2714876E-06  0.2143636E-06  0.1630694E-06  0.1189139E-06  0.8353590E-07  0.7018446E-07
  0.2164997E+04  0.5496403E-06  0.4848445E-06  0.4218223E-06  0.3611375E-06  0.3033824E-06  0.2491920E-06  0.1992713E-06  0.1544254E-06  0.1155766E-06  0.8391526E-07  0.7168602E-07
  0.2174997E+04  0.5383025E-06  0.4764343E-06  0.4160602E-06  0.3577037E-06  0.3019225E-06  0.2493279E-06  0.2006191E-06  0.1566221E-06  0.1183149E-06  0.8699145E-07  0.7489665E-07
  0.2184997E+04  0.7904735E-06  0.6987102E-06  0.6083183E-06  0.5201924E-06  0.4352872E-06  0.3546447E-06  0.2794660E-06  0.2112215E-06  0.1517493E-06  0.1034573E-06  0.8503853E-07
  0.2194997E+04  0.8204313E-06  0.7260754E-06  0.6332260E-06  0.5427285E-06  0.4554806E-06  0.3724588E-06  0.2947894E-06  0.2238642E-06  0.1614776E-06  0.1101570E-06  0.9035548E-07
  0.2204997E+04  0.7204563E-06  0.6398571E-06  0.5606475E-06  0.4834571E-06  0.4089563E-06  0.3378832E-06  0.2711012E-06  0.2096894E-06  0.1550600E-06  0.1093319E-06  0.9141213E-07
  0.2214997E+04  0.5677329E-06  0.5036290E-06  0.4412156E-06  0.3809929E-06  0.3234841E-06  0.2692521E-06  0.2189344E-06  0.1732877E-06  0.1332435E-06  0.1002121E-06  0.8753568E-07
  0.2224997E+04  0.7424180E-06  0.6614862E-06  0.5817833E-06  0.5038940E-06  0.4284421E-06  0.3561212E-06  0.2877558E-06  0.2243928E-06  0.1674248E-06  0.1190407E-06  0.9986164E-07
  0.2234997E+04  0.8827671E-06  0.7836799E-06  0.6862322E-06  0.5911894E-06  0.4993788E-06  0.4117325E-06  0.3293660E-06  0.2536831E-06  0.1864811E-06  0.1302854E-06  0.1081457E-06
  0.2244997E+04  0.7988328E-06  0.7094109E-06  0.6216907E-06  0.5363697E-06  0.4542003E-06  0.3760263E-06  0.3028453E-06  0.2358861E-06  0.1766796E-06  0.1273439E-06  0.1079416E-06
  0.2254997E+04  0.6201528E-06  0.5529843E-06  0.4875812E-06  0.4243663E-06  0.3637804E-06  0.3063015E-06  0.2524754E-06  0.2029576E-06  0.1585863E-06  0.1208025E-06  0.1057838E-06
  0.2264997E+04  0.6543152E-06  0.5841183E-06  0.5157060E-06  0.4494989E-06  0.3859468E-06  0.3255487E-06  0.2688774E-06  0.2166000E-06  0.1695174E-06  0.1289698E-06  0.1125467E-06
  0.2274997E+04  0.6290300E-06  0.5617583E-06  0.4963041E-06  0.4330940E-06  0.3725772E-06  0.3152439E-06  0.2616513E-06  0.2124509E-06  0.1684293E-06  0.1308616E-06  0.1157634E-06
  0.2284997E+04  0.9162672E-06  0.8191162E-06  0.7233041E-06  0.6294587E-06  0.5382620E-06  0.4504922E-06  0.3670990E-06  0.2893077E-06  0.2187583E-06  0.1580286E-06  0.1334869E-06
  0.2294997E+04  0.7210335E-06  0.6457579E-06  0.5720737E-06  0.5004181E-06  0.4312661E-06  0.3651591E-06  0.3027452E-06  0.2448265E-06  0.1924347E-06  0.1472765E-06  0.1290026E-06
  0.2304997E+04  0.1005323E-05  0.9007000E-06  0.7971944E-06  0.6954597E-06  0.5962139E-06  0.5002879E-06  0.4087097E-06  0.3228191E-06  0.2444179E-06  0.1763317E-06  0.1484958E-06
  0.2314997E+04  0.7294260E-06  0.6517651E-06  0.5761714E-06  0.5031246E-06  0.4331377E-06  0.3667786E-06  0.3046991E-06  0.2476635E-06  0.1965970E-06  0.1530064E-06  0.1355395E-06
  0.2324997E+04  0.8267907E-06  0.7393575E-06  0.6539202E-06  0.5710124E-06  0.4912110E-06  0.4151636E-06  0.3436272E-06  0.2775102E-06  0.2179408E-06  0.1667526E-06  0.1460627E-06
  0.2334997E+04  0.6058286E-06  0.5449256E-06  0.4859619E-06  0.4292177E-06  0.3749822E-06  0.3235609E-06  0.2752830E-06  0.2305114E-06  0.1897154E-06  0.1540512E-06  0.1396761E-06
  0.2344997E+04  0.4184214E-06  0.3806117E-06  0.3442993E-06  0.3096029E-06  0.2766379E-06  0.2455180E-06  0.2163601E-06  0.1893046E-06  0.1646134E-06  0.1432222E-06  0.1350279E-06
  0.2354997E+04  0.8429908E-06  0.7589851E-06  0.6764864E-06  0.5959082E-06  0.5177029E-06  0.4423922E-06  0.3706083E-06  0.3031473E-06  0.2410824E-06  0.1864453E-06  0.1640539E-06
  0.2364997E+04  0.4962229E-06  0.4506544E-06  0.4067396E-06  0.3646288E-06  0.3244696E-06  0.2864091E-06  0.2505958E-06  0.2171972E-06  0.1864961E-06  0.1594962E-06  0.1488294E-06
  0.2374997E+04  0.6888029E-06  0.6221250E-06  0.5572477E-06  0.4944527E-06  0.4340413E-06  0.3763468E-06  0.3217496E-06  0.2706960E-06  0.2237674E-06  0.1822756E-06  0.1653219E-06
  0.2384997E+04  0.3639244E-06  0.3354663E-06  0.3081909E-06  0.2821573E-06  0.2574214E-06  0.2340388E-06  0.2120704E-06  0.1916093E-06  0.1728987E-06  0.1570159E-06  0.1515769E-06
  0.2394997E+04  0.4997674E-06  0.4562534E-06  0.4141677E-06  0.3736532E-06  0.3348570E-06  0.2979372E-06  0.2630741E-06  0.2304986E-06  0.2006106E-06  0.1746785E-06  0.1648350E-06
  0.2404997E+04  0.5221551E-06  0.4759674E-06  0.4315440E-06  0.3890155E-06  0.3485068E-06  0.3101366E-06  0.2740193E-06  0.2402834E-06  0.2091812E-06  0.1817745E-06  0.1710598E-06
  0.2414997E+04  0.5984481E-06  0.5461302E-06  0.4952184E-06  0.4458927E-06  0.3983492E-06  0.3528085E-06  0.3095268E-06  0.2688179E-06  0.2311560E-06  0.1978603E-06  0.1845501E-06
  0.2424997E+04  0.1000557E-05  0.9060064E-06  0.8128114E-06  0.7213710E-06  0.6321339E-06  0.5456337E-06  0.4625378E-06  0.3837089E-06  0.3103341E-06  0.2446767E-06  0.2171958E-06
  0.2434997E+04  0.9325694E-06  0.8469440E-06  0.7626311E-06  0.6799611E-06  0.5993068E-06  0.5211081E-06  0.4459036E-06  0.3743710E-06  0.3074354E-06  0.2469885E-06  0.2214183E-06
  0.2444997E+04  0.1198817E-05  0.1085303E-05  0.9730542E-06  0.8625568E-06  0.7543679E-06  0.6491588E-06  0.5477697E-06  0.4512728E-06  0.3610910E-06  0.2797735E-06  0.2451781E-06
  0.2454997E+04  0.1267347E-05  0.1146866E-05  0.1027598E-05  0.9100937E-06  0.7949865E-06  0.6830415E-06  0.5752238E-06  0.4727777E-06  0.3773587E-06  0.2918267E-06  0.2556565E-06
  0.2464997E+04  0.1043426E-05  0.9462150E-06  0.8508387E-06  0.7576720E-06  0.6671328E-06  0.5797046E-06  0.4959604E-06  0.4165878E-06  0.3424689E-06  0.2753866E-06  0.2467871E-06
  0.2474997E+04  0.9350952E-06  0.8509430E-06  0.7682774E-06  0.6874341E-06  0.6087939E-06  0.5328060E-06  0.4600172E-06  0.3911120E-06  0.3270294E-06  0.2697113E-06  0.2458188E-06
  0.2484997E+04  0.6103668E-06  0.5582825E-06  0.5083107E-06  0.4606645E-06  0.4155667E-06  0.3732499E-06  0.3339547E-06  0.2979354E-06  0.2655419E-06  0.2378858E-06  0.2274464E-06
  0.2494997E+04  0.8977063E-06  0.8198136E-06  0.7433064E-06  0.6684851E-06  0.5956946E-06  0.5253442E-06  0.4579310E-06  0.3940772E-06  0.3346584E-06  0.2816450E-06  0.2597797E-06
  0.2504997E+04  0.1256849E-05  0.1139451E-05  0.1023855E-05  0.9105927E-06  0.8002722E-06  0.6936159E-06  0.5914970E-06  0.4949745E-06  0.4053753E-06  0.3250642E-06  0.2910596E-06
  0.2514997E+04  0.4079994E-06  0.3831182E-06  0.3597974E-06  0.3380095E-06  0.3177050E-06  0.2988156E-06  0.2812667E-06  0.2650202E-06  0.2502579E-06  0.2384842E-06  0.2358259E-06
  0.2524997E+04  0.3058945E-06  0.2986567E-06  0.2913996E-06  0.2840960E-06  0.2767163E-06  0.2692309E-06  0.2616213E-06  0.2539202E-06  0.2463815E-06  0.2403988E-06  0.2396879E-06
  0.2534997E+04  0.4577906E-06  0.4378641E-06  0.4177971E-06  0.3975514E-06  0.3770806E-06  0.3563292E-06  0.3352321E-06  0.3137275E-06  0.2918403E-06  0.2703095E-06  0.2610956E-06
  0.2544997E+04  0.6139912E-06  0.5786382E-06  0.5431425E-06  0.5074924E-06  0.4716751E-06  0.4356778E-06  0.3994924E-06  0.3631398E-06  0.3267946E-06  0.2916098E-06  0.2763342E-06
  0.2554997E+04  0.1143049E-05  0.1059037E-05  0.9741155E-06  0.8882526E-06  0.8014229E-06  0.7136122E-06  0.6248341E-06  0.5351775E-06  0.4450170E-06  0.3564106E-06  0.3163779E-06
  0.2564997E+04  0.1014934E-05  0.9382132E-06  0.8615149E-06  0.7849183E-06  0.7085216E-06  0.6324576E-06  0.5569204E-06  0.4822321E-06  0.4090797E-06  0.3398792E-06  0.3102036E-06
  0.2574997E+04  0.1349645E-05  0.1238801E-05  0.1128035E-05  0.1017484E-05  0.9072995E-06  0.7976800E-06  0.6889139E-06  0.5814788E-06  0.4763529E-06  0.3767707E-06  0.3337173E-06
  0.2584997E+04  0.1366853E-05  0.1252117E-05  0.1137842E-05  0.1024246E-05  0.9115677E-06  0.8001014E-06  0.6902364E-06  0.5825533E-06  0.4781369E-06  0.3804205E-06  0.3389634E-06
  0.2594997E+04  0.1025888E-05  0.9434921E-06  0.8624098E-06  0.7828131E-06  0.7048911E-06  0.6288615E-06  0.5549924E-06  0.4836638E-06  0.4156233E-06  0.3535132E-06  0.3283838E-06
  0.2604997E+04  0.1277790E-05  0.1169877E-05  0.1063106E-05  0.9577463E-06  0.8541096E-06  0.7525705E-06  0.6535998E-06  0.5578401E-06  0.4664014E-06  0.3827059E-06  0.3484142E-06
  0.2614997E+04  0.1000236E-05  0.9229785E-06  0.8467984E-06  0.7718703E-06  0.6983948E-06  0.6266128E-06  0.5568324E-06  0.4895005E-06  0.4254915E-06  0.3677730E-06  0.3451318E-06
  0.2624997E+04  0.1324891E-05  0.1212927E-05  0.1102456E-05  0.9937634E-06  0.8871670E-06  0.7830356E-06  0.6818114E-06  0.5840718E-06  0.4908004E-06  0.4051519E-06  0.3697083E-06
  0.2634997E+04  0.2096500E-05  0.1922435E-05  0.1746687E-05  0.1569450E-05  0.1390952E-05  0.1211511E-05  0.1031632E-05  0.8521838E-06  0.6748752E-06  0.5048732E-06  0.4300595E-06
  0.2644997E+04  0.2549561E-05  0.2336975E-05  0.2121775E-05  0.1904076E-05  0.1684013E-05  0.1461806E-05  0.1237876E-05  0.1013044E-05  0.7890647E-06  0.5714947E-06  0.4735434E-06
  0.2654997E+04  0.3087666E-05  0.2834888E-05  0.2577645E-05  0.2315885E-05  0.2049487E-05  0.1778314E-05  0.1502308E-05  0.1221686E-05  0.9374504E-06  0.6545516E-06  0.5234201E-06
  0.2664997E+04  0.2180629E-05  0.2003228E-05  0.1824193E-05  0.1643636E-05  0.1461703E-05  0.1278617E-05  0.1094744E-05  0.9107323E-06  0.7279181E-06  0.5508757E-06  0.4717657E-06
  0.2674997E+04  0.2472936E-05  0.2266834E-05  0.2059064E-05  0.1849809E-05  0.1639281E-05  0.1427770E-05  0.1215727E-05  0.1003897E-05  0.7937335E-06  0.5900133E-06  0.4984579E-06
  0.2684997E+04  0.2858159E-05  0.2625379E-05  0.2389235E-05  0.2149730E-05  0.1906841E-05  0.1660572E-05  0.1411030E-05  0.1158586E-05  0.9043649E-06  0.6534123E-06  0.5386100E-06
  0.2694997E+04  0.2433735E-05  0.2239625E-05  0.2043172E-05  0.1844407E-05  0.1643356E-05  0.1440085E-05  0.1234766E-05  0.1027812E-05  0.8203010E-06  0.6166965E-06  0.5242950E-06
  0.2704997E+04  0.2511846E-05  0.2310510E-05  0.2106676E-05  0.1900434E-05  0.1691891E-05  0.1481227E-05  0.1268774E-05  0.1055169E-05  0.8417965E-06  0.6334438E-06  0.5390367E-06
  0.2714997E+04  0.2096637E-05  0.1930002E-05  0.1762493E-05  0.1594263E-05  0.1425491E-05  0.1256424E-05  0.1087431E-05  0.9191211E-06  0.7527006E-06  0.5923626E-06  0.5212486E-06
  0.2724997E+04  0.2075357E-05  0.1903090E-05  0.1731016E-05  0.1559529E-05  0.1389110E-05  0.1220380E-05  0.1054167E-05  0.8916252E-06  0.7346079E-06  0.5878453E-06  0.5244833E-06
  0.2734997E+04  0.2004448E-05  0.1845195E-05  0.1685680E-05  0.1526148E-05  0.1366897E-05  0.1208325E-05  0.1050976E-05  0.8956574E-06  0.7438089E-06  0.5998648E-06  0.5372925E-06
  0.2744997E+04  0.1425697E-05  0.1322332E-05  0.1219865E-05  0.1118435E-05  0.1018196E-05  0.9193192E-06  0.8220165E-06  0.7266040E-06  0.6338195E-06  0.5468108E-06  0.5103622E-06
  0.2754997E+04  0.2006730E-05  0.1851968E-05  0.1696953E-05  0.1541839E-05  0.1386804E-05  0.1232064E-05  0.1077890E-05  0.9246795E-06  0.7732744E-06  0.6273655E-06  0.5629528E-06
  0.2764997E+04  0.2307971E-05  0.2126378E-05  0.1943785E-05  0.1760359E-05  0.1576308E-05  0.1391914E-05  0.1207590E-05  0.1023972E-05  0.8423511E-06  0.6676542E-06  0.5909503E-06
  0.2774997E+04  0.2287068E-05  0.2104331E-05  0.1921459E-05  0.1738753E-05  0.1556573E-05  0.1375367E-05  0.1195696E-05  0.1018300E-05  0.8444244E-06  0.6782712E-06  0.6049150E-06
  0.2784997E+04  0.1504490E-05  0.1399664E-05  0.1296126E-05  0.1193908E-05  0.1093020E-05  0.9934392E-06  0.8951122E-06  0.7979823E-06  0.7021664E-06  0.6095630E-06  0.5693063E-06
  0.2794997E+04  0.6632582E-06  0.6468127E-06  0.6303755E-06  0.6139488E-06  0.5975497E-06  0.5812312E-06  0.5651347E-06  0.5496438E-06  0.5359139E-06  0.5281661E-06  0.5303946E-06
  0.2804997E+04  0.9250841E-06  0.8823680E-06  0.8401753E-06  0.7984981E-06  0.7573322E-06  0.7166927E-06  0.6766534E-06  0.6374604E-06  0.5999443E-06  0.5677314E-06  0.5582402E-06
  0.2814997E+04  0.2498878E-05  0.2294485E-05  0.2091195E-05  0.1889393E-05  0.1689517E-05  0.1492054E-05  0.1297554E-05  0.1106667E-05  0.9204819E-06  0.7430925E-06  0.6649262E-06
  0.2824997E+04  0.3394651E-05  0.3111962E-05  0.2827376E-05  0.2541388E-05  0.2254647E-05  0.1968029E-05  0.1682731E-05  0.1400397E-05  0.1123559E-05  0.8588434E-06  0.7408538E-06
  0.2834997E+04  0.3123126E-05  0.2870933E-05  0.2616786E-05  0.2361029E-05  0.2104135E-05  0.1846785E-05  0.1589982E-05  0.1335247E-05  0.1085183E-05  0.8466469E-06  0.7410056E-06
  0.2844997E+04  0.2079526E-05  0.1917216E-05  0.1757063E-05  0.1599563E-05  0.1445284E-05  0.1294875E-05  0.1149066E-05  0.1008665E-05  0.8746304E-06  0.7491473E-06  0.6934495E-06
  0.2854997E+04  0.1372980E-05  0.1288600E-05  0.1205903E-05  0.1125105E-05  0.1046434E-05  0.9701092E-06  0.8963302E-06  0.8252662E-06  0.7571924E-06  0.6938266E-06  0.6672644E-06
  0.2864997E+04  0.3022749E-05  0.2780222E-05  0.2536758E-05  0.2292855E-05  0.2049171E-05  0.1806591E-05  0.1566321E-05  0.1330036E-05  0.1100307E-05  0.8831781E-06  0.7870180E-06
  0.2874997E+04  0.3725182E-05  0.3438098E-05  0.3146435E-05  0.2850220E-05  0.2549553E-05  0.2244676E-05  0.1936087E-05  0.1624719E-05  0.1312520E-05  0.1006128E-05  0.8662374E-06
  0.2884997E+04  0.3239692E-05  0.2998221E-05  0.2753747E-05  0.2506293E-05  0.2255917E-05  0.2002750E-05  0.1747039E-05  0.1489239E-05  0.1230375E-05  0.9749489E-06  0.8575324E-06
  0.2894997E+04  0.4066265E-05  0.3764616E-05  0.3456649E-05  0.3142080E-05  0.2820618E-05  0.2492004E-05  0.2156077E-05  0.1812883E-05  0.1463079E-05  0.1111442E-05  0.9463037E-06
  0.2904997E+04  0.4855041E-05  0.4493026E-05  0.4122357E-05  0.3742501E-05  0.3352846E-05  0.2952728E-05  0.2541470E-05  0.2118431E-05  0.1683309E-05  0.1239832E-05  0.1027895E-05
  0.2914997E+04  0.4734175E-05  0.4380893E-05  0.4019279E-05  0.3648850E-05  0.3269067E-05  0.2879378E-05  0.2479275E-05  0.2068400E-05  0.1646999E-05  0.1220132E-05  0.1018368E-05
  0.2924997E+04  0.4243446E-05  0.3935573E-05  0.3620866E-05  0.3298872E-05  0.2969055E-05  0.2630800E-05  0.2283404E-05  0.1926070E-05  0.1558097E-05  0.1182155E-05  0.1002520E-05
  0.2934997E+04  0.4848349E-05  0.4501315E-05  0.4144881E-05  0.3778240E-05  0.3400413E-05  0.3010241E-05  0.2606340E-05  0.2187037E-05  0.1750457E-05  0.1297896E-05  0.1078011E-05
  0.2944997E+04  0.4219440E-05  0.3908434E-05  0.3591395E-05  0.3268023E-05  0.2937986E-05  0.2600939E-05  0.2256571E-05  0.1904682E-05  0.1545593E-05  0.1183973E-05  0.1014458E-05
  0.2954997E+04  0.5140458E-05  0.4770826E-05  0.4390967E-05  0.4000012E-05  0.3596918E-05  0.3180452E-05  0.2749178E-05  0.2301436E-05  0.1835597E-05  0.1354248E-05  0.1122073E-05
  0.2964997E+04  0.4658908E-05  0.4314654E-05  0.3962978E-05  0.3603483E-05  0.3235739E-05  0.2859329E-05  0.2473927E-05  0.2079454E-05  0.1676648E-05  0.1271429E-05  0.1081494E-05
  0.2974997E+04  0.5279720E-05  0.4899178E-05  0.4508367E-05  0.4106467E-05  0.3692504E-05  0.3265348E-05  0.2823706E-05  0.2366127E-05  0.1891305E-05  0.1402341E-05  0.1166995E-05
  0.2984997E+04  0.4550705E-05  0.4221768E-05  0.3885807E-05  0.3542407E-05  0.3191080E-05  0.2831284E-05  0.2462432E-05  0.2083930E-05  0.1695563E-05  0.1301613E-05  0.1115554E-05
  0.2994997E+04  0.5542340E-05  0.5146981E-05  0.4740478E-05  0.4321845E-05  0.3889901E-05  0.3443266E-05  0.2980339E-05  0.2499293E-05  0.1998371E-05  0.1480398E-05  0.1230195E-05
