  0.1804997E+04  0.2782738E-07  0.2311428E-07  0.1933288E-07  0.1637809E-07  0.1412153E-07  0.1241302E-07  0.1108424E-07  0.9955759E-08  0.8851393E-08  0.7610726E-08  0.6892403E-08
  0.1814997E+04  0.3056886E-07  0.2557597E-07  0.2154099E-07  0.1835699E-07  0.1589376E-07  0.1399801E-07  0.1249502E-07  0.1119385E-07  0.9902941E-08  0.8444682E-08  0.7597066E-08
  0.1824997E+04  0.2729321E-07  0.2322791E-07  0.1995710E-07  0.1737738E-07  0.1536786E-07  0.1379146E-07  0.1249745E-07  0.1132776E-07  0.1013121E-07  0.8766032E-08  0.7973842E-08
  0.1834997E+04  0.3231515E-07  0.2737495E-07  0.2332525E-07  0.2007871E-07  0.1752483E-07  0.1552773E-07  0.1392465E-07  0.1252803E-07  0.1114006E-07  0.9570808E-08  0.8660647E-08
  0.1844997E+04  0.1728979E-07  0.1615395E-07  0.1517486E-07  0.1431537E-07  0.1353667E-07  0.1279858E-07  0.1206014E-07  0.1127971E-07  0.1040962E-07  0.9366755E-08  0.8736406E-08
  0.1854997E+04  0.3162281E-07  0.2696482E-07  0.2318829E-07  0.2019718E-07  0.1787095E-07  0.1606475E-07  0.1461129E-07  0.1332713E-07  0.1202930E-07  0.1054679E-07  0.9682063E-08
  0.1864997E+04  0.3666608E-07  0.3093573E-07  0.2639463E-07  0.2287527E-07  0.2018422E-07  0.1810716E-07  0.1641749E-07  0.1489147E-07  0.1333113E-07  0.1155947E-07  0.1053349E-07
  0.1874997E+04  0.2510469E-07  0.2281631E-07  0.2095598E-07  0.1942309E-07  0.1811663E-07  0.1693897E-07  0.1580068E-07  0.1462489E-07  0.1334039E-07  0.1183383E-07  0.1093573E-07
  0.1884997E+04  0.4050583E-07  0.3436355E-07  0.2943620E-07  0.2557093E-07  0.2258578E-07  0.2027213E-07  0.1840024E-07  0.1673153E-07  0.1504118E-07  0.1311967E-07  0.1200235E-07
  0.1894997E+04  0.6484643E-07  0.5291071E-07  0.4316677E-07  0.3546291E-07  0.2957849E-07  0.2521747E-07  0.2200523E-07  0.1949403E-07  0.1719916E-07  0.1469075E-07  0.1325939E-07
  0.1904997E+04  0.5414422E-07  0.4519063E-07  0.3794231E-07  0.3223689E-07  0.2786115E-07  0.2454940E-07  0.2198536E-07  0.1981405E-07  0.1768134E-07  0.1528319E-07  0.1390189E-07
  0.1914997E+04  0.6096819E-07  0.5052806E-07  0.4211995E-07  0.3554230E-07  0.3053432E-07  0.2677572E-07  0.2389118E-07  0.2146677E-07  0.1909834E-07  0.1644838E-07  0.1492701E-07
  0.1924997E+04  0.4616871E-07  0.4018684E-07  0.3533066E-07  0.3144576E-07  0.2835123E-07  0.2584169E-07  0.2369241E-07  0.2167081E-07  0.1955513E-07  0.1711216E-07  0.1567261E-07
  0.1934997E+04  0.2164872E-07  0.2105855E-07  0.2048052E-07  0.1990166E-07  0.1930887E-07  0.1868822E-07  0.1802319E-07  0.1729019E-07  0.1644703E-07  0.1540347E-07  0.1477134E-07
  0.1944997E+04  0.6108157E-07  0.5195701E-07  0.4461332E-07  0.3883509E-07  0.3435813E-07  0.3087233E-07  0.2803062E-07  0.2547053E-07  0.2285442E-07  0.1987041E-07  0.1812838E-07
  0.1954997E+04  0.8366907E-07  0.6926777E-07  0.5756912E-07  0.4834485E-07  0.4128150E-07  0.3597476E-07  0.3192982E-07  0.2857822E-07  0.2534211E-07  0.2172848E-07  0.1964988E-07
  0.1964997E+04  0.1035791E-06  0.8481017E-07  0.6947419E-07  0.5733530E-07  0.4804492E-07  0.4112862E-07  0.3597821E-07  0.3186289E-07  0.2800707E-07  0.2375077E-07  0.2131668E-07
  0.1974997E+04  0.1006918E-06  0.8320482E-07  0.6891954E-07  0.5759314E-07  0.4887980E-07  0.4232021E-07  0.3733677E-07  0.3324787E-07  0.2934104E-07  0.2499979E-07  0.2250798E-07
  0.1984997E+04  0.7293035E-07  0.6295240E-07  0.5491443E-07  0.4855074E-07  0.4354478E-07  0.3953492E-07  0.3612742E-07  0.3292369E-07  0.2956061E-07  0.2567549E-07  0.2338833E-07
  0.1994997E+04  0.1019831E-06  0.8528379E-07  0.7152392E-07  0.6049738E-07  0.5190474E-07  0.4534132E-07  0.4028751E-07  0.3611070E-07  0.3211401E-07  0.2764849E-07  0.2507142E-07
  0.2004997E+04  0.1034699E-06  0.8739210E-07  0.7397780E-07  0.6306632E-07  0.5441768E-07  0.4769612E-07  0.4244941E-07  0.3808988E-07  0.3391928E-07  0.2924587E-07  0.2654029E-07
  0.2014997E+04  0.1221356E-06  0.1023156E-06  0.8565661E-07  0.7202846E-07  0.6120585E-07  0.5284246E-07  0.4643677E-07  0.4129531E-07  0.3654736E-07  0.3131897E-07  0.2832169E-07
  0.2024997E+04  0.8175722E-07  0.7155048E-07  0.6304582E-07  0.5608868E-07  0.5047327E-07  0.4593383E-07  0.4213617E-07  0.3867859E-07  0.3512225E-07  0.3101318E-07  0.2859912E-07
  0.2034997E+04  0.1464431E-06  0.1216845E-06  0.1008483E-06  0.8382295E-07  0.7037091E-07  0.6009249E-07  0.5238071E-07  0.4637499E-07  0.4097921E-07  0.3510262E-07  0.3174489E-07
  0.2044997E+04  0.1642926E-06  0.1362031E-06  0.1125876E-06  0.9331324E-07  0.7810289E-07  0.6649216E-07  0.5777747E-07  0.5096603E-07  0.4481148E-07  0.3810087E-07  0.3426982E-07
  0.2054997E+04  0.1512575E-06  0.1266859E-06  0.1061808E-06  0.8954280E-07  0.7643790E-07  0.6636605E-07  0.5862753E-07  0.5230170E-07  0.4631241E-07  0.3964906E-07  0.3581743E-07
  0.2064997E+04  0.1343580E-06  0.1144489E-06  0.9781628E-07  0.8426272E-07  0.7348292E-07  0.6504050E-07  0.5834301E-07  0.5263057E-07  0.4703370E-07  0.4071443E-07  0.3705481E-07
  0.2074997E+04  0.1704893E-06  0.1407045E-06  0.1163840E-06  0.9718841E-07  0.8256416E-07  0.7171330E-07  0.6359081E-07  0.5697134E-07  0.5064834E-07  0.4365043E-07  0.3963936E-07
  0.2084997E+04  0.1591051E-06  0.1348341E-06  0.1147177E-06  0.9844394E-07  0.8556561E-07  0.7549469E-07  0.6750913E-07  0.6076897E-07  0.5432131E-07  0.4703932E-07  0.4269296E-07
  0.2094997E+04  0.2717167E-06  0.2323293E-06  0.1966100E-06  0.1646781E-06  0.1366268E-06  0.1125176E-06  0.9236822E-07  0.7610353E-07  0.6331196E-07  0.5232156E-07  0.4645657E-07
  0.2104997E+04  0.4128684E-06  0.3528543E-06  0.2967550E-06  0.2450305E-06  0.1982027E-06  0.1568593E-06  0.1216404E-06  0.9317819E-07  0.7187450E-07  0.5661831E-07  0.4966526E-07
  0.2114997E+04  0.5660357E-06  0.4842730E-06  0.4069668E-06  0.3348057E-06  0.2686030E-06  0.2093222E-06  0.1580868E-06  0.1161368E-06  0.8462307E-07  0.6321470E-07  0.5442833E-07
  0.2124997E+04  0.3732468E-06  0.3185026E-06  0.2677497E-06  0.2214381E-06  0.1800570E-06  0.1441200E-06  0.1141173E-06  0.9038897E-07  0.7279079E-07  0.5956399E-07  0.5317012E-07
  0.2134997E+04  0.4840979E-06  0.4154588E-06  0.3507424E-06  0.2905290E-06  0.2354903E-06  0.1863998E-06  0.1441208E-06  0.1095372E-06  0.8334588E-07  0.6494648E-07  0.5709825E-07
  0.2144997E+04  0.6686892E-06  0.5735772E-06  0.4831468E-06  0.3982246E-06  0.3198076E-06  0.2491063E-06  0.1875763E-06  0.1368941E-06  0.9876459E-07  0.7330892E-07  0.6315113E-07
  0.2154997E+04  0.5941715E-06  0.5083052E-06  0.4272423E-06  0.3517709E-06  0.2828126E-06  0.2214408E-06  0.1688720E-06  0.1263791E-06  0.9496115E-07  0.7352826E-07  0.6431099E-07
  0.2164997E+04  0.5149605E-06  0.4412853E-06  0.3722685E-06  0.3085415E-06  0.2508142E-06  0.1998719E-06  0.1565457E-06  0.1216039E-06  0.9537506E-07  0.7607735E-07  0.6704284E-07
  0.2174997E+04  0.4946770E-06  0.4251445E-06  0.3598665E-06  0.2994551E-06  0.2446109E-06  0.1961227E-06  0.1548335E-06  0.1215231E-06  0.9651639E-07  0.7800398E-07  0.6922798E-07
  0.2184997E+04  0.7842760E-06  0.6729342E-06  0.5669752E-06  0.4674299E-06  0.3755377E-06  0.2927909E-06  0.2209587E-06  0.1620367E-06  0.1179804E-06  0.8860779E-07  0.7665668E-07
  0.2194997E+04  0.7729734E-06  0.6636337E-06  0.5599677E-06  0.4629434E-06  0.3737072E-06  0.2936154E-06  0.2242363E-06  0.1672585E-06  0.1241448E-06  0.9425389E-07  0.8171989E-07
  0.2204997E+04  0.6677747E-06  0.5764706E-06  0.4899134E-06  0.4088572E-06  0.3341930E-06  0.2669729E-06  0.2084138E-06  0.1598388E-06  0.1224005E-06  0.9534734E-07  0.8348509E-07
  0.2214997E+04  0.5101742E-06  0.4410242E-06  0.3762168E-06  0.3163004E-06  0.2618905E-06  0.2136640E-06  0.1723234E-06  0.1384941E-06  0.1124081E-06  0.9237845E-07  0.8273123E-07
  0.2224997E+04  0.7105372E-06  0.6159578E-06  0.5258100E-06  0.4408593E-06  0.3620301E-06  0.2904430E-06  0.2274412E-06  0.1745875E-06  0.1335076E-06  0.1039591E-06  0.9105040E-07
  0.2234997E+04  0.8549396E-06  0.7384245E-06  0.6273758E-06  0.5227801E-06  0.4258332E-06  0.3379871E-06  0.2609828E-06  0.1968349E-06  0.1476034E-06  0.1129591E-06  0.9802395E-07
  0.2244997E+04  0.7707692E-06  0.6661963E-06  0.5668267E-06  0.4735744E-06  0.3875290E-06  0.3099845E-06  0.2424437E-06  0.1865586E-06  0.1438017E-06  0.1130272E-06  0.9921811E-07
  0.2254997E+04  0.5545332E-06  0.4825328E-06  0.4149551E-06  0.3523189E-06  0.2952051E-06  0.2442520E-06  0.2001273E-06  0.1634329E-06  0.1343486E-06  0.1109885E-06  0.9947915E-07
  0.2264997E+04  0.5689135E-06  0.4949799E-06  0.4256461E-06  0.3614810E-06  0.3031192E-06  0.2512524E-06  0.2065960E-06  0.1697831E-06  0.1408902E-06  0.1172186E-06  0.1050072E-06
  0.2274997E+04  0.5385200E-06  0.4696843E-06  0.4053005E-06  0.3458864E-06  0.2920094E-06  0.2442693E-06  0.2032450E-06  0.1693574E-06  0.1424184E-06  0.1198335E-06  0.1080741E-06
  0.2284997E+04  0.8350760E-06  0.7266152E-06  0.6231306E-06  0.5254945E-06  0.4347648E-06  0.3522245E-06  0.2794096E-06  0.2180927E-06  0.1700549E-06  0.1347352E-06  0.1188718E-06
  0.2294997E+04  0.6258333E-06  0.5466417E-06  0.4719778E-06  0.4024592E-06  0.3387945E-06  0.2817811E-06  0.2322760E-06  0.1910870E-06  0.1585100E-06  0.1320772E-06  0.1187019E-06
  0.2304997E+04  0.9168351E-06  0.7990914E-06  0.6863376E-06  0.5795622E-06  0.4799746E-06  0.3890529E-06  0.3085800E-06  0.2406440E-06  0.1874109E-06  0.1483427E-06  0.1307121E-06
  0.2314997E+04  0.6257832E-06  0.5465980E-06  0.4724732E-06  0.4040123E-06  0.3418788E-06  0.2867744E-06  0.2393722E-06  0.2001373E-06  0.1687694E-06  0.1421640E-06  0.1282974E-06
  0.2324997E+04  0.7133847E-06  0.6224125E-06  0.5368058E-06  0.4573028E-06  0.3847381E-06  0.3200337E-06  0.2641478E-06  0.2179072E-06  0.1813742E-06  0.1512887E-06  0.1358613E-06
  0.2334997E+04  0.5184832E-06  0.4581013E-06  0.4019984E-06  0.3505453E-06  0.3041184E-06  0.2630684E-06  0.2276479E-06  0.1978216E-06  0.1726682E-06  0.1487313E-06  0.1354005E-06
  0.2344997E+04  0.3534658E-06  0.3195821E-06  0.2885270E-06  0.2603963E-06  0.2352432E-06  0.2130433E-06  0.1936191E-06  0.1764685E-06  0.1603724E-06  0.1428119E-06  0.1325716E-06
  0.2354997E+04  0.7524123E-06  0.6623367E-06  0.5767392E-06  0.4962894E-06  0.4217723E-06  0.3540993E-06  0.2943027E-06  0.2434782E-06  0.2023756E-06  0.1686937E-06  0.1516934E-06
  0.2364997E+04  0.4185271E-06  0.3769975E-06  0.3387269E-06  0.3038710E-06  0.2725499E-06  0.2448072E-06  0.2205242E-06  0.1992216E-06  0.1795940E-06  0.1586702E-06  0.1465298E-06
  0.2374997E+04  0.5891931E-06  0.5237396E-06  0.4624109E-06  0.4055988E-06  0.3537184E-06  0.3071858E-06  0.2663634E-06  0.2314100E-06  0.2017355E-06  0.1740320E-06  0.1587719E-06
  0.2384997E+04  0.3148582E-06  0.2918411E-06  0.2707220E-06  0.2514705E-06  0.2340038E-06  0.2181570E-06  0.2036284E-06  0.1898635E-06  0.1758057E-06  0.1595215E-06  0.1498421E-06
  0.2394997E+04  0.4324272E-06  0.3925948E-06  0.3555646E-06  0.3214785E-06  0.2904540E-06  0.2625499E-06  0.2376955E-06  0.2155384E-06  0.1950680E-06  0.1736467E-06  0.1613044E-06
  0.2404997E+04  0.4401563E-06  0.3994035E-06  0.3620137E-06  0.3280892E-06  0.2976762E-06  0.2707181E-06  0.2469544E-06  0.2256905E-06  0.2053056E-06  0.1826318E-06  0.1693324E-06
  0.2414997E+04  0.5102999E-06  0.4613017E-06  0.4154033E-06  0.3728449E-06  0.3338671E-06  0.2986849E-06  0.2674283E-06  0.2399866E-06  0.2155064E-06  0.1909217E-06  0.1769281E-06
  0.2424997E+04  0.8787598E-06  0.7795062E-06  0.6847278E-06  0.5951280E-06  0.5115440E-06  0.4349672E-06  0.3665515E-06  0.3075701E-06  0.2589689E-06  0.2183065E-06  0.1976000E-06
  0.2434997E+04  0.7986117E-06  0.7117878E-06  0.6291822E-06  0.5513985E-06  0.4791365E-06  0.4131959E-06  0.3544548E-06  0.3037497E-06  0.2612560E-06  0.2235703E-06  0.2033947E-06
  0.2444997E+04  0.1042907E-05  0.9225981E-06  0.8074489E-06  0.6984008E-06  0.5965844E-06  0.5033518E-06  0.4202970E-06  0.3492052E-06  0.2913997E-06  0.2435245E-06  0.2190056E-06
  0.2454997E+04  0.1109772E-05  0.9808587E-06  0.8572764E-06  0.7400788E-06  0.6305413E-06  0.5301956E-06  0.4408480E-06  0.3645276E-06  0.3028490E-06  0.2525996E-06  0.2271693E-06
  0.2464997E+04  0.8836490E-06  0.7864894E-06  0.6944573E-06  0.6082200E-06  0.5285411E-06  0.4562792E-06  0.3923577E-06  0.3375979E-06  0.2918576E-06  0.2505141E-06  0.2280017E-06
  0.2474997E+04  0.7965065E-06  0.7130873E-06  0.6339478E-06  0.5596754E-06  0.4909399E-06  0.4284841E-06  0.3730736E-06  0.3253202E-06  0.2849640E-06  0.2480668E-06  0.2279318E-06
  0.2484997E+04  0.4891201E-06  0.4488701E-06  0.4120484E-06  0.3787531E-06  0.3490072E-06  0.3226942E-06  0.2994395E-06  0.2783832E-06  0.2577601E-06  0.2343559E-06  0.2203994E-06
  0.2494997E+04  0.7560145E-06  0.6803835E-06  0.6087371E-06  0.5416227E-06  0.4796619E-06  0.4235349E-06  0.3739158E-06  0.3312343E-06  0.2947875E-06  0.2600073E-06  0.2404443E-06
  0.2504997E+04  0.1068365E-05  0.9486979E-06  0.8349409E-06  0.7280680E-06  0.6292080E-06  0.5396411E-06  0.4607487E-06  0.3937935E-06  0.3388432E-06  0.2902775E-06  0.2639871E-06
  0.2514997E+04  0.3757617E-06  0.3588227E-06  0.3434533E-06  0.3293967E-06  0.3163087E-06  0.3037437E-06  0.2911413E-06  0.2778029E-06  0.2627737E-06  0.2442982E-06  0.2328891E-06
  0.2524997E+04  0.3145710E-06  0.3091547E-06  0.3034755E-06  0.2974704E-06  0.2910541E-06  0.2841042E-06  0.2764321E-06  0.2677189E-06  0.2573485E-06  0.2439030E-06  0.2352470E-06
  0.2534997E+04  0.4083017E-06  0.3949781E-06  0.3818365E-06  0.3688070E-06  0.3557689E-06  0.3425144E-06  0.3286858E-06  0.3136599E-06  0.2963064E-06  0.2743203E-06  0.2603722E-06
  0.2544997E+04  0.5290855E-06  0.5009764E-06  0.4735143E-06  0.4467543E-06  0.4207615E-06  0.3955898E-06  0.3712071E-06  0.3472747E-06  0.3225870E-06  0.2938430E-06  0.2762276E-06
  0.2554997E+04  0.1030333E-05  0.9458053E-06  0.8623249E-06  0.7801308E-06  0.6995323E-06  0.6209573E-06  0.5450555E-06  0.4729001E-06  0.4061157E-06  0.3447964E-06  0.3134496E-06
  0.2564997E+04  0.9141825E-06  0.8391059E-06  0.7659914E-06  0.6951354E-06  0.6268908E-06  0.5616792E-06  0.5000049E-06  0.4424471E-06  0.3893860E-06  0.3388595E-06  0.3117797E-06
  0.2574997E+04  0.1255641E-05  0.1140351E-05  0.1027880E-05  0.9186641E-06  0.8132322E-06  0.7122273E-06  0.6164392E-06  0.5268771E-06  0.4448963E-06  0.3712512E-06  0.3357314E-06
  0.2584997E+04  0.1282459E-05  0.1163387E-05  0.1047482E-05  0.9352402E-06  0.8272630E-06  0.7242812E-06  0.6271799E-06  0.5370259E-06  0.4550482E-06  0.3813706E-06  0.3453696E-06
  0.2594997E+04  0.9258401E-06  0.8470582E-06  0.7719401E-06  0.7008086E-06  0.6339960E-06  0.5718140E-06  0.5144849E-06  0.4619493E-06  0.4132118E-06  0.3640264E-06  0.3364452E-06
  0.2604997E+04  0.1162195E-05  0.1054862E-05  0.9517610E-06  0.8534687E-06  0.7606392E-06  0.6740002E-06  0.5943220E-06  0.5222683E-06  0.4576209E-06  0.3956593E-06  0.3615708E-06
  0.2614997E+04  0.9092680E-06  0.8362537E-06  0.7663630E-06  0.6999049E-06  0.6372098E-06  0.5786090E-06  0.5243698E-06  0.4744897E-06  0.4279654E-06  0.3803306E-06  0.3531831E-06
  0.2624997E+04  0.1193237E-05  0.1082896E-05  0.9774011E-06  0.8773536E-06  0.7834182E-06  0.6963043E-06  0.6167054E-06  0.5450782E-06  0.4806986E-06  0.4179838E-06  0.3830336E-06
  0.2634997E+04  0.2039555E-05  0.1845658E-05  0.1653573E-05  0.1464112E-05  0.1278351E-05  0.1097734E-05  0.9242211E-06  0.7606735E-06  0.6119278E-06  0.4853695E-06  0.4298010E-06
  0.2644997E+04  0.2460564E-05  0.2224575E-05  0.1990143E-05  0.1758137E-05  0.1529736E-05  0.1306530E-05  0.1090681E-05  0.8853351E-06  0.6960886E-06  0.5341755E-06  0.4656082E-06
  0.2654997E+04  0.3079716E-05  0.2789937E-05  0.2499818E-05  0.2210088E-05  0.1921798E-05  0.1636443E-05  0.1356104E-05  0.1083811E-05  0.8255213E-06  0.5990042E-06  0.5075333E-06
  0.2664997E+04  0.2067819E-05  0.1874797E-05  0.1684048E-05  0.1496389E-05  0.1312884E-05  0.1134922E-05  0.9643561E-06  0.8038406E-06  0.6576297E-06  0.5309395E-06  0.4727279E-06
  0.2674997E+04  0.2359388E-05  0.2134300E-05  0.1911932E-05  0.1693204E-05  0.1479311E-05  0.1271815E-05  0.1072795E-05  0.8852332E-06  0.7140283E-06  0.5661853E-06  0.4997848E-06
  0.2684997E+04  0.2805716E-05  0.2543382E-05  0.2281812E-05  0.2021816E-05  0.1764511E-05  0.1511422E-05  0.1264669E-05  0.1027454E-05  0.8059575E-06  0.6139457E-06  0.5326092E-06
  0.2694997E+04  0.2348655E-05  0.2135135E-05  0.1922890E-05  0.1712618E-05  0.1505250E-05  0.1302025E-05  0.1104617E-05  0.9155148E-06  0.7394809E-06  0.5862015E-06  0.5190261E-06
  0.2704997E+04  0.2423284E-05  0.2201565E-05  0.1981288E-05  0.1763268E-05  0.1548580E-05  0.1338634E-05  0.1135270E-05  0.9410579E-06  0.7604357E-06  0.6021319E-06  0.5328029E-06
  0.2714997E+04  0.1960547E-05  0.1785897E-05  0.1613948E-05  0.1445387E-05  0.1281078E-05  0.1122107E-05  0.9698769E-06  0.8263343E-06  0.6945126E-06  0.5775335E-06  0.5221201E-06
  0.2724997E+04  0.1868503E-05  0.1694261E-05  0.1524973E-05  0.1361674E-05  0.1205608E-05  0.1058254E-05  0.9213324E-06  0.7967280E-06  0.6857834E-06  0.5848670E-06  0.5327326E-06
  0.2734997E+04  0.1819203E-05  0.1657795E-05  0.1500152E-05  0.1347105E-05  0.1199670E-05  0.1059092E-05  0.9268860E-06  0.8048927E-06  0.6949823E-06  0.5950579E-06  0.5434606E-06
  0.2744997E+04  0.1277122E-05  0.1180674E-05  0.1088096E-05  0.9997925E-06  0.9161910E-06  0.8377010E-06  0.7646081E-06  0.6967416E-06  0.6323618E-06  0.5645288E-06  0.5249133E-06
  0.2754997E+04  0.1854206E-05  0.1694855E-05  0.1539139E-05  0.1387784E-05  0.1241668E-05  0.1101852E-05  0.9696399E-06  0.8466299E-06  0.7343446E-06  0.6299130E-06  0.5749821E-06
  0.2764997E+04  0.2161417E-05  0.1969722E-05  0.1781226E-05  0.1596801E-05  0.1417556E-05  0.1244926E-05  0.1080850E-05  0.9280778E-06  0.7902368E-06  0.6669319E-06  0.6044349E-06
  0.2774997E+04  0.2043651E-05  0.1859668E-05  0.1680871E-05  0.1508377E-05  0.1343530E-05  0.1187940E-05  0.1043506E-05  0.9122871E-06  0.7952030E-06  0.6844676E-06  0.6230488E-06
  0.2784997E+04  0.1263822E-05  0.1182558E-05  0.1106088E-05  0.1034513E-05  0.9677530E-06  0.9053701E-06  0.8462083E-06  0.7877082E-06  0.7247925E-06  0.6483064E-06  0.6011429E-06
  0.2794997E+04  0.6955278E-06  0.6831586E-06  0.6702692E-06  0.6567029E-06  0.6422554E-06  0.6266487E-06  0.6094771E-06  0.5900843E-06  0.5672497E-06  0.5383062E-06  0.5203500E-06
  0.2804997E+04  0.8775253E-06  0.8470722E-06  0.8176791E-06  0.7891418E-06  0.7611204E-06  0.7330564E-06  0.7040455E-06  0.6726443E-06  0.6365222E-06  0.5914284E-06  0.5636234E-06
  0.2814997E+04  0.2189433E-05  0.1990301E-05  0.1798928E-05  0.1616589E-05  0.1444738E-05  0.1284977E-05  0.1138908E-05  0.1007503E-05  0.8885807E-06  0.7684457E-06  0.6988499E-06
  0.2824997E+04  0.3083067E-05  0.2782924E-05  0.2488536E-05  0.2201891E-05  0.1925514E-05  0.1662641E-05  0.1417547E-05  0.1196041E-05  0.1004882E-05  0.8397952E-06  0.7539600E-06
  0.2834997E+04  0.2797342E-05  0.2536115E-05  0.2279883E-05  0.2030302E-05  0.1789484E-05  0.1560142E-05  0.1345800E-05  0.1151056E-05  0.9808517E-06  0.8307222E-06  0.7519686E-06
  0.2844997E+04  0.1682018E-05  0.1550932E-05  0.1426960E-05  0.1310783E-05  0.1203004E-05  0.1104014E-05  0.1013689E-05  0.9307415E-06  0.8510299E-06  0.7631340E-06  0.7098612E-06
  0.2854997E+04  0.1155368E-05  0.1096604E-05  0.1041461E-05  0.9899960E-06  0.9420988E-06  0.8973573E-06  0.8548006E-06  0.8124218E-06  0.7663225E-06  0.7091453E-06  0.6729282E-06
  0.2864997E+04  0.2598377E-05  0.2357932E-05  0.2124383E-05  0.1899547E-05  0.1685650E-05  0.1485396E-05  0.1301985E-05  0.1138769E-05  0.9968694E-06  0.8642896E-06  0.7901270E-06
  0.2874997E+04  0.3433400E-05  0.3121425E-05  0.2811477E-05  0.2505134E-05  0.2204527E-05  0.1912577E-05  0.1633437E-05  0.1373458E-05  0.1142516E-05  0.9465427E-06  0.8508454E-06
  0.2884997E+04  0.2950442E-05  0.2699062E-05  0.2450141E-05  0.2204755E-05  0.1964284E-05  0.1730520E-05  0.1505888E-05  0.1293989E-05  0.1100486E-05  0.9282548E-06  0.8419915E-06
  0.2894997E+04  0.3889899E-05  0.3554103E-05  0.3217255E-05  0.2880417E-05  0.2545057E-05  0.2213203E-05  0.1887748E-05  0.1573422E-05  0.1279795E-05  0.1024214E-05  0.9095846E-06
  0.2904997E+04  0.4707829E-05  0.4299250E-05  0.3887612E-05  0.3473910E-05  0.3059571E-05  0.2646591E-05  0.2237821E-05  0.1838017E-05  0.1458038E-05  0.1124668E-05  0.9815367E-06
  0.2914997E+04  0.4583708E-05  0.4187663E-05  0.3788790E-05  0.3388100E-05  0.2987054E-05  0.2587716E-05  0.2193103E-05  0.1808300E-05  0.1444417E-05  0.1126030E-05  0.9879009E-06
  0.2924997E+04  0.4094511E-05  0.3755659E-05  0.3414828E-05  0.3072725E-05  0.2730322E-05  0.2388920E-05  0.2050306E-05  0.1717474E-05  0.1397692E-05  0.1109772E-05  0.9818107E-06
  0.2934997E+04  0.4712150E-05  0.4324254E-05  0.3931923E-05  0.3535719E-05  0.3136490E-05  0.2735447E-05  0.2334339E-05  0.1936288E-05  0.1549720E-05  0.1200078E-05  0.1048401E-05
  0.2944997E+04  0.3996678E-05  0.3662021E-05  0.3327189E-05  0.2993163E-05  0.2661243E-05  0.2333109E-05  0.2010965E-05  0.1698098E-05  0.1401154E-05  0.1133937E-05  0.1011833E-05
  0.2954997E+04  0.5027186E-05  0.4611224E-05  0.4190140E-05  0.3764574E-05  0.3335516E-05  0.2904421E-05  0.2473449E-05  0.2046439E-05  0.1633202E-05  0.1261763E-05  0.1101459E-05
  0.2964997E+04  0.4413847E-05  0.4041946E-05  0.3668855E-05  0.3295669E-05  0.2923895E-05  0.2555578E-05  0.2193522E-05  0.1841972E-05  0.1508903E-05  0.1209435E-05  0.1073823E-05
  0.2974997E+04  0.5098517E-05  0.4676149E-05  0.4249226E-05  0.3818516E-05  0.3385169E-05  0.2950833E-05  0.2517895E-05  0.2090432E-05  0.1678305E-05  0.1308096E-05  0.1146701E-05
  0.2984997E+04  0.4306038E-05  0.3952331E-05  0.3597602E-05  0.3242814E-05  0.2889254E-05  0.2538627E-05  0.2193216E-05  0.1856476E-05  0.1535248E-05  0.1243775E-05  0.1110303E-05
  0.2994997E+04  0.5328603E-05  0.4891999E-05  0.4450193E-05  0.4003844E-05  0.3553953E-05  0.3101941E-05  0.2649867E-05  0.2201410E-05  0.1766490E-05  0.1374792E-05  0.1205074E-05
