  0.1804997E+04  0.1915629E-07  0.1475420E-07  0.1131559E-07  0.8725374E-08  0.6841962E-08  0.5503463E-08  0.4541293E-08  0.3800560E-08  0.3157919E-08  0.2521877E-08  0.2197064E-08
  0.1814997E+04  0.2115968E-07  0.1649491E-07  0.1283402E-07  0.1005371E-07  0.8004171E-08  0.6516404E-08  0.5416718E-08  0.4546490E-08  0.3776424E-08  0.2999685E-08  0.2591931E-08
  0.1824997E+04  0.1731151E-07  0.1367999E-07  0.1085720E-07  0.8723497E-08  0.7143504E-08  0.5974942E-08  0.5081421E-08  0.4345370E-08  0.3672448E-08  0.2980214E-08  0.2614749E-08
  0.1834997E+04  0.2195655E-07  0.1736724E-07  0.1371421E-07  0.1089276E-07  0.8772757E-08  0.7203831E-08  0.6026869E-08  0.5090663E-08  0.4265159E-08  0.3435930E-08  0.2998689E-08
  0.1844997E+04  0.6947168E-08  0.6213594E-08  0.5608442E-08  0.5100890E-08  0.4662678E-08  0.4269086E-08  0.3899060E-08  0.3533894E-08  0.3154145E-08  0.2737922E-08  0.2520741E-08
  0.1854997E+04  0.2033901E-07  0.1606815E-07  0.1271564E-07  0.1016968E-07  0.8291430E-08  0.6922691E-08  0.5901055E-08  0.5080030E-08  0.4342577E-08  0.3593639E-08  0.3201656E-08
  0.1864997E+04  0.2733479E-07  0.2154569E-07  0.1706149E-07  0.1369156E-07  0.1121683E-07  0.9405095E-08  0.8033498E-08  0.6911471E-08  0.5888476E-08  0.4830927E-08  0.4261585E-08
  0.1874997E+04  0.1668186E-07  0.1421360E-07  0.1227347E-07  0.1074795E-07  0.9527945E-08  0.8515847E-08  0.7630119E-08  0.6804073E-08  0.5975741E-08  0.5069874E-08  0.4574961E-08
  0.1884997E+04  0.3034336E-07  0.2402529E-07  0.1906163E-07  0.1527986E-07  0.1247302E-07  0.1041136E-07  0.8862650E-08  0.7616739E-08  0.6500119E-08  0.5360140E-08  0.4750327E-08
  0.1894997E+04  0.5105552E-07  0.3925640E-07  0.2981145E-07  0.2254651E-07  0.1719849E-07  0.1341644E-07  0.1078521E-07  0.8879292E-08  0.7330252E-08  0.5848509E-08  0.5075152E-08
  0.1904997E+04  0.3836315E-07  0.3004271E-07  0.2349564E-07  0.1852124E-07  0.1486178E-07  0.1221637E-07  0.1027067E-07  0.8737309E-08  0.7383340E-08  0.6009185E-08  0.5271108E-08
  0.1914997E+04  0.4303187E-07  0.3348812E-07  0.2601725E-07  0.2037512E-07  0.1625257E-07  0.1329335E-07  0.1113009E-07  0.9431980E-08  0.7936181E-08  0.6425684E-08  0.5623460E-08
  0.1924997E+04  0.2601001E-07  0.2114335E-07  0.1733954E-07  0.1442896E-07  0.1222360E-07  0.1053001E-07  0.9166723E-08  0.7980187E-08  0.6847743E-08  0.5666418E-08  0.5058508E-08
  0.1934997E+04  0.5921676E-08  0.5694247E-08  0.5478102E-08  0.5268560E-08  0.5062065E-08  0.4856114E-08  0.4649243E-08  0.4441512E-08  0.4236832E-08  0.4054077E-08  0.3992416E-08
  0.1944997E+04  0.3722215E-07  0.2963654E-07  0.2373854E-07  0.1928330E-07  0.1598595E-07  0.1354130E-07  0.1165403E-07  0.1007026E-07  0.8589485E-08  0.7043011E-08  0.6229794E-08
  0.1954997E+04  0.6206608E-07  0.4845865E-07  0.3767257E-07  0.2942851E-07  0.2334765E-07  0.1896701E-07  0.1578203E-07  0.1331322E-07  0.1116231E-07  0.8994088E-08  0.7833154E-08
  0.1964997E+04  0.8378247E-07  0.6513277E-07  0.5019193E-07  0.3866850E-07  0.3012701E-07  0.2399583E-07  0.1961326E-07  0.1631693E-07  0.1353714E-07  0.1079283E-07  0.9319420E-08
  0.1974997E+04  0.7964869E-07  0.6239852E-07  0.4858150E-07  0.3790402E-07  0.2994590E-07  0.2417056E-07  0.1996795E-07  0.1673246E-07  0.1393969E-07  0.1113590E-07  0.9626435E-08
  0.1984997E+04  0.4766951E-07  0.3884600E-07  0.3193339E-07  0.2663308E-07  0.2260818E-07  0.1950884E-07  0.1700586E-07  0.1481867E-07  0.1271162E-07  0.1043913E-07  0.9187668E-08
  0.1994997E+04  0.9996741E-07  0.7951445E-07  0.6260180E-07  0.4906517E-07  0.3861247E-07  0.3081071E-07  0.2509670E-07  0.2082675E-07  0.1735825E-07  0.1409282E-07  0.1239706E-07
  0.2004997E+04  0.1054434E-06  0.8487240E-07  0.6764818E-07  0.5365500E-07  0.4265925E-07  0.3429178E-07  0.2804976E-07  0.2333364E-07  0.1951507E-07  0.1596772E-07  0.1412846E-07
  0.2014997E+04  0.1361250E-06  0.1095490E-06  0.8698754E-07  0.6840432E-07  0.5362351E-07  0.4229248E-07  0.3386111E-07  0.2760364E-07  0.2269878E-07  0.1830421E-07  0.1607134E-07
  0.2024997E+04  0.6523041E-07  0.5366742E-07  0.4413290E-07  0.3646859E-07  0.3045303E-07  0.2580341E-07  0.2218929E-07  0.1925926E-07  0.1666728E-07  0.1406197E-07  0.1267690E-07
  0.2034997E+04  0.1672392E-06  0.1340524E-06  0.1057577E-06  0.8239840E-07  0.6383938E-07  0.4970574E-07  0.3933898E-07  0.3181541E-07  0.2606575E-07  0.2102304E-07  0.1849250E-07
  0.2044997E+04  0.1906170E-06  0.1528368E-06  0.1206650E-06  0.9413274E-07  0.7306528E-07  0.5701482E-07  0.4521603E-07  0.3661250E-07  0.2999251E-07  0.2414305E-07  0.2118899E-07
  0.2054997E+04  0.1655118E-06  0.1331580E-06  0.1059181E-06  0.8369274E-07  0.6618685E-07  0.5286910E-07  0.4296400E-07  0.3550922E-07  0.2947933E-07  0.2385425E-07  0.2091899E-07
  0.2064997E+04  0.1382005E-06  0.1123781E-06  0.9068857E-07  0.7298954E-07  0.5898585E-07  0.4820715E-07  0.4001202E-07  0.3363742E-07  0.2828215E-07  0.2312456E-07  0.2040015E-07
  0.2074997E+04  0.1277423E-06  0.1005269E-06  0.7871984E-07  0.6185786E-07  0.4926775E-07  0.4009039E-07  0.3335977E-07  0.2813297E-07  0.2360989E-07  0.1915206E-07  0.1687851E-07
  0.2084997E+04  0.8950734E-07  0.7206055E-07  0.5804466E-07  0.4708411E-07  0.3870212E-07  0.3234678E-07  0.2744103E-07  0.2344496E-07  0.1988977E-07  0.1632665E-07  0.1443545E-07
  0.2094997E+04  0.2271487E-06  0.1868546E-06  0.1507486E-06  0.1190624E-06  0.9197057E-07  0.6954943E-07  0.5171979E-07  0.3817006E-07  0.2825308E-07  0.2083295E-07  0.1760280E-07
  0.2104997E+04  0.3853861E-06  0.3212618E-06  0.2614703E-06  0.2067085E-06  0.1577714E-06  0.1155278E-06  0.8083583E-07  0.5433115E-07  0.3596514E-07  0.2421011E-07  0.1985012E-07
  0.2114997E+04  0.5714292E-06  0.4811627E-06  0.3956084E-06  0.3157671E-06  0.2428482E-06  0.1782824E-06  0.1236729E-06  0.8058276E-07  0.4992842E-07  0.3064487E-07  0.2404880E-07
  0.2124997E+04  0.3368886E-06  0.2792568E-06  0.2259630E-06  0.1776502E-06  0.1350229E-06  0.9880267E-07  0.6961944E-07  0.4777794E-07  0.3283196E-07  0.2304560E-07  0.1927076E-07
  0.2134997E+04  0.4814683E-06  0.4057993E-06  0.3342591E-06  0.2676758E-06  0.2070309E-06  0.1534571E-06  0.1081848E-06  0.7236049E-07  0.4657932E-07  0.2989912E-07  0.2403109E-07
  0.2144997E+04  0.6914243E-06  0.5851532E-06  0.4836236E-06  0.3880402E-06  0.2999028E-06  0.2210468E-06  0.1536202E-06  0.9985967E-07  0.6135112E-07  0.3726094E-07  0.2919074E-07
  0.2154997E+04  0.5846351E-06  0.4910483E-06  0.4025998E-06  0.3204130E-06  0.2458243E-06  0.1803741E-06  0.1257128E-06  0.8329858E-07  0.5365581E-07  0.3499672E-07  0.2837415E-07
  0.2164997E+04  0.4912447E-06  0.4115729E-06  0.3370796E-06  0.2686500E-06  0.2072779E-06  0.1540297E-06  0.1099386E-06  0.7575395E-07  0.5140642E-07  0.3508631E-07  0.2880744E-07
  0.2174997E+04  0.4616952E-06  0.3869336E-06  0.3169935E-06  0.2527418E-06  0.1951595E-06  0.1453024E-06  0.1041832E-06  0.7249491E-07  0.5005968E-07  0.3499062E-07  0.2912474E-07
  0.2184997E+04  0.8075781E-06  0.6837004E-06  0.5653199E-06  0.4539054E-06  0.3512710E-06  0.2596101E-06  0.1814409E-06  0.1192976E-06  0.7480554E-07  0.4664213E-07  0.3695117E-07
  0.2194997E+04  0.7767200E-06  0.6566417E-06  0.5424584E-06  0.4355224E-06  0.3374671E-06  0.2502240E-06  0.1759610E-06  0.1168114E-06  0.7409093E-07  0.4652757E-07  0.3684803E-07
  0.2204997E+04  0.6687701E-06  0.5676495E-06  0.4715007E-06  0.3813934E-06  0.2986159E-06  0.2246880E-06  0.1613125E-06  0.1101633E-06  0.7228621E-07  0.4675228E-07  0.3743401E-07
  0.2214997E+04  0.4725283E-06  0.3979827E-06  0.3281381E-06  0.2637837E-06  0.2058199E-06  0.1552299E-06  0.1129873E-06  0.7982305E-07  0.5572419E-07  0.3908507E-07  0.3259532E-07
  0.2224997E+04  0.7393083E-06  0.6312626E-06  0.5278361E-06  0.4301652E-06  0.3396502E-06  0.2579847E-06  0.1871242E-06  0.1290791E-06  0.8528556E-07  0.5513037E-07  0.4401582E-07
  0.2234997E+04  0.8820684E-06  0.7511030E-06  0.6258619E-06  0.5077818E-06  0.3986284E-06  0.3005295E-06  0.2159276E-06  0.1473071E-06  0.9636674E-07  0.6210070E-07  0.4964574E-07
  0.2244997E+04  0.7829762E-06  0.6653253E-06  0.5533357E-06  0.4483375E-06  0.3519240E-06  0.2659526E-06  0.1924571E-06  0.1333452E-06  0.8962044E-07  0.5976736E-07  0.4853648E-07
  0.2254997E+04  0.5244985E-06  0.4450944E-06  0.3706114E-06  0.3018094E-06  0.2395357E-06  0.1846943E-06  0.1381619E-06  0.1005955E-06  0.7202322E-07  0.5106624E-07  0.4255236E-07
  0.2264997E+04  0.5371671E-06  0.4550899E-06  0.3783058E-06  0.3076584E-06  0.2440742E-06  0.1885087E-06  0.1418205E-06  0.1045077E-06  0.7622219E-07  0.5502147E-07  0.4604020E-07
  0.2274997E+04  0.4763593E-06  0.4031704E-06  0.3349696E-06  0.2724914E-06  0.2165327E-06  0.1679021E-06  0.1273019E-06  0.9508947E-07  0.7084537E-07  0.5272575E-07  0.4501289E-07
  0.2284997E+04  0.8449117E-06  0.7234179E-06  0.6070805E-06  0.4971463E-06  0.3951503E-06  0.3029507E-06  0.2227031E-06  0.1566479E-06  0.1064179E-06  0.7131052E-07  0.5805983E-07
  0.2294997E+04  0.5784179E-06  0.4919220E-06  0.4106092E-06  0.3353702E-06  0.2672096E-06  0.2072074E-06  0.1564076E-06  0.1155602E-06  0.8459148E-07  0.6167979E-07  0.5212244E-07
  0.2304997E+04  0.9394779E-06  0.8062509E-06  0.6782340E-06  0.5568441E-06  0.4438331E-06  0.3413289E-06  0.2518046E-06  0.1778356E-06  0.1213238E-06  0.8157441E-07  0.6647017E-07
  0.2314997E+04  0.5585638E-06  0.4738181E-06  0.3947678E-06  0.3222344E-06  0.2571052E-06  0.2002774E-06  0.1525326E-06  0.1142743E-06  0.8503951E-07  0.6273947E-07  0.5316730E-07
  0.2324997E+04  0.6630858E-06  0.5637544E-06  0.4704948E-06  0.3843330E-06  0.3064071E-06  0.2379149E-06  0.1799773E-06  0.1333407E-06  0.9778342E-07  0.7107934E-07  0.5976129E-07
  0.2334997E+04  0.4656490E-06  0.3977189E-06  0.3348585E-06  0.2776162E-06  0.2265241E-06  0.1820314E-06  0.1443853E-06  0.1134357E-06  0.8833968E-07  0.6716018E-07  0.5730373E-07
  0.2344997E+04  0.2685692E-06  0.2319266E-06  0.1986914E-06  0.1689951E-06  0.1428986E-06  0.1203513E-06  0.1011373E-06  0.8481025E-07  0.7061562E-07  0.5739621E-07  0.5088159E-07
  0.2354997E+04  0.7408988E-06  0.6379443E-06  0.5399905E-06  0.4480281E-06  0.3632109E-06  0.2868393E-06  0.2202780E-06  0.1647260E-06  0.1206789E-06  0.8682455E-07  0.7268702E-07
  0.2364997E+04  0.3358680E-06  0.2902059E-06  0.2484478E-06  0.2108022E-06  0.1774128E-06  0.1483122E-06  0.1233547E-06  0.1021212E-06  0.8378097E-07  0.6689302E-07  0.5859594E-07
  0.2374997E+04  0.5241925E-06  0.4515154E-06  0.3835800E-06  0.3209512E-06  0.2642226E-06  0.2139749E-06  0.1706820E-06  0.1345212E-06  0.1050060E-06  0.8034889E-07  0.6903761E-07
  0.2384997E+04  0.2073014E-06  0.1830630E-06  0.1611089E-06  0.1414328E-06  0.1239732E-06  0.1085900E-06  0.9503435E-07  0.8291474E-07  0.7166166E-07  0.6054471E-07  0.5506748E-07
  0.2394997E+04  0.3383682E-06  0.2947437E-06  0.2544336E-06  0.2176500E-06  0.1845748E-06  0.1553274E-06  0.1299088E-06  0.1081028E-06  0.8930405E-07  0.7227269E-07  0.6410604E-07
  0.2404997E+04  0.3414372E-06  0.2967208E-06  0.2560371E-06  0.2195275E-06  0.1872426E-06  0.1590923E-06  0.1347791E-06  0.1137162E-06  0.9491775E-07  0.7684173E-07  0.6771881E-07
  0.2414997E+04  0.4113738E-06  0.3580293E-06  0.3083712E-06  0.2627514E-06  0.2215133E-06  0.1849517E-06  0.1532368E-06  0.1262789E-06  0.1034922E-06  0.8341317E-07  0.7387651E-07
  0.2424997E+04  0.8434986E-06  0.7319633E-06  0.6253674E-06  0.5247131E-06  0.4311853E-06  0.3461494E-06  0.2710914E-06  0.2074167E-06  0.1559197E-06  0.1155362E-06  0.9845528E-07
  0.2434997E+04  0.7357611E-06  0.6391521E-06  0.5474135E-06  0.4613873E-06  0.3820245E-06  0.3103577E-06  0.2474174E-06  0.1940263E-06  0.1503311E-06  0.1147667E-06  0.9897344E-07
  0.2444997E+04  0.1030412E-05  0.8936359E-06  0.7626777E-06  0.6388666E-06  0.5237741E-06  0.4192043E-06  0.3271005E-06  0.2492570E-06  0.1865890E-06  0.1374450E-06  0.1163714E-06
  0.2454997E+04  0.1105103E-05  0.9583353E-06  0.8174526E-06  0.6839383E-06  0.5595720E-06  0.4464298E-06  0.3467898E-06  0.2628101E-06  0.1956976E-06  0.1438094E-06  0.1218750E-06
  0.2464997E+04  0.8026695E-06  0.6956182E-06  0.5944515E-06  0.5001088E-06  0.4136336E-06  0.3361256E-06  0.2686151E-06  0.2117854E-06  0.1654001E-06  0.1271813E-06  0.1098290E-06
  0.2474997E+04  0.6922020E-06  0.6012434E-06  0.5152627E-06  0.4350633E-06  0.3615343E-06  0.2956120E-06  0.2381807E-06  0.1898475E-06  0.1504577E-06  0.1181164E-06  0.1035068E-06
  0.2484997E+04  0.2679502E-06  0.2347219E-06  0.2051852E-06  0.1793861E-06  0.1572641E-06  0.1386018E-06  0.1229652E-06  0.1096473E-06  0.9764535E-07  0.8579509E-07  0.7994461E-07
  0.2494997E+04  0.6262089E-06  0.5447981E-06  0.4681773E-06  0.3971001E-06  0.3323760E-06  0.2748126E-06  0.2250897E-06  0.1835148E-06  0.1495675E-06  0.1211101E-06  0.1078900E-06
  0.2504997E+04  0.9699050E-06  0.8389691E-06  0.7150053E-06  0.5993397E-06  0.4934540E-06  0.3989149E-06  0.3171905E-06  0.2492463E-06  0.1947323E-06  0.1505014E-06  0.1304379E-06
  0.2514997E+04  0.1567268E-06  0.1464503E-06  0.1372899E-06  0.1290426E-06  0.1214843E-06  0.1143790E-06  0.1074879E-06  0.1005778E-06  0.9344276E-07  0.8608808E-07  0.8274430E-07
  0.2524997E+04  0.1218904E-06  0.1187268E-06  0.1154670E-06  0.1120853E-06  0.1085491E-06  0.1048152E-06  0.1008248E-06  0.9649668E-07  0.9172364E-07  0.8645592E-07  0.8387502E-07
  0.2534997E+04  0.2069225E-06  0.1952949E-06  0.1839665E-06  0.1729024E-06  0.1620513E-06  0.1513334E-06  0.1406180E-06  0.1296783E-06  0.1180858E-06  0.1049879E-06  0.9766888E-07
  0.2544997E+04  0.3099481E-06  0.2835852E-06  0.2583680E-06  0.2343593E-06  0.2116120E-06  0.1901554E-06  0.1699647E-06  0.1508949E-06  0.1325317E-06  0.1138921E-06  0.1042183E-06
  0.2554997E+04  0.8401315E-06  0.7486088E-06  0.6591119E-06  0.5721675E-06  0.4884323E-06  0.4087253E-06  0.3340595E-06  0.2656534E-06  0.2048304E-06  0.1524517E-06  0.1295816E-06
  0.2564997E+04  0.7152329E-06  0.6350111E-06  0.5576159E-06  0.4835472E-06  0.4133880E-06  0.3478049E-06  0.2875276E-06  0.2332756E-06  0.1855346E-06  0.1439299E-06  0.1252080E-06
  0.2574997E+04  0.1075122E-05  0.9500041E-06  0.8285195E-06  0.7114040E-06  0.5995606E-06  0.4941010E-06  0.3963872E-06  0.3080447E-06  0.2308553E-06  0.1662535E-06  0.1391885E-06
  0.2584997E+04  0.1114534E-05  0.9843913E-06  0.8581285E-06  0.7365388E-06  0.6205818E-06  0.5114144E-06  0.4104147E-06  0.3191682E-06  0.2393133E-06  0.1719959E-06  0.1435671E-06
  0.2594997E+04  0.7113361E-06  0.6275653E-06  0.5484094E-06  0.4743229E-06  0.4057551E-06  0.3431085E-06  0.2866600E-06  0.2364204E-06  0.1918823E-06  0.1516484E-06  0.1329895E-06
  0.2604997E+04  0.9632853E-06  0.8460834E-06  0.7342840E-06  0.6287352E-06  0.5303687E-06  0.4401553E-06  0.3589980E-06  0.2874987E-06  0.2254741E-06  0.1711049E-06  0.1463266E-06
  0.2614997E+04  0.6774859E-06  0.6001404E-06  0.5268130E-06  0.4579586E-06  0.3940467E-06  0.3355220E-06  0.2827245E-06  0.2357319E-06  0.1940605E-06  0.1562445E-06  0.1386318E-06
  0.2624997E+04  0.9734885E-06  0.8542629E-06  0.7411179E-06  0.6348938E-06  0.5364805E-06  0.4467564E-06  0.3664634E-06  0.2959577E-06  0.2347270E-06  0.1805446E-06  0.1554543E-06
  0.2634997E+04  0.1908091E-05  0.1691396E-05  0.1477093E-05  0.1266594E-05  0.1061792E-05  0.8652189E-06  0.6802363E-06  0.5111992E-06  0.3634018E-06  0.2422636E-06  0.1935851E-06
  0.2644997E+04  0.2298750E-05  0.2039024E-05  0.1781443E-05  0.1527557E-05  0.1279476E-05  0.1040093E-05  0.8133727E-06  0.6047119E-06  0.4212795E-06  0.2718679E-06  0.2132522E-06
  0.2654997E+04  0.3043845E-05  0.2718846E-05  0.2392991E-05  0.2067633E-05  0.1744756E-05  0.1427287E-05  0.1119596E-05  0.8282630E-06  0.5633053E-06  0.3402982E-06  0.2527075E-06
  0.2664997E+04  0.1889995E-05  0.1675814E-05  0.1464931E-05  0.1258746E-05  0.1059070E-05  0.8682418E-06  0.6892472E-06  0.5258099E-06  0.3822736E-06  0.2627014E-06  0.2131360E-06
  0.2674997E+04  0.2189242E-05  0.1940639E-05  0.1695600E-05  0.1455664E-05  0.1222844E-05  0.9997820E-06  0.7899172E-06  0.5976452E-06  0.4282718E-06  0.2872241E-06  0.2292845E-06
  0.2684997E+04  0.2705917E-05  0.2412217E-05  0.2119439E-05  0.1829050E-05  0.1543088E-05  0.1264421E-05  0.9970982E-06  0.7468588E-06  0.5217712E-06  0.3328140E-06  0.2569673E-06
  0.2694997E+04  0.2164475E-05  0.1928181E-05  0.1693724E-05  0.1462398E-05  0.1235954E-05  0.1016772E-05  0.8081058E-06  0.6143818E-06  0.4415272E-06  0.2969752E-06  0.2384849E-06
  0.2704997E+04  0.2234688E-05  0.1989830E-05  0.1747080E-05  0.1507847E-05  0.1274001E-05  0.1048043E-05  0.8333130E-06  0.6342304E-06  0.4565087E-06  0.3071225E-06  0.2462438E-06
  0.2714997E+04  0.1678844E-05  0.1491770E-05  0.1308340E-05  0.1129724E-05  0.9574062E-06  0.7932659E-06  0.6396511E-06  0.4994063E-06  0.3757138E-06  0.2713754E-06  0.2275361E-06
  0.2724997E+04  0.1512251E-05  0.1331365E-05  0.1157330E-05  0.9915894E-06  0.8357959E-06  0.6917852E-06  0.5614652E-06  0.4465289E-06  0.3477681E-06  0.2635150E-06  0.2258512E-06
  0.2734997E+04  0.1482619E-05  0.1311480E-05  0.1145753E-05  0.9867384E-06  0.8359909E-06  0.6953322E-06  0.5668000E-06  0.4524335E-06  0.3536449E-06  0.2695483E-06  0.2321145E-06
  0.2744997E+04  0.9552817E-06  0.8531273E-06  0.7560205E-06  0.6644898E-06  0.5790477E-06  0.5001322E-06  0.4279959E-06  0.3624945E-06  0.3026618E-06  0.2459338E-06  0.2181718E-06
  0.2754997E+04  0.1582221E-05  0.1407767E-05  0.1238303E-05  0.1074930E-05  0.9189325E-06  0.7717726E-06  0.6350479E-06  0.5103307E-06  0.3987217E-06  0.2996852E-06  0.2547522E-06
  0.2764997E+04  0.1910807E-05  0.1698024E-05  0.1489797E-05  0.1287589E-05  0.1093218E-05  0.9089055E-06  0.7372827E-06  0.5812489E-06  0.4434155E-06  0.3244567E-06  0.2720361E-06
  0.2774997E+04  0.1728186E-05  0.1528738E-05  0.1336483E-05  0.1152964E-05  0.9799343E-06  0.8192946E-06  0.6729371E-06  0.5423416E-06  0.4276190E-06  0.3252695E-06  0.2768795E-06
  0.2784997E+04  0.8886861E-06  0.8048427E-06  0.7263521E-06  0.6531476E-06  0.5849917E-06  0.5214062E-06  0.4615632E-06  0.4040813E-06  0.3465561E-06  0.2844489E-06  0.2505871E-06
  0.2794997E+04  0.3227498E-06  0.3118286E-06  0.3007340E-06  0.2893942E-06  0.2777206E-06  0.2656032E-06  0.2529075E-06  0.2394850E-06  0.2252704E-06  0.2109501E-06  0.2051289E-06
  0.2804997E+04  0.4920118E-06  0.4615496E-06  0.4323911E-06  0.4043689E-06  0.3772575E-06  0.3507568E-06  0.3244657E-06  0.2978335E-06  0.2700760E-06  0.2403216E-06  0.2255285E-06
  0.2814997E+04  0.1841306E-05  0.1626216E-05  0.1421234E-05  0.1227871E-05  0.1047670E-05  0.8820706E-06  0.7321357E-06  0.5980323E-06  0.4779817E-06  0.3660969E-06  0.3109623E-06
  0.2824997E+04  0.2710859E-05  0.2385323E-05  0.2068765E-05  0.1764220E-05  0.1475371E-05  0.1206566E-05  0.9626704E-06  0.7484854E-06  0.5671043E-06  0.4155465E-06  0.3476293E-06
  0.2834997E+04  0.2302393E-05  0.2027030E-05  0.1760121E-05  0.1504240E-05  0.1262521E-05  0.1038672E-05  0.8368485E-06  0.6611033E-06  0.5137287E-06  0.3908568E-06  0.3348649E-06
  0.2844997E+04  0.1018763E-05  0.9076123E-06  0.8049477E-06  0.7112991E-06  0.6270310E-06  0.5522022E-06  0.4863323E-06  0.4279966E-06  0.3740955E-06  0.3186599E-06  0.2885447E-06
  0.2854997E+04  0.5623117E-06  0.5208317E-06  0.4831815E-06  0.4492055E-06  0.4185669E-06  0.3906923E-06  0.3647103E-06  0.3393833E-06  0.3129890E-06  0.2831746E-06  0.2668946E-06
  0.2864997E+04  0.1985256E-05  0.1743398E-05  0.1512583E-05  0.1295252E-05  0.1094129E-05  0.9120684E-06  0.7516876E-06  0.6145495E-06  0.4994413E-06  0.3987798E-06  0.3494588E-06
  0.2874997E+04  0.3071916E-05  0.2728123E-05  0.2388851E-05  0.2056828E-05  0.1735630E-05  0.1429900E-05  0.1145556E-05  0.8897752E-06  0.6700711E-06  0.4897109E-06  0.4120982E-06
  0.2884997E+04  0.2603535E-05  0.2328247E-05  0.2056830E-05  0.1791040E-05  0.1533128E-05  0.1285969E-05  0.1053176E-05  0.8391058E-06  0.6483673E-06  0.4833513E-06  0.4101078E-06
  0.2894997E+04  0.3770971E-05  0.3391298E-05  0.3010715E-05  0.2631087E-05  0.2255021E-05  0.1886139E-05  0.1529422E-05  0.1191619E-05  0.8815900E-06  0.6100381E-06  0.4934903E-06
  0.2904997E+04  0.4668101E-05  0.4205910E-05  0.3740167E-05  0.3272702E-05  0.2806186E-05  0.2344488E-05  0.1893208E-05  0.1460442E-05  0.1057927E-05  0.7027867E-06  0.5521015E-06
  0.2914997E+04  0.4448268E-05  0.4002155E-05  0.3553162E-05  0.3103254E-05  0.2655282E-05  0.2213349E-05  0.1783333E-05  0.1373603E-05  0.9959692E-06  0.6667326E-06  0.5282590E-06
  0.2924997E+04  0.3881753E-05  0.3503224E-05  0.3122795E-05  0.2741873E-05  0.2362448E-05  0.1987343E-05  0.1620568E-05  0.1267845E-05  0.9374583E-06  0.6417599E-06  0.5143725E-06
  0.2934997E+04  0.4547643E-05  0.4111460E-05  0.3670484E-05  0.3226069E-05  0.2780288E-05  0.2336278E-05  0.1898772E-05  0.1474909E-05  0.1075542E-05  0.7176852E-06  0.5644373E-06
  0.2944997E+04  0.3647325E-05  0.3278871E-05  0.2911028E-05  0.2545494E-05  0.2184590E-05  0.1831506E-05  0.1490636E-05  0.1168010E-05  0.8717388E-06  0.6118666E-06  0.5002754E-06
  0.2954997E+04  0.4837461E-05  0.4369469E-05  0.3896026E-05  0.3418692E-05  0.2939865E-05  0.2463191E-05  0.1994200E-05  0.1541289E-05  0.1117276E-05  0.7418654E-06  0.5831393E-06
  0.2964997E+04  0.3988119E-05  0.3582418E-05  0.3176801E-05  0.2773310E-05  0.2374771E-05  0.1985089E-05  0.1609623E-05  0.1255588E-05  0.9322531E-06  0.6503004E-06  0.5298215E-06
  0.2974997E+04  0.4825940E-05  0.4355399E-05  0.3880346E-05  0.3402482E-05  0.2924358E-05  0.2449785E-05  0.1984455E-05  0.1536909E-05  0.1119996E-05  0.7527916E-06  0.5975457E-06
  0.2984997E+04  0.3885465E-05  0.3498899E-05  0.3112298E-05  0.2727379E-05  0.2346490E-05  0.1972850E-05  0.1610902E-05  0.1266813E-05  0.9491285E-06  0.6692918E-06  0.5492558E-06
  0.2994997E+04  0.4994502E-05  0.4509733E-05  0.4019903E-05  0.3526667E-05  0.3032537E-05  0.2541313E-05  0.2058752E-05  0.1593653E-05  0.1159735E-05  0.7788138E-06  0.6196753E-06
