  9.305-151  9.298-151  9.292-151  9.285-151  9.279-151
  1.512-146  1.511-146  1.510-146  1.509-146  1.508-146
  1.451-142  1.450-142  1.449-142  1.448-142  1.447-142
  3.208-140  3.207-140  3.205-140  3.203-140  3.202-140
  1.557-137  1.556-137  1.556-137  1.555-137  1.554-137
  2.764-134  2.762-134  2.761-134  2.760-134  2.759-134
  6.016-132  6.014-132  6.011-132  6.009-132  6.006-132
  1.089-129  1.089-129  1.088-129  1.088-129  1.087-129
  3.761-127  3.759-127  3.758-127  3.757-127  3.755-127
  4.966-124  4.965-124  4.963-124  4.962-124  4.960-124
  4.227-120  4.225-120  4.224-120  4.223-120  4.222-120
  3.253-116  3.252-116  3.252-116  3.251-116  3.250-116
  7.503-113  7.502-113  7.500-113  7.499-113  7.497-113
  1.118-109  1.118-109  1.118-109  1.118-109  1.117-109
  1.092-107  1.091-107  1.091-107  1.091-107  1.091-107
  1.352-106  1.352-106  1.351-106  1.351-106  1.351-106
  7.079-105  7.078-105  7.077-105  7.076-105  7.075-105
  2.281-103  2.280-103  2.280-103  2.280-103  2.279-103
  3.298-102  3.297-102  3.297-102  3.296-102  3.296-102
  3.483-100  3.482-100  3.482-100  3.481-100  3.481-100
  6.895E-98  6.894E-98  6.893E-98  6.892E-98  6.891E-98
  1.707E-95  1.707E-95  1.706E-95  1.706E-95  1.706E-95
  5.814E-93  5.813E-93  5.813E-93  5.812E-93  5.811E-93
  1.274E-90  1.274E-90  1.274E-90  1.274E-90  1.273E-90
  3.613E-88  3.613E-88  3.613E-88  3.612E-88  3.612E-88
  3.600E-86  3.599E-86  3.599E-86  3.599E-86  3.599E-86
  1.809E-84  1.809E-84  1.809E-84  1.809E-84  1.809E-84
  1.955E-82  1.955E-82  1.954E-82  1.954E-82  1.954E-82
  2.343E-80  2.343E-80  2.343E-80  2.343E-80  2.343E-80
  6.367E-79  6.367E-79  6.367E-79  6.366E-79  6.366E-79
  2.083E-77  2.083E-77  2.082E-77  2.082E-77  2.082E-77
  5.966E-76  5.965E-76  5.965E-76  5.965E-76  5.964E-76
  2.518E-75  2.517E-75  2.517E-75  2.517E-75  2.517E-75
  1.502E-73  1.502E-73  1.502E-73  1.502E-73  1.502E-73
  1.140E-71  1.140E-71  1.140E-71  1.140E-71  1.140E-71
  1.332E-70  1.332E-70  1.332E-70  1.332E-70  1.332E-70
  5.235E-69  5.235E-69  5.235E-69  5.235E-69  5.234E-69
  7.516E-68  7.515E-68  7.515E-68  7.515E-68  7.515E-68
  8.502E-67  8.502E-67  8.502E-67  8.502E-67  8.501E-67
  4.622E-65  4.622E-65  4.622E-65  4.621E-65  4.621E-65
  2.340E-63  2.339E-63  2.339E-63  2.339E-63  2.339E-63
  2.509E-62  2.509E-62  2.509E-62  2.509E-62  2.509E-62
  1.937E-61  1.937E-61  1.937E-61  1.937E-61  1.937E-61
  2.035E-60  2.035E-60  2.034E-60  2.034E-60  2.034E-60
  1.387E-59  1.387E-59  1.387E-59  1.387E-59  1.387E-59
  1.418E-58  1.418E-58  1.418E-58  1.418E-58  1.417E-58
  4.000E-57  4.000E-57  4.000E-57  4.000E-57  4.000E-57
  1.238E-55  1.238E-55  1.238E-55  1.238E-55  1.238E-55
  2.392E-54  2.392E-54  2.392E-54  2.392E-54  2.392E-54
  1.990E-53  1.990E-53  1.990E-53  1.990E-53  1.990E-53
  8.877E-53  8.877E-53  8.877E-53  8.877E-53  8.876E-53
  5.464E-52  5.464E-52  5.464E-52  5.464E-52  5.464E-52
  3.954E-51  3.954E-51  3.954E-51  3.954E-51  3.954E-51
  3.299E-50  3.299E-50  3.299E-50  3.299E-50  3.299E-50
  2.549E-49  2.549E-49  2.549E-49  2.549E-49  2.549E-49
  2.220E-48  2.220E-48  2.220E-48  2.220E-48  2.220E-48
  2.142E-47  2.142E-47  2.142E-47  2.141E-47  2.141E-47
  1.882E-46  1.882E-46  1.882E-46  1.882E-46  1.882E-46
  1.077E-45  1.077E-45  1.077E-45  1.077E-45  1.077E-45
  1.123E-44  1.123E-44  1.123E-44  1.123E-44  1.123E-44
  2.670E-43  2.670E-43  2.670E-43  2.670E-43  2.670E-43
  5.218E-42  5.218E-42  5.218E-42  5.218E-42  5.218E-42
  8.528E-41  8.528E-41  8.528E-41  8.528E-41  8.528E-41
  1.184E-39  1.184E-39  1.184E-39  1.184E-39  1.184E-39
  1.112E-38  1.112E-38  1.112E-38  1.112E-38  1.112E-38
  9.333E-38  9.333E-38  9.333E-38  9.333E-38  9.333E-38
  7.061E-37  7.061E-37  7.061E-37  7.061E-37  7.061E-37
  5.975E-36  5.975E-36  5.975E-36  5.975E-36  5.975E-36
  4.529E-35  4.529E-35  4.529E-35  4.529E-35  4.529E-35
  3.101E-34  3.100E-34  3.100E-34  3.100E-34  3.100E-34
  1.615E-33  1.615E-33  1.615E-33  1.615E-33  1.615E-33
  6.592E-33  6.592E-33  6.592E-33  6.592E-33  6.592E-33
  2.551E-32  2.551E-32  2.551E-32  2.551E-32  2.551E-32
  1.511E-31  1.511E-31  1.511E-31  1.511E-31  1.511E-31
  7.050E-31  7.050E-31  7.050E-31  7.050E-31  7.050E-31
  2.660E-30  2.660E-30  2.660E-30  2.660E-30  2.660E-30
  1.094E-29  1.094E-29  1.094E-29  1.094E-29  1.094E-29
  4.238E-29  4.238E-29  4.238E-29  4.238E-29  4.238E-29
  1.551E-28  1.551E-28  1.551E-28  1.551E-28  1.551E-28
  5.384E-28  5.384E-28  5.384E-28  5.384E-28  5.384E-28
  1.109E-27  1.109E-27  1.109E-27  1.109E-27  1.109E-27
  2.244E-27  2.244E-27  2.244E-27  2.244E-27  2.244E-27
  5.599E-27  5.599E-27  5.599E-27  5.599E-27  5.599E-27
  1.687E-26  1.687E-26  1.687E-26  1.687E-26  1.687E-26
  4.875E-26  4.875E-26  4.875E-26  4.875E-26  4.875E-26
  1.354E-25  1.354E-25  1.354E-25  1.354E-25  1.354E-25
  3.622E-25  3.622E-25  3.622E-25  3.622E-25  3.622E-25
  9.351E-25  9.351E-25  9.351E-25  9.351E-25  9.351E-25
  2.335E-24  2.335E-24  2.335E-24  2.335E-24  2.335E-24
  5.646E-24  5.646E-24  5.646E-24  5.646E-24  5.646E-24
  1.325E-23  1.325E-23  1.325E-23  1.325E-23  1.325E-23
  3.019E-23  3.019E-23  3.019E-23  3.019E-23  3.019E-23
  6.697E-23  6.697E-23  6.697E-23  6.697E-23  6.697E-23
  1.447E-22  1.447E-22  1.447E-22  1.447E-22  1.447E-22
  3.051E-22  3.051E-22  3.051E-22  3.051E-22  3.051E-22
  6.280E-22  6.280E-22  6.280E-22  6.280E-22  6.280E-22
  1.101E-21  1.101E-21  1.101E-21  1.101E-21  1.101E-21
  1.779E-21  1.779E-21  1.779E-21  1.779E-21  1.779E-21
  3.467E-21  3.467E-21  3.467E-21  3.467E-21  3.467E-21
  6.624E-21  6.624E-21  6.624E-21  6.624E-21  6.624E-21
  1.241E-20  1.241E-20  1.241E-20  1.241E-20  1.241E-20
  2.284E-20  2.284E-20  2.284E-20  2.284E-20  2.284E-20
  4.376E-20  4.376E-20  4.376E-20  4.376E-20  4.376E-20
  7.766E-20  7.766E-20  7.766E-20  7.766E-20  7.766E-20
  1.283E-19  1.283E-19  1.283E-19  1.283E-19  1.283E-19
  2.210E-19  2.210E-19  2.210E-19  2.210E-19  2.210E-19
  3.748E-19  3.748E-19  3.748E-19  3.748E-19  3.748E-19
  6.267E-19  6.267E-19  6.267E-19  6.267E-19  6.267E-19
  1.034E-18  1.034E-18  1.034E-18  1.034E-18  1.034E-18
  1.682E-18  1.682E-18  1.682E-18  1.682E-18  1.682E-18
  2.703E-18  2.703E-18  2.703E-18  2.703E-18  2.703E-18
  4.291E-18  4.291E-18  4.291E-18  4.291E-18  4.291E-18
  6.732E-18  6.732E-18  6.732E-18  6.732E-18  6.732E-18
  1.044E-17  1.044E-17  1.044E-17  1.044E-17  1.044E-17
  1.602E-17  1.602E-17  1.602E-17  1.602E-17  1.602E-17
  2.432E-17  2.432E-17  2.432E-17  2.432E-17  2.432E-17
  3.654E-17  3.654E-17  3.654E-17  3.654E-17  3.654E-17
  5.437E-17  5.437E-17  5.437E-17  5.437E-17  5.437E-17
  8.014E-17  8.014E-17  8.014E-17  8.014E-17  8.014E-17
  1.170E-16  1.170E-16  1.170E-16  1.170E-16  1.170E-16
  1.694E-16  1.694E-16  1.694E-16  1.694E-16  1.694E-16
  2.432E-16  2.432E-16  2.432E-16  2.432E-16  2.432E-16
  3.462E-16  3.462E-16  3.462E-16  3.462E-16  3.462E-16
  4.889E-16  4.889E-16  4.889E-16  4.889E-16  4.889E-16
  6.852E-16  6.852E-16  6.851E-16  6.851E-16  6.851E-16
  9.530E-16  9.530E-16  9.530E-16  9.529E-16  9.529E-16
  1.316E-15  1.316E-15  1.316E-15  1.316E-15  1.316E-15
  1.804E-15  1.804E-15  1.804E-15  1.804E-15  1.804E-15
  2.457E-15  2.457E-15  2.456E-15  2.456E-15  2.456E-15
  3.325E-15  3.325E-15  3.325E-15  3.325E-15  3.325E-15
  4.470E-15  4.470E-15  4.470E-15  4.470E-15  4.470E-15
  5.972E-15  5.972E-15  5.972E-15  5.971E-15  5.971E-15
  7.929E-15  7.928E-15  7.928E-15  7.927E-15  7.926E-15
  1.047E-14  1.047E-14  1.047E-14  1.047E-14  1.047E-14
  1.375E-14  1.375E-14  1.375E-14  1.375E-14  1.375E-14
  1.795E-14  1.795E-14  1.795E-14  1.795E-14  1.795E-14
  2.332E-14  2.332E-14  2.332E-14  2.332E-14  2.332E-14
  3.013E-14  3.013E-14  3.013E-14  3.013E-14  3.013E-14
  3.873E-14  3.873E-14  3.873E-14  3.873E-14  3.873E-14
  4.955E-14  4.955E-14  4.955E-14  4.955E-14  4.955E-14
  6.309E-14  6.309E-14  6.309E-14  6.309E-14  6.309E-14
  7.999E-14  7.998E-14  7.996E-14  7.995E-14  7.994E-14
  1.010E-13  1.010E-13  1.009E-13  1.008E-13  1.008E-13
  1.270E-13  1.268E-13  1.267E-13  1.266E-13  1.266E-13
  1.588E-13  1.587E-13  1.585E-13  1.583E-13  1.582E-13
  1.978E-13  1.975E-13  1.973E-13  1.970E-13  1.968E-13
  2.451E-13  2.448E-13  2.445E-13  2.442E-13  2.439E-13
  3.025E-13  3.021E-13  3.016E-13  3.011E-13  3.005E-13
  3.714E-13  3.707E-13  3.700E-13  3.691E-13  3.679E-13
  4.582E-13  4.579E-13  4.575E-13  4.573E-13  4.573E-13
  5.593E-13  5.591E-13  5.589E-13  5.588E-13  5.588E-13
  6.808E-13  6.806E-13  6.806E-13  6.805E-13  6.805E-13
  8.260E-13  8.259E-13  8.259E-13  8.259E-13  8.259E-13
  9.991E-13  9.990E-13  9.990E-13  9.989E-13  9.989E-13
  1.206E-12  1.205E-12  1.205E-12  1.204E-12  1.204E-12
  1.428E-12  1.423E-12  1.418E-12  1.411E-12  1.401E-12
  1.723E-12  1.719E-12  1.715E-12  1.709E-12  1.702E-12
  2.065E-12  2.062E-12  2.058E-12  2.055E-12  2.050E-12
  2.462E-12  2.459E-12  2.455E-12  2.452E-12  2.447E-12
  2.926E-12  2.923E-12  2.919E-12  2.915E-12  2.911E-12
  3.466E-12  3.462E-12  3.458E-12  3.455E-12  3.451E-12
  4.094E-12  4.090E-12  4.086E-12  4.082E-12  4.079E-12
  4.822E-12  4.817E-12  4.813E-12  4.809E-12  4.805E-12
  5.664E-12  5.659E-12  5.654E-12  5.650E-12  5.647E-12
  6.635E-12  6.629E-12  6.625E-12  6.621E-12  6.617E-12
  7.753E-12  7.747E-12  7.742E-12  7.737E-12  7.734E-12
  9.037E-12  9.030E-12  9.025E-12  9.020E-12  9.017E-12
  1.051E-11  1.050E-11  1.049E-11  1.049E-11  1.049E-11
  1.219E-11  1.218E-11  1.218E-11  1.217E-11  1.217E-11
  1.411E-11  1.410E-11  1.409E-11  1.409E-11  1.408E-11
  1.629E-11  1.628E-11  1.627E-11  1.627E-11  1.626E-11
  1.877E-11  1.876E-11  1.875E-11  1.875E-11  1.874E-11
  2.158E-11  2.157E-11  2.156E-11  2.155E-11  2.155E-11
  2.476E-11  2.475E-11  2.474E-11  2.473E-11  2.473E-11
  2.835E-11  2.834E-11  2.832E-11  2.832E-11  2.831E-11
  3.114E-11  3.112E-11  3.110E-11  3.109E-11  3.109E-11
  3.326E-11  3.325E-11  3.323E-11  3.322E-11  3.322E-11
  3.695E-11  3.693E-11  3.691E-11  3.690E-11  3.690E-11
  4.205E-11  4.203E-11  4.201E-11  4.200E-11  4.200E-11
  4.777E-11  4.774E-11  4.773E-11  4.772E-11  4.771E-11
  5.417E-11  5.414E-11  5.412E-11  5.411E-11  5.410E-11
  6.132E-11  6.129E-11  6.126E-11  6.125E-11  6.124E-11
  6.928E-11  6.925E-11  6.922E-11  6.920E-11  6.919E-11
  7.537E-11  7.534E-11  7.532E-11  7.530E-11  7.529E-11
  8.004E-11  7.999E-11  7.996E-11  7.994E-11  7.993E-11
  8.813E-11  8.804E-11  8.796E-11  8.790E-11  8.787E-11
  1.013E-10  1.006E-10  9.994E-11  9.936E-11  9.888E-11
  1.141E-10  1.132E-10  1.124E-10  1.116E-10  1.110E-10
  1.296E-10  1.281E-10  1.267E-10  1.255E-10  1.245E-10
  1.439E-10  1.425E-10  1.413E-10  1.402E-10  1.393E-10
  1.649E-10  1.623E-10  1.599E-10  1.577E-10  1.559E-10
  1.848E-10  1.817E-10  1.787E-10  1.761E-10  1.739E-10
  2.066E-10  2.029E-10  1.995E-10  1.964E-10  1.938E-10
  2.296E-10  2.256E-10  2.217E-10  2.183E-10  2.155E-10
  2.553E-10  2.507E-10  2.464E-10  2.425E-10  2.393E-10
  2.839E-10  2.786E-10  2.736E-10  2.691E-10  2.655E-10
  3.173E-10  3.107E-10  3.044E-10  2.988E-10  2.942E-10
  3.609E-10  3.510E-10  3.417E-10  3.332E-10  3.263E-10
  3.799E-10  3.737E-10  3.679E-10  3.628E-10  3.587E-10
  4.398E-10  4.278E-10  4.164E-10  4.060E-10  3.976E-10
  4.517E-10  4.436E-10  4.360E-10  4.292E-10  4.237E-10
  4.923E-10  4.794E-10  4.671E-10  4.558E-10  4.464E-10
  5.860E-10  5.608E-10  5.357E-10  5.113E-10  4.893E-10
  7.599E-10  7.126E-10  6.641E-10  6.140E-10  5.629E-10
  9.645E-10  8.814E-10  8.016E-10  7.224E-10  6.424E-10
  1.171E-09  1.019E-09  9.066E-10  8.092E-10  7.158E-10
  1.370E-09  1.175E-09  1.035E-09  9.143E-10  7.974E-10
  1.747E-09  1.397E-09  1.189E-09  1.034E-09  8.902E-10
  2.139E-09  1.669E-09  1.392E-09  1.188E-09  1.001E-09
  3.105E-09  2.194E-09  1.719E-09  1.417E-09  1.156E-09
  2.368E-09  1.926E-09  1.641E-09  1.412E-09  1.194E-09
  3.043E-09  2.299E-09  1.877E-09  1.584E-09  1.323E-09
  4.085E-09  2.897E-09  2.265E-09  1.858E-09  1.505E-09
  5.459E-09  3.568E-09  2.635E-09  2.110E-09  1.688E-09
  5.026E-09  3.553E-09  2.757E-09  2.247E-09  1.807E-09
  4.415E-09  3.397E-09  2.784E-09  2.328E-09  1.905E-09
  5.195E-09  3.938E-09  3.185E-09  2.634E-09  2.129E-09
  5.747E-09  4.340E-09  3.494E-09  2.878E-09  2.314E-09
  3.961E-09  3.456E-09  3.044E-09  2.661E-09  2.270E-09
  6.399E-09  4.811E-09  3.888E-09  3.236E-09  2.640E-09
  8.721E-09  6.013E-09  4.585E-09  3.706E-09  2.961E-09
  9.305E-09  6.504E-09  4.989E-09  4.035E-09  3.217E-09
  1.022E-08  7.083E-09  5.396E-09  4.353E-09  3.471E-09
  1.240E-08  8.465E-09  6.348E-09  5.036E-09  3.923E-09
  1.170E-08  8.285E-09  6.391E-09  5.160E-09  4.087E-09
  1.292E-08  9.108E-09  7.007E-09  5.634E-09  4.427E-09
  1.107E-08  8.601E-09  7.027E-09  5.799E-09  4.619E-09
  7.001E-09  6.271E-09  5.608E-09  4.954E-09  4.272E-09
  1.569E-08  1.142E-08  8.928E-09  7.195E-09  5.616E-09
  1.680E-08  1.218E-08  9.509E-09  7.664E-09  5.985E-09
  2.178E-08  1.519E-08  1.149E-08  9.054E-09  6.903E-09
  1.976E-08  1.456E-08  1.145E-08  9.207E-09  7.121E-09
  1.993E-08  1.498E-08  1.192E-08  9.641E-09  7.488E-09
  2.321E-08  1.679E-08  1.303E-08  1.044E-08  8.088E-09
  2.344E-08  1.727E-08  1.354E-08  1.092E-08  8.543E-09
  2.682E-08  1.932E-08  1.488E-08  1.187E-08  9.201E-09
  2.118E-08  1.656E-08  1.356E-08  1.128E-08  9.092E-09
  3.149E-08  2.234E-08  1.705E-08  1.356E-08  1.050E-08
  3.654E-08  2.545E-08  1.911E-08  1.502E-08  1.149E-08
  3.536E-08  2.557E-08  1.972E-08  1.569E-08  1.207E-08
  3.583E-08  2.609E-08  2.024E-08  1.620E-08  1.257E-08
  3.315E-08  2.561E-08  2.073E-08  1.690E-08  1.317E-08
  4.998E-08  3.413E-08  2.515E-08  1.949E-08  1.469E-08
  5.101E-08  3.532E-08  2.616E-08  2.034E-08  1.542E-08
  9.719E-08  6.296E-08  4.055E-08  2.728E-08  1.905E-08
  2.032E-07  1.312E-07  7.744E-08  4.302E-08  2.523E-08
  2.847E-07  1.821E-07  1.042E-07  5.414E-08  2.953E-08
  2.364E-07  1.504E-07  8.647E-08  4.649E-08  2.692E-08
  2.460E-07  1.591E-07  9.300E-08  5.030E-08  2.877E-08
  3.536E-07  2.279E-07  1.305E-07  6.666E-08  3.521E-08
  3.495E-07  2.248E-07  1.287E-07  6.633E-08  3.573E-08
  2.849E-07  1.852E-07  1.093E-07  6.007E-08  3.467E-08
  2.971E-07  1.928E-07  1.135E-07  6.233E-08  3.622E-08
  4.346E-07  2.822E-07  1.626E-07  8.304E-08  4.344E-08
  4.221E-07  2.732E-07  1.582E-07  8.290E-08  4.495E-08
  3.940E-07  2.573E-07  1.512E-07  8.109E-08  4.498E-08
  2.714E-07  1.791E-07  1.093E-07  6.390E-08  3.940E-08
  3.825E-07  2.531E-07  1.519E-07  8.384E-08  4.753E-08
  5.416E-07  3.603E-07  2.143E-07  1.129E-07  5.868E-08
  5.120E-07  3.414E-07  2.043E-07  1.093E-07  5.822E-08
  3.532E-07  2.387E-07  1.487E-07  8.671E-08  5.157E-08
  3.018E-07  2.042E-07  1.294E-07  7.922E-08  5.022E-08
  3.534E-07  2.393E-07  1.504E-07  9.011E-08  5.570E-08
  5.231E-07  3.539E-07  2.171E-07  1.209E-07  6.710E-08
  3.885E-07  2.649E-07  1.673E-07  9.985E-08  6.103E-08
  5.410E-07  3.674E-07  2.267E-07  1.273E-07  7.144E-08
  4.371E-07  2.976E-07  1.875E-07  1.112E-07  6.723E-08
  3.995E-07  2.725E-07  1.740E-07  1.069E-07  6.747E-08
  2.829E-07  2.000E-07  1.366E-07  9.257E-08  6.336E-08
  1.625E-07  1.234E-07  9.362E-08  7.184E-08  5.490E-08
  4.221E-07  2.923E-07  1.909E-07  1.204E-07  7.691E-08
  1.933E-07  1.458E-07  1.094E-07  8.273E-08  6.210E-08
  2.797E-07  2.023E-07  1.433E-07  1.017E-07  7.228E-08
  1.357E-07  1.100E-07  8.976E-08  7.364E-08  5.939E-08
  1.925E-07  1.483E-07  1.145E-07  8.912E-08  6.844E-08
  1.924E-07  1.498E-07  1.170E-07  9.207E-08  7.110E-08
  2.567E-07  1.922E-07  1.416E-07  1.045E-07  7.761E-08
  5.555E-07  3.931E-07  2.605E-07  1.638E-07  1.032E-07
  5.504E-07  3.939E-07  2.648E-07  1.692E-07  1.079E-07
  6.980E-07  4.958E-07  3.272E-07  2.015E-07  1.224E-07
  7.567E-07  5.368E-07  3.523E-07  2.145E-07  1.285E-07
  6.210E-07  4.421E-07  2.960E-07  1.892E-07  1.213E-07
  5.418E-07  3.889E-07  2.648E-07  1.746E-07  1.166E-07
  2.343E-07  1.811E-07  1.416E-07  1.136E-07  9.160E-08
  3.881E-07  2.870E-07  2.064E-07  1.481E-07  1.087E-07
  6.063E-07  4.328E-07  2.941E-07  1.953E-07  1.323E-07
  2.297E-07  1.880E-07  1.559E-07  1.301E-07  1.057E-07
  1.498E-07  1.361E-07  1.231E-07  1.098E-07  9.478E-08
  1.591E-07  1.406E-07  1.251E-07  1.109E-07  9.615E-08
  2.204E-07  1.884E-07  1.616E-07  1.379E-07  1.144E-07
  2.981E-07  2.478E-07  2.041E-07  1.663E-07  1.317E-07
  7.567E-07  5.988E-07  4.501E-07  3.155E-07  2.027E-07
  6.502E-07  5.081E-07  3.793E-07  2.686E-07  1.804E-07
  9.836E-07  7.570E-07  5.490E-07  3.674E-07  2.231E-07
  8.625E-07  6.595E-07  4.781E-07  3.248E-07  2.060E-07
  7.402E-07  5.676E-07  4.167E-07  2.919E-07  1.949E-07
  5.603E-07  4.348E-07  3.295E-07  2.451E-07  1.774E-07
  5.139E-07  4.039E-07  3.109E-07  2.358E-07  1.747E-07
  7.814E-07  5.962E-07  4.376E-07  3.097E-07  2.115E-07
  1.646E-06  1.270E-06  9.137E-07  5.922E-07  3.335E-07
  2.339E-06  1.815E-06  1.307E-06  8.359E-07  4.445E-07
  3.149E-06  2.477E-06  1.809E-06  1.167E-06  6.035E-07
  1.997E-06  1.556E-06  1.132E-06  7.431E-07  4.177E-07
  2.327E-06  1.811E-06  1.312E-06  8.511E-07  4.650E-07
  2.782E-06  2.178E-06  1.586E-06  1.029E-06  5.498E-07
  2.018E-06  1.577E-06  1.152E-06  7.594E-07  4.295E-07
  2.499E-06  1.957E-06  1.429E-06  9.347E-07  5.129E-07
  1.696E-06  1.325E-06  9.729E-07  6.533E-07  3.887E-07
  1.307E-06  9.971E-07  7.221E-07  4.945E-07  3.233E-07
  1.648E-06  1.269E-06  9.206E-07  6.198E-07  3.837E-07
  7.969E-07  6.371E-07  4.979E-07  3.808E-07  2.819E-07
  1.248E-06  9.756E-07  7.304E-07  5.202E-07  3.502E-07
  1.801E-06  1.397E-06  1.023E-06  6.946E-07  4.308E-07
  1.814E-06  1.397E-06  1.019E-06  6.964E-07  4.431E-07
  7.986E-07  6.593E-07  5.386E-07  4.325E-07  3.304E-07
  3.191E-07  2.973E-07  2.751E-07  2.514E-07  2.248E-07
  3.903E-07  3.549E-07  3.204E-07  2.854E-07  2.469E-07
  1.521E-06  1.178E-06  8.801E-07  6.347E-07  4.361E-07
  2.643E-06  2.018E-06  1.441E-06  9.462E-07  5.671E-07
  2.439E-06  1.866E-06  1.339E-06  8.878E-07  5.453E-07
  1.302E-06  1.013E-06  7.679E-07  5.724E-07  4.194E-07
  5.278E-07  4.644E-07  4.104E-07  3.618E-07  3.108E-07
  2.157E-06  1.642E-06  1.183E-06  8.063E-07  5.277E-07
  3.381E-06  2.640E-06  1.920E-06  1.258E-06  7.182E-07
  2.970E-06  2.349E-06  1.745E-06  1.183E-06  7.014E-07
  3.790E-06  3.028E-06  2.264E-06  1.525E-06  8.632E-07
  4.947E-06  3.971E-06  2.978E-06  1.997E-06  1.096E-06
  4.437E-06  3.576E-06  2.705E-06  1.846E-06  1.049E-06
  4.316E-06  3.469E-06  2.617E-06  1.784E-06  1.023E-06
  4.673E-06  3.754E-06  2.828E-06  1.922E-06  1.095E-06
  4.665E-06  3.758E-06  2.844E-06  1.947E-06  1.123E-06
  4.807E-06  3.857E-06  2.900E-06  1.969E-06  1.131E-06
  5.153E-06  4.175E-06  3.178E-06  2.185E-06  1.258E-06
  5.464E-06  4.427E-06  3.368E-06  2.314E-06  1.332E-06
  5.726E-06  4.663E-06  3.574E-06  2.483E-06  1.442E-06
  5.504E-06  4.466E-06  3.417E-06  2.381E-06  1.414E-06
  6.110E-06  5.019E-06  3.893E-06  2.747E-06  1.623E-06
  6.103E-06  4.977E-06  3.824E-06  2.669E-06  1.575E-06
  5.798E-06  4.752E-06  3.684E-06  2.615E-06  1.584E-06
  6.338E-06  5.206E-06  4.045E-06  2.873E-06  1.735E-06
  5.747E-06  4.722E-06  3.676E-06  2.629E-06  1.622E-06
  6.491E-06  5.336E-06  4.145E-06  2.942E-06  1.785E-06
  5.513E-06  4.526E-06  3.525E-06  2.534E-06  1.597E-06
  7.284E-06  6.052E-06  4.761E-06  3.423E-06  2.081E-06
  8.540E-06  7.123E-06  5.621E-06  4.041E-06  2.426E-06
  8.356E-06  6.969E-06  5.506E-06  3.976E-06  2.419E-06
  8.175E-06  6.782E-06  5.329E-06  3.834E-06  2.345E-06
  8.307E-06  6.916E-06  5.458E-06  3.946E-06  2.424E-06
  8.250E-06  6.858E-06  5.402E-06  3.900E-06  2.404E-06
  6.641E-06  5.484E-06  4.311E-06  3.147E-06  2.036E-06
  7.732E-06  6.397E-06  5.021E-06  3.632E-06  2.292E-06
  7.945E-06  6.596E-06  5.198E-06  3.776E-06  2.392E-06
  8.341E-06  6.953E-06  5.507E-06  4.021E-06  2.554E-06
  8.612E-06  7.210E-06  5.735E-06  4.204E-06  2.669E-06
  9.005E-06  7.554E-06  6.020E-06  4.416E-06  2.794E-06
  9.740E-06  8.208E-06  6.575E-06  4.844E-06  3.054E-06
  1.023E-05  8.646E-06  6.944E-06  5.128E-06  3.232E-06
  9.685E-06  8.194E-06  6.598E-06  4.895E-06  3.115E-06
  1.120E-05  9.485E-06  7.634E-06  5.634E-06  3.521E-06
  8.794E-06  7.385E-06  5.907E-06  4.375E-06  2.844E-06
  8.893E-06  7.509E-06  6.049E-06  4.522E-06  2.970E-06
  9.870E-06  8.397E-06  6.821E-06  5.138E-06  3.367E-06
  1.007E-05  8.587E-06  6.996E-06  5.292E-06  3.486E-06
  1.030E-05  8.771E-06  7.140E-06  5.397E-06  3.556E-06
  1.161E-05  9.901E-06  8.054E-06  6.062E-06  3.933E-06
  1.200E-05  1.026E-05  8.376E-06  6.325E-06  4.108E-06
  1.166E-05  9.956E-06  8.121E-06  6.144E-06  4.038E-06
  1.217E-05  1.044E-05  8.553E-06  6.497E-06  4.260E-06
  9.561E-06  8.151E-06  6.654E-06  5.075E-06  3.460E-06
  1.081E-05  9.202E-06  7.473E-06  5.631E-06  3.742E-06
  1.289E-05  1.101E-05  8.952E-06  6.708E-06  4.342E-06
  1.361E-05  1.151E-05  9.252E-06  6.846E-06  4.388E-06
  1.385E-05  1.161E-05  9.241E-06  6.770E-06  4.323E-06
  8.772E-06  7.370E-06  5.957E-06  4.575E-06  3.287E-06
  1.247E-05  1.030E-05  8.080E-06  5.875E-06  3.833E-06
  1.242E-05  1.021E-05  7.988E-06  5.821E-06  3.846E-06
  1.298E-05  1.102E-05  8.930E-06  6.724E-06  4.492E-06
  1.519E-05  1.276E-05  1.022E-05  7.602E-06  4.999E-06
  8.115E-06  6.890E-06  5.684E-06  4.520E-06  3.413E-06
  1.398E-05  1.171E-05  9.374E-06  7.033E-06  4.775E-06
  9.496E-06  8.109E-06  6.693E-06  5.276E-06  3.889E-06
  1.830E-05  1.552E-05  1.254E-05  9.388E-06  6.111E-06
  1.958E-05  1.663E-05  1.347E-05  1.010E-05  6.562E-06
  1.962E-05  1.665E-05  1.348E-05  1.011E-05  6.574E-06
  1.915E-05  1.627E-05  1.319E-05  9.920E-06  6.505E-06
  1.893E-05  1.607E-05  1.303E-05  9.806E-06  6.463E-06
  2.101E-05  1.806E-05  1.482E-05  1.125E-05  7.353E-06
  2.012E-05  1.752E-05  1.458E-05  1.125E-05  7.473E-06
  2.131E-05  1.819E-05  1.481E-05  1.117E-05  7.292E-06
  2.166E-05  1.845E-05  1.499E-05  1.126E-05  7.337E-06
  2.193E-05  1.871E-05  1.523E-05  1.148E-05  7.506E-06
  2.122E-05  1.807E-05  1.471E-05  1.112E-05  7.352E-06
  2.153E-05  1.839E-05  1.503E-05  1.143E-05  7.614E-06
  2.060E-05  1.765E-05  1.449E-05  1.112E-05  7.533E-06
  2.129E-05  1.818E-05  1.487E-05  1.136E-05  7.669E-06
  2.033E-05  1.733E-05  1.417E-05  1.086E-05  7.442E-06
  1.890E-05  1.613E-05  1.323E-05  1.021E-05  7.093E-06
  1.600E-05  1.366E-05  1.126E-05  8.838E-06  6.383E-06
  2.219E-05  1.919E-05  1.591E-05  1.231E-05  8.390E-06
  2.127E-05  1.851E-05  1.545E-05  1.204E-05  8.301E-06
  2.396E-05  2.057E-05  1.691E-05  1.297E-05  8.783E-06
  2.230E-05  1.911E-05  1.571E-05  1.211E-05  8.346E-06
  2.384E-05  2.052E-05  1.693E-05  1.306E-05  8.915E-06
  2.520E-05  2.180E-05  1.809E-05  1.402E-05  9.558E-06
  2.510E-05  2.175E-05  1.809E-05  1.407E-05  9.632E-06
  2.629E-05  2.283E-05  1.903E-05  1.482E-05  1.012E-05
  2.673E-05  2.323E-05  1.939E-05  1.513E-05  1.037E-05
  2.896E-05  2.523E-05  2.110E-05  1.647E-05  1.121E-05
  2.690E-05  2.343E-05  1.961E-05  1.537E-05  1.059E-05
  2.785E-05  2.427E-05  2.033E-05  1.592E-05  1.095E-05
  2.941E-05  2.566E-05  2.150E-05  1.684E-05  1.154E-05
  2.822E-05  2.464E-05  2.068E-05  1.626E-05  1.125E-05
  2.906E-05  2.539E-05  2.133E-05  1.677E-05  1.159E-05
  2.893E-05  2.528E-05  2.124E-05  1.672E-05  1.158E-05
  2.939E-05  2.570E-05  2.162E-05  1.703E-05  1.181E-05
  3.019E-05  2.641E-05  2.222E-05  1.751E-05  1.212E-05
  2.994E-05  2.622E-05  2.209E-05  1.745E-05  1.215E-05
  2.908E-05  2.551E-05  2.155E-05  1.710E-05  1.200E-05
  3.052E-05  2.675E-05  2.256E-05  1.785E-05  1.246E-05
  3.104E-05  2.724E-05  2.302E-05  1.825E-05  1.277E-05
  3.124E-05  2.744E-05  2.321E-05  1.843E-05  1.292E-05
  3.137E-05  2.757E-05  2.333E-05  1.854E-05  1.302E-05
  3.135E-05  2.755E-05  2.332E-05  1.854E-05  1.305E-05
  3.191E-05  2.809E-05  2.382E-05  1.896E-05  1.334E-05
  3.024E-05  2.682E-05  2.292E-05  1.842E-05  1.311E-05
  2.695E-05  2.416E-05  2.094E-05  1.713E-05  1.252E-05
  3.116E-05  2.751E-05  2.341E-05  1.876E-05  1.337E-05
  3.141E-05  2.771E-05  2.358E-05  1.890E-05  1.348E-05
  3.104E-05  2.739E-05  2.333E-05  1.874E-05  1.343E-05
  3.222E-05  2.847E-05  2.428E-05  1.951E-05  1.396E-05
  3.279E-05  2.895E-05  2.465E-05  1.978E-05  1.412E-05
  3.116E-05  2.753E-05  2.350E-05  1.893E-05  1.364E-05
  3.025E-05  2.674E-05  2.285E-05  1.845E-05  1.338E-05
  3.196E-05  2.826E-05  2.412E-05  1.945E-05  1.402E-05
  3.209E-05  2.840E-05  2.428E-05  1.959E-05  1.415E-05
  3.340E-05  2.956E-05  2.526E-05  2.037E-05  1.466E-05
  3.263E-05  2.888E-05  2.468E-05  1.992E-05  1.439E-05
  3.321E-05  2.941E-05  2.515E-05  2.030E-05  1.466E-05
  3.279E-05  2.903E-05  2.484E-05  2.007E-05  1.454E-05
  3.201E-05  2.836E-05  2.429E-05  1.968E-05  1.434E-05
  2.917E-05  2.585E-05  2.219E-05  1.811E-05  1.349E-05
  2.964E-05  2.630E-05  2.261E-05  1.849E-05  1.380E-05
  3.261E-05  2.896E-05  2.489E-05  2.026E-05  1.486E-05
  3.323E-05  2.952E-05  2.538E-05  2.066E-05  1.516E-05
  3.429E-05  3.048E-05  2.621E-05  2.134E-05  1.563E-05
  3.110E-05  2.768E-05  2.388E-05  1.958E-05  1.460E-05
  3.442E-05  3.064E-05  2.640E-05  2.155E-05  1.585E-05
  3.548E-05  3.161E-05  2.726E-05  2.226E-05  1.635E-05
  3.279E-05  2.923E-05  2.525E-05  2.072E-05  1.542E-05
  3.499E-05  3.120E-05  2.694E-05  2.206E-05  1.630E-05
  3.510E-05  3.132E-05  2.707E-05  2.219E-05  1.642E-05
  3.508E-05  3.130E-05  2.705E-05  2.218E-05  1.642E-05
  3.421E-05  3.055E-05  2.645E-05  2.175E-05  1.622E-05
  3.525E-05  3.147E-05  2.722E-05  2.235E-05  1.660E-05
  3.611E-05  3.228E-05  2.797E-05  2.299E-05  1.706E-05
  3.580E-05  3.200E-05  2.772E-05  2.280E-05  1.696E-05
  3.580E-05  3.200E-05  2.772E-05  2.280E-05  1.700E-05
  3.610E-05  3.226E-05  2.795E-05  2.300E-05  1.714E-05
  3.635E-05  3.253E-05  2.822E-05  2.326E-05  1.737E-05
  3.699E-05  3.312E-05  2.874E-05  2.369E-05  1.768E-05
  3.626E-05  3.249E-05  2.824E-05  2.334E-05  1.750E-05
  3.587E-05  3.214E-05  2.794E-05  2.311E-05  1.738E-05
  3.683E-05  3.305E-05  2.876E-05  2.381E-05  1.788E-05
  3.729E-05  3.343E-05  2.907E-05  2.403E-05  1.803E-05
  3.737E-05  3.351E-05  2.915E-05  2.412E-05  1.813E-05
  3.683E-05  3.304E-05  2.877E-05  2.385E-05  1.800E-05
  3.744E-05  3.362E-05  2.929E-05  2.430E-05  1.834E-05
  3.706E-05  3.328E-05  2.901E-05  2.409E-05  1.821E-05
  3.897E-05  3.503E-05  3.055E-05  2.535E-05  1.908E-05
  3.818E-05  3.432E-05  2.995E-05  2.488E-05  1.880E-05
  3.865E-05  3.476E-05  3.035E-05  2.523E-05  1.906E-05
  3.807E-05  3.422E-05  2.986E-05  2.483E-05  1.882E-05
  3.884E-05  3.495E-05  3.054E-05  2.541E-05  1.925E-05
  3.938E-05  3.547E-05  3.101E-05  2.583E-05  1.956E-05
  3.884E-05  3.499E-05  3.061E-05  2.552E-05  1.939E-05
  3.908E-05  3.523E-05  3.084E-05  2.573E-05  1.956E-05
  3.685E-05  3.320E-05  2.908E-05  2.433E-05  1.870E-05
  3.915E-05  3.530E-05  3.092E-05  2.583E-05  1.968E-05
  3.925E-05  3.541E-05  3.103E-05  2.594E-05  1.979E-05
  3.949E-05  3.563E-05  3.124E-05  2.612E-05  1.994E-05
  3.968E-05  3.583E-05  3.144E-05  2.632E-05  2.012E-05
  3.956E-05  3.572E-05  3.135E-05  2.625E-05  2.009E-05
  3.922E-05  3.543E-05  3.112E-05  2.609E-05  2.002E-05
  3.945E-05  3.567E-05  3.136E-05  2.633E-05  2.023E-05
  4.024E-05  3.638E-05  3.197E-05  2.683E-05  2.057E-05
  4.020E-05  3.635E-05  3.197E-05  2.684E-05  2.061E-05
  3.970E-05  3.588E-05  3.154E-05  2.649E-05  2.039E-05
  3.957E-05  3.579E-05  3.150E-05  2.649E-05  2.044E-05
  3.861E-05  3.494E-05  3.078E-05  2.594E-05  2.010E-05
  3.915E-05  3.545E-05  3.124E-05  2.634E-05  2.041E-05
  3.829E-05  3.468E-05  3.060E-05  2.585E-05  2.013E-05
  4.008E-05  3.631E-05  3.201E-05  2.698E-05  2.088E-05
  4.032E-05  3.654E-05  3.222E-05  2.718E-05  2.104E-05
  3.967E-05  3.595E-05  3.171E-05  2.677E-05  2.080E-05
  3.883E-05  3.522E-05  3.111E-05  2.632E-05  2.054E-05
  4.037E-05  3.660E-05  3.231E-05  2.729E-05  2.120E-05
  4.063E-05  3.686E-05  3.255E-05  2.751E-05  2.137E-05
  3.984E-05  3.615E-05  3.195E-05  2.705E-05  2.110E-05
  4.012E-05  3.642E-05  3.220E-05  2.727E-05  2.128E-05
  4.037E-05  3.665E-05  3.241E-05  2.745E-05  2.143E-05
  4.041E-05  3.669E-05  3.245E-05  2.750E-05  2.148E-05
  4.075E-05  3.703E-05  3.278E-05  2.780E-05  2.172E-05
  4.012E-05  3.647E-05  3.232E-05  2.745E-05  2.153E-05
  4.064E-05  3.696E-05  3.275E-05  2.781E-05  2.178E-05
  4.031E-05  3.667E-05  3.252E-05  2.765E-05  2.173E-05
  4.041E-05  3.677E-05  3.261E-05  2.774E-05  2.181E-05
  4.013E-05  3.654E-05  3.243E-05  2.762E-05  2.175E-05
  4.100E-05  3.734E-05  3.315E-05  2.822E-05  2.217E-05
  4.112E-05  3.748E-05  3.330E-05  2.837E-05  2.231E-05
  3.981E-05  3.654E-05  3.270E-05  2.807E-05  2.224E-05
  3.518E-05  3.274E-05  2.980E-05  2.616E-05  2.135E-05
  4.077E-05  3.726E-05  3.320E-05  2.837E-05  2.241E-05
  4.150E-05  3.785E-05  3.365E-05  2.870E-05  2.263E-05
  4.142E-05  3.776E-05  3.357E-05  2.865E-05  2.261E-05
  4.151E-05  3.785E-05  3.367E-05  2.874E-05  2.271E-05
  4.125E-05  3.763E-05  3.349E-05  2.862E-05  2.264E-05
  4.184E-05  3.817E-05  3.397E-05  2.903E-05  2.295E-05
  4.135E-05  3.773E-05  3.358E-05  2.871E-05  2.276E-05
  4.183E-05  3.819E-05  3.401E-05  2.909E-05  2.305E-05
  4.164E-05  3.802E-05  3.388E-05  2.900E-05  2.302E-05
  4.172E-05  3.810E-05  3.395E-05  2.907E-05  2.309E-05
  4.174E-05  3.813E-05  3.398E-05  2.911E-05  2.313E-05
  4.165E-05  3.805E-05  3.393E-05  2.909E-05  2.315E-05
  4.199E-05  3.838E-05  3.424E-05  2.936E-05  2.336E-05
  4.144E-05  3.788E-05  3.381E-05  2.902E-05  2.315E-05
  4.184E-05  3.827E-05  3.416E-05  2.932E-05  2.338E-05
  4.202E-05  3.844E-05  3.432E-05  2.948E-05  2.351E-05
  4.194E-05  3.837E-05  3.427E-05  2.944E-05  2.351E-05
  4.199E-05  3.842E-05  3.433E-05  2.950E-05  2.357E-05
  4.199E-05  3.843E-05  3.435E-05  2.954E-05  2.361E-05
  4.210E-05  3.854E-05  3.446E-05  2.964E-05  2.371E-05
  4.216E-05  3.860E-05  3.452E-05  2.970E-05  2.377E-05
  4.131E-05  3.783E-05  3.385E-05  2.918E-05  2.345E-05
  4.196E-05  3.844E-05  3.440E-05  2.963E-05  2.377E-05
  4.218E-05  3.865E-05  3.460E-05  2.982E-05  2.393E-05
  4.203E-05  3.852E-05  3.449E-05  2.974E-05  2.389E-05
  4.202E-05  3.852E-05  3.450E-05  2.976E-05  2.392E-05
  4.218E-05  3.870E-05  3.470E-05  2.995E-05  2.409E-05
  4.188E-05  3.842E-05  3.444E-05  2.974E-05  2.395E-05
  4.178E-05  3.834E-05  3.438E-05  2.971E-05  2.396E-05
  4.185E-05  3.841E-05  3.446E-05  2.980E-05  2.405E-05
  4.113E-05  3.775E-05  3.388E-05  2.933E-05  2.374E-05
  4.186E-05  3.844E-05  3.451E-05  2.986E-05  2.413E-05
  4.198E-05  3.855E-05  3.461E-05  2.996E-05  2.423E-05
  4.225E-05  3.882E-05  3.486E-05  3.018E-05  2.440E-05
  4.227E-05  3.884E-05  3.489E-05  3.021E-05  2.443E-05
  4.149E-05  3.813E-05  3.427E-05  2.973E-05  2.413E-05
  4.214E-05  3.873E-05  3.481E-05  3.018E-05  2.445E-05
  4.210E-05  3.871E-05  3.482E-05  3.020E-05  2.449E-05
  4.239E-05  3.897E-05  3.504E-05  3.038E-05  2.462E-05
  4.247E-05  3.906E-05  3.514E-05  3.049E-05  2.473E-05
  4.174E-05  3.841E-05  3.458E-05  3.005E-05  2.446E-05
  4.140E-05  3.812E-05  3.435E-05  2.989E-05  2.438E-05
  4.193E-05  3.860E-05  3.477E-05  3.024E-05  2.463E-05
  4.212E-05  3.878E-05  3.494E-05  3.039E-05  2.475E-05
  4.248E-05  3.912E-05  3.525E-05  3.065E-05  2.494E-05
  4.224E-05  3.892E-05  3.508E-05  3.053E-05  2.488E-05
  4.236E-05  3.904E-05  3.520E-05  3.064E-05  2.498E-05
  4.249E-05  3.916E-05  3.532E-05  3.075E-05  2.508E-05
  4.268E-05  3.933E-05  3.547E-05  3.088E-05  2.518E-05
  4.243E-05  3.911E-05  3.529E-05  3.075E-05  2.512E-05
  4.248E-05  3.917E-05  3.535E-05  3.082E-05  2.517E-05
  4.238E-05  3.908E-05  3.528E-05  3.077E-05  2.517E-05
  4.266E-05  3.936E-05  3.554E-05  3.100E-05  2.534E-05
  4.257E-05  3.928E-05  3.549E-05  3.098E-05  2.536E-05
  4.180E-05  3.859E-05  3.490E-05  3.051E-05  2.505E-05
  4.255E-05  3.929E-05  3.552E-05  3.104E-05  2.544E-05
  4.232E-05  3.908E-05  3.533E-05  3.088E-05  2.533E-05
  4.248E-05  3.922E-05  3.545E-05  3.098E-05  2.542E-05
  4.214E-05  3.893E-05  3.522E-05  3.082E-05  2.533E-05
  4.263E-05  3.941E-05  3.568E-05  3.124E-05  2.566E-05
  4.281E-05  3.955E-05  3.579E-05  3.130E-05  2.570E-05
  4.270E-05  3.946E-05  3.571E-05  3.125E-05  2.569E-05
  4.243E-05  3.923E-05  3.554E-05  3.113E-05  2.563E-05
  4.253E-05  3.933E-05  3.562E-05  3.121E-05  2.569E-05
  4.289E-05  3.966E-05  3.592E-05  3.146E-05  2.587E-05
  4.284E-05  3.962E-05  3.588E-05  3.143E-05  2.585E-05
  4.256E-05  3.935E-05  3.565E-05  3.123E-05  2.572E-05
  4.193E-05  3.881E-05  3.520E-05  3.090E-05  2.554E-05
  4.216E-05  3.901E-05  3.537E-05  3.103E-05  2.561E-05
  4.282E-05  3.961E-05  3.591E-05  3.148E-05  2.594E-05
  4.290E-05  3.971E-05  3.600E-05  3.157E-05  2.602E-05
  4.253E-05  3.937E-05  3.572E-05  3.136E-05  2.590E-05
  4.258E-05  3.942E-05  3.577E-05  3.141E-05  2.595E-05
  4.237E-05  3.924E-05  3.561E-05  3.129E-05  2.589E-05
  4.278E-05  3.961E-05  3.595E-05  3.156E-05  2.607E-05
  4.227E-05  3.915E-05  3.554E-05  3.124E-05  2.586E-05
  4.268E-05  3.954E-05  3.589E-05  3.153E-05  2.607E-05
  4.292E-05  3.977E-05  3.610E-05  3.172E-05  2.621E-05
  4.281E-05  3.966E-05  3.601E-05  3.165E-05  2.618E-05
  4.281E-05  3.967E-05  3.604E-05  3.169E-05  2.623E-05
  4.179E-05  3.877E-05  3.527E-05  3.110E-05  2.587E-05
  4.201E-05  3.897E-05  3.545E-05  3.124E-05  2.597E-05
  4.210E-05  3.906E-05  3.554E-05  3.133E-05  2.605E-05
  4.245E-05  3.938E-05  3.583E-05  3.158E-05  2.623E-05
  4.286E-05  3.975E-05  3.615E-05  3.184E-05  2.642E-05
  4.277E-05  3.968E-05  3.609E-05  3.180E-05  2.640E-05
  4.219E-05  3.915E-05  3.562E-05  3.142E-05  2.615E-05
  4.209E-05  3.908E-05  3.559E-05  3.142E-05  2.617E-05
  4.236E-05  3.933E-05  3.580E-05  3.159E-05  2.630E-05
  4.266E-05  3.960E-05  3.604E-05  3.178E-05  2.644E-05
  4.212E-05  3.911E-05  3.561E-05  3.143E-05  2.620E-05
  4.271E-05  3.965E-05  3.611E-05  3.186E-05  2.652E-05
  4.215E-05  3.914E-05  3.566E-05  3.151E-05  2.629E-05
  4.235E-05  3.936E-05  3.589E-05  3.173E-05  2.648E-05
  4.222E-05  3.923E-05  3.577E-05  3.163E-05  2.642E-05
  4.185E-05  3.890E-05  3.548E-05  3.141E-05  2.630E-05
  4.024E-05  3.746E-05  3.425E-05  3.043E-05  2.566E-05
  4.156E-05  3.863E-05  3.525E-05  3.122E-05  2.620E-05
  3.583E-05  3.350E-05  3.086E-05  2.777E-05  2.395E-05
  4.263E-05  3.963E-05  3.615E-05  3.197E-05  2.671E-05
  4.202E-05  3.910E-05  3.572E-05  3.166E-05  2.653E-05
  4.201E-05  3.911E-05  3.574E-05  3.169E-05  2.657E-05
  4.257E-05  3.959E-05  3.613E-05  3.198E-05  2.675E-05
  4.207E-05  3.915E-05  3.576E-05  3.170E-05  2.660E-05
  3.661E-05  3.427E-05  3.159E-05  2.842E-05  2.447E-05
  4.160E-05  3.874E-05  3.541E-05  3.142E-05  2.641E-05
  4.227E-05  3.933E-05  3.591E-05  3.183E-05  2.669E-05
  4.215E-05  3.926E-05  3.590E-05  3.185E-05  2.674E-05
  4.110E-05  3.844E-05  3.533E-05  3.153E-05  2.663E-05
  4.237E-05  3.950E-05  3.613E-05  3.207E-05  2.691E-05
  4.234E-05  3.942E-05  3.602E-05  3.195E-05  2.682E-05
  4.156E-05  3.870E-05  3.538E-05  3.144E-05  2.649E-05
  4.224E-05  3.935E-05  3.598E-05  3.194E-05  2.684E-05
  4.205E-05  3.927E-05  3.600E-05  3.203E-05  2.694E-05
  4.068E-05  3.814E-05  3.515E-05  3.147E-05  2.668E-05
  4.250E-05  3.961E-05  3.624E-05  3.218E-05  2.704E-05
  4.263E-05  3.973E-05  3.634E-05  3.227E-05  2.712E-05
  4.208E-05  3.921E-05  3.588E-05  3.189E-05  2.686E-05
  4.229E-05  3.939E-05  3.603E-05  3.201E-05  2.694E-05
  4.240E-05  3.950E-05  3.614E-05  3.210E-05  2.702E-05
  4.249E-05  3.962E-05  3.626E-05  3.222E-05  2.711E-05
  4.006E-05  3.763E-05  3.474E-05  3.118E-05  2.656E-05
  4.178E-05  3.911E-05  3.594E-05  3.206E-05  2.706E-05
  4.271E-05  3.983E-05  3.648E-05  3.243E-05  2.729E-05
  4.206E-05  3.925E-05  3.598E-05  3.205E-05  2.707E-05
  4.120E-05  3.848E-05  3.531E-05  3.151E-05  2.670E-05
  4.182E-05  3.900E-05  3.574E-05  3.183E-05  2.690E-05
  4.251E-05  3.965E-05  3.631E-05  3.231E-05  2.724E-05
  4.238E-05  3.951E-05  3.617E-05  3.216E-05  2.710E-05
  4.230E-05  3.943E-05  3.610E-05  3.211E-05  2.705E-05
  4.247E-05  3.961E-05  3.628E-05  3.227E-05  2.718E-05
  4.156E-05  3.883E-05  3.564E-05  3.177E-05  2.685E-05
  3.966E-05  3.744E-05  3.476E-05  3.137E-05  2.682E-05
  4.112E-05  3.849E-05  3.538E-05  3.162E-05  2.680E-05
  4.193E-05  3.917E-05  3.593E-05  3.203E-05  2.708E-05
  4.218E-05  3.935E-05  3.606E-05  3.211E-05  2.711E-05
  4.236E-05  3.953E-05  3.623E-05  3.227E-05  2.724E-05
  4.223E-05  3.941E-05  3.614E-05  3.220E-05  2.721E-05
  4.219E-05  3.938E-05  3.611E-05  3.218E-05  2.720E-05
  4.213E-05  3.933E-05  3.607E-05  3.215E-05  2.718E-05
  4.218E-05  3.938E-05  3.611E-05  3.219E-05  2.720E-05
  4.063E-05  3.801E-05  3.497E-05  3.132E-05  2.667E-05
  4.185E-05  3.910E-05  3.589E-05  3.203E-05  2.713E-05
  4.155E-05  3.881E-05  3.563E-05  3.181E-05  2.697E-05
  4.215E-05  3.937E-05  3.613E-05  3.223E-05  2.727E-05
  4.227E-05  3.949E-05  3.624E-05  3.233E-05  2.734E-05
  4.206E-05  3.932E-05  3.611E-05  3.224E-05  2.730E-05
  4.173E-05  3.910E-05  3.598E-05  3.217E-05  2.727E-05
  3.934E-05  3.728E-05  3.474E-05  3.150E-05  2.708E-05
  4.166E-05  3.901E-05  3.590E-05  3.210E-05  2.724E-05
  4.211E-05  3.939E-05  3.619E-05  3.233E-05  2.740E-05
  4.180E-05  3.910E-05  3.595E-05  3.214E-05  2.729E-05
  4.159E-05  3.892E-05  3.580E-05  3.203E-05  2.722E-05
  4.163E-05  3.894E-05  3.580E-05  3.202E-05  2.720E-05
  4.152E-05  3.885E-05  3.574E-05  3.198E-05  2.719E-05
  4.191E-05  3.922E-05  3.607E-05  3.226E-05  2.740E-05
  4.192E-05  3.921E-05  3.605E-05  3.223E-05  2.737E-05
  4.193E-05  3.923E-05  3.607E-05  3.226E-05  2.740E-05
  4.160E-05  3.894E-05  3.583E-05  3.207E-05  2.728E-05
  4.176E-05  3.908E-05  3.595E-05  3.217E-05  2.735E-05
  4.165E-05  3.897E-05  3.584E-05  3.207E-05  2.728E-05
  4.189E-05  3.921E-05  3.609E-05  3.230E-05  2.746E-05
  4.177E-05  3.911E-05  3.599E-05  3.223E-05  2.742E-05
  4.184E-05  3.919E-05  3.608E-05  3.232E-05  2.749E-05
  4.163E-05  3.899E-05  3.592E-05  3.219E-05  2.742E-05
  4.157E-05  3.896E-05  3.590E-05  3.219E-05  2.744E-05
  4.147E-05  3.887E-05  3.582E-05  3.213E-05  2.739E-05
  4.185E-05  3.922E-05  3.613E-05  3.238E-05  2.756E-05
  4.183E-05  3.919E-05  3.611E-05  3.237E-05  2.756E-05
  4.182E-05  3.919E-05  3.612E-05  3.238E-05  2.758E-05
  4.172E-05  3.911E-05  3.605E-05  3.233E-05  2.755E-05
  4.128E-05  3.882E-05  3.589E-05  3.228E-05  2.756E-05
  4.059E-05  3.826E-05  3.548E-05  3.202E-05  2.746E-05
  4.151E-05  3.895E-05  3.594E-05  3.228E-05  2.755E-05
  4.118E-05  3.864E-05  3.567E-05  3.207E-05  2.742E-05
  4.138E-05  3.883E-05  3.584E-05  3.221E-05  2.752E-05
  4.151E-05  3.896E-05  3.597E-05  3.233E-05  2.762E-05
  4.114E-05  3.863E-05  3.568E-05  3.210E-05  2.747E-05
  4.113E-05  3.863E-05  3.569E-05  3.212E-05  2.749E-05
  4.128E-05  3.878E-05  3.584E-05  3.225E-05  2.760E-05
  4.092E-05  3.847E-05  3.559E-05  3.207E-05  2.750E-05
  4.112E-05  3.865E-05  3.575E-05  3.220E-05  2.759E-05
  4.089E-05  3.845E-05  3.558E-05  3.208E-05  2.752E-05
  4.078E-05  3.836E-05  3.551E-05  3.203E-05  2.749E-05
  4.010E-05  3.777E-05  3.502E-05  3.166E-05  2.727E-05
  4.052E-05  3.814E-05  3.534E-05  3.190E-05  2.743E-05
  4.035E-05  3.799E-05  3.520E-05  3.180E-05  2.736E-05
  3.986E-05  3.755E-05  3.482E-05  3.150E-05  2.717E-05
  3.998E-05  3.767E-05  3.494E-05  3.160E-05  2.723E-05
  3.889E-05  3.693E-05  3.454E-05  3.148E-05  2.729E-05
  3.946E-05  3.725E-05  3.461E-05  3.134E-05  2.702E-05
  4.009E-05  3.776E-05  3.499E-05  3.160E-05  2.717E-05
  4.032E-05  3.797E-05  3.518E-05  3.176E-05  2.728E-05
  4.013E-05  3.780E-05  3.505E-05  3.166E-05  2.723E-05
  4.001E-05  3.771E-05  3.499E-05  3.163E-05  2.724E-05
  4.016E-05  3.785E-05  3.511E-05  3.174E-05  2.731E-05
  3.956E-05  3.732E-05  3.467E-05  3.140E-05  2.709E-05
  3.977E-05  3.752E-05  3.486E-05  3.157E-05  2.723E-05
  3.973E-05  3.748E-05  3.481E-05  3.152E-05  2.717E-05
  3.946E-05  3.725E-05  3.463E-05  3.139E-05  2.711E-05
  3.997E-05  3.772E-05  3.504E-05  3.173E-05  2.735E-05
  3.991E-05  3.767E-05  3.501E-05  3.171E-05  2.734E-05
  3.965E-05  3.744E-05  3.480E-05  3.155E-05  2.723E-05
  3.927E-05  3.711E-05  3.454E-05  3.135E-05  2.711E-05
  3.931E-05  3.716E-05  3.460E-05  3.142E-05  2.717E-05
  3.976E-05  3.757E-05  3.496E-05  3.171E-05  2.736E-05
  3.908E-05  3.697E-05  3.446E-05  3.132E-05  2.712E-05
  3.898E-05  3.687E-05  3.435E-05  3.123E-05  2.705E-05
  3.894E-05  3.685E-05  3.435E-05  3.123E-05  2.705E-05
  3.960E-05  3.745E-05  3.488E-05  3.167E-05  2.735E-05
  3.847E-05  3.641E-05  3.396E-05  3.091E-05  2.683E-05
  3.896E-05  3.688E-05  3.439E-05  3.127E-05  2.709E-05
  3.871E-05  3.665E-05  3.419E-05  3.112E-05  2.698E-05
  3.897E-05  3.690E-05  3.442E-05  3.131E-05  2.711E-05
  3.928E-05  3.719E-05  3.468E-05  3.154E-05  2.727E-05
  3.920E-05  3.713E-05  3.463E-05  3.150E-05  2.725E-05
  3.896E-05  3.691E-05  3.445E-05  3.136E-05  2.716E-05
  3.902E-05  3.697E-05  3.451E-05  3.141E-05  2.719E-05
  3.895E-05  3.692E-05  3.446E-05  3.138E-05  2.717E-05
  3.881E-05  3.678E-05  3.434E-05  3.128E-05  2.710E-05
  3.893E-05  3.691E-05  3.447E-05  3.140E-05  2.719E-05
  3.877E-05  3.676E-05  3.434E-05  3.129E-05  2.711E-05
  3.868E-05  3.670E-05  3.431E-05  3.128E-05  2.712E-05
  3.862E-05  3.665E-05  3.427E-05  3.125E-05  2.710E-05
  3.848E-05  3.651E-05  3.414E-05  3.114E-05  2.701E-05
  3.859E-05  3.664E-05  3.427E-05  3.126E-05  2.710E-05
  3.840E-05  3.653E-05  3.424E-05  3.128E-05  2.714E-05
  3.575E-05  3.435E-05  3.257E-05  3.016E-05  2.658E-05
  3.820E-05  3.633E-05  3.404E-05  3.111E-05  2.701E-05
  3.818E-05  3.627E-05  3.396E-05  3.101E-05  2.692E-05
  3.834E-05  3.643E-05  3.412E-05  3.116E-05  2.704E-05
  3.811E-05  3.622E-05  3.392E-05  3.099E-05  2.691E-05
  3.824E-05  3.635E-05  3.405E-05  3.112E-05  2.702E-05
  3.779E-05  3.594E-05  3.369E-05  3.081E-05  2.680E-05
  3.772E-05  3.588E-05  3.365E-05  3.079E-05  2.679E-05
  3.805E-05  3.620E-05  3.393E-05  3.103E-05  2.696E-05
  3.768E-05  3.584E-05  3.361E-05  3.076E-05  2.676E-05
  3.780E-05  3.598E-05  3.375E-05  3.089E-05  2.687E-05
  3.771E-05  3.590E-05  3.368E-05  3.084E-05  2.683E-05
  3.783E-05  3.602E-05  3.381E-05  3.096E-05  2.693E-05
  3.774E-05  3.594E-05  3.374E-05  3.090E-05  2.689E-05
  3.769E-05  3.590E-05  3.372E-05  3.090E-05  2.690E-05
  3.734E-05  3.557E-05  3.342E-05  3.064E-05  2.670E-05
  3.742E-05  3.566E-05  3.350E-05  3.071E-05  2.674E-05
  3.736E-05  3.561E-05  3.346E-05  3.069E-05  2.675E-05
  3.726E-05  3.554E-05  3.343E-05  3.069E-05  2.677E-05
  3.726E-05  3.554E-05  3.343E-05  3.069E-05  2.676E-05
  3.727E-05  3.556E-05  3.345E-05  3.072E-05  2.679E-05
  3.726E-05  3.554E-05  3.344E-05  3.070E-05  2.677E-05
  3.718E-05  3.549E-05  3.341E-05  3.070E-05  2.679E-05
  3.709E-05  3.541E-05  3.335E-05  3.065E-05  2.676E-05
  3.688E-05  3.521E-05  3.316E-05  3.049E-05  2.663E-05
  3.700E-05  3.533E-05  3.328E-05  3.059E-05  2.670E-05
  3.664E-05  3.500E-05  3.297E-05  3.033E-05  2.649E-05
  3.691E-05  3.526E-05  3.322E-05  3.056E-05  2.667E-05
  3.641E-05  3.480E-05  3.280E-05  3.020E-05  2.640E-05
  3.608E-05  3.449E-05  3.252E-05  2.995E-05  2.622E-05
  3.659E-05  3.497E-05  3.298E-05  3.037E-05  2.654E-05
  3.671E-05  3.511E-05  3.312E-05  3.051E-05  2.666E-05
  3.570E-05  3.417E-05  3.228E-05  2.979E-05  2.615E-05
  3.649E-05  3.492E-05  3.296E-05  3.038E-05  2.658E-05
  3.591E-05  3.438E-05  3.249E-05  2.999E-05  2.631E-05
  3.616E-05  3.462E-05  3.271E-05  3.018E-05  2.644E-05
  3.614E-05  3.460E-05  3.269E-05  3.017E-05  2.643E-05
  3.614E-05  3.461E-05  3.270E-05  3.019E-05  2.645E-05
  3.570E-05  3.419E-05  3.233E-05  2.987E-05  2.622E-05
  3.571E-05  3.423E-05  3.237E-05  2.993E-05  2.628E-05
  3.579E-05  3.430E-05  3.245E-05  2.999E-05  2.633E-05
  3.497E-05  3.354E-05  3.176E-05  2.942E-05  2.593E-05
  3.598E-05  3.450E-05  3.266E-05  3.020E-05  2.652E-05
  3.564E-05  3.419E-05  3.238E-05  2.997E-05  2.636E-05
  3.474E-05  3.333E-05  3.158E-05  2.927E-05  2.583E-05
  3.495E-05  3.354E-05  3.179E-05  2.946E-05  2.599E-05
  3.554E-05  3.411E-05  3.232E-05  2.994E-05  2.634E-05
  3.559E-05  3.417E-05  3.239E-05  3.002E-05  2.644E-05
  3.517E-05  3.378E-05  3.203E-05  2.971E-05  2.620E-05
  3.538E-05  3.400E-05  3.226E-05  2.993E-05  2.640E-05
  3.524E-05  3.386E-05  3.213E-05  2.982E-05  2.632E-05
  3.518E-05  3.382E-05  3.211E-05  2.983E-05  2.634E-05
  3.515E-05  3.380E-05  3.211E-05  2.984E-05  2.637E-05
  3.511E-05  3.376E-05  3.208E-05  2.981E-05  2.635E-05
  3.484E-05  3.350E-05  3.183E-05  2.958E-05  2.616E-05
  3.471E-05  3.338E-05  3.171E-05  2.949E-05  2.610E-05
  3.494E-05  3.363E-05  3.199E-05  2.978E-05  2.637E-05
  3.439E-05  3.309E-05  3.146E-05  2.928E-05  2.596E-05
  3.445E-05  3.318E-05  3.158E-05  2.944E-05  2.614E-05
  3.352E-05  3.227E-05  3.072E-05  2.863E-05  2.546E-05
  3.413E-05  3.287E-05  3.129E-05  2.917E-05  2.591E-05
  3.319E-05  3.196E-05  3.042E-05  2.839E-05  2.530E-05
  3.390E-05  3.265E-05  3.108E-05  2.898E-05  2.575E-05
  3.398E-05  3.275E-05  3.120E-05  2.911E-05  2.589E-05
  3.382E-05  3.261E-05  3.109E-05  2.904E-05  2.586E-05
  3.335E-05  3.217E-05  3.069E-05  2.870E-05  2.564E-05
  3.370E-05  3.250E-05  3.099E-05  2.895E-05  2.578E-05
  3.307E-05  3.194E-05  3.051E-05  2.857E-05  2.554E-05
  3.251E-05  3.141E-05  3.004E-05  2.818E-05  2.527E-05
  3.305E-05  3.189E-05  3.042E-05  2.844E-05  2.537E-05
  3.278E-05  3.163E-05  3.018E-05  2.823E-05  2.519E-05
  3.194E-05  3.089E-05  2.955E-05  2.773E-05  2.485E-05
  3.120E-05  3.019E-05  2.892E-05  2.720E-05  2.448E-05
  3.208E-05  3.098E-05  2.958E-05  2.769E-05  2.475E-05
  3.154E-05  3.043E-05  2.905E-05  2.719E-05  2.431E-05
  3.127E-05  3.018E-05  2.882E-05  2.699E-05  2.416E-05
  3.082E-05  2.977E-05  2.844E-05  2.665E-05  2.387E-05
  2.930E-05  2.843E-05  2.732E-05  2.580E-05  2.337E-05
  3.014E-05  2.914E-05  2.788E-05  2.618E-05  2.351E-05
  3.025E-05  2.921E-05  2.791E-05  2.615E-05  2.344E-05
  2.996E-05  2.894E-05  2.765E-05  2.592E-05  2.325E-05
  2.971E-05  2.869E-05  2.740E-05  2.567E-05  2.302E-05
  2.956E-05  2.855E-05  2.728E-05  2.558E-05  2.295E-05
  2.934E-05  2.834E-05  2.708E-05  2.538E-05  2.277E-05
  2.895E-05  2.798E-05  2.675E-05  2.509E-05  2.254E-05
  2.751E-05  2.673E-05  2.573E-05  2.435E-05  2.212E-05
  2.812E-05  2.723E-05  2.609E-05  2.454E-05  2.211E-05
  2.820E-05  2.724E-05  2.605E-05  2.444E-05  2.197E-05
  2.778E-05  2.684E-05  2.566E-05  2.408E-05  2.166E-05
  2.772E-05  2.679E-05  2.562E-05  2.405E-05  2.164E-05
  2.727E-05  2.636E-05  2.522E-05  2.369E-05  2.133E-05
  2.546E-05  2.480E-05  2.395E-05  2.275E-05  2.079E-05
  2.686E-05  2.598E-05  2.488E-05  2.340E-05  2.110E-05
  2.631E-05  2.542E-05  2.432E-05  2.285E-05  2.061E-05
  2.662E-05  2.573E-05  2.461E-05  2.312E-05  2.084E-05
  2.631E-05  2.543E-05  2.433E-05  2.286E-05  2.062E-05
  2.612E-05  2.525E-05  2.416E-05  2.271E-05  2.049E-05
  2.569E-05  2.485E-05  2.380E-05  2.239E-05  2.022E-05
  2.421E-05  2.358E-05  2.276E-05  2.163E-05  1.979E-05
  2.538E-05  2.456E-05  2.354E-05  2.216E-05  2.003E-05
  2.522E-05  2.439E-05  2.334E-05  2.195E-05  1.983E-05
  2.491E-05  2.409E-05  2.306E-05  2.169E-05  1.961E-05
  2.485E-05  2.403E-05  2.301E-05  2.164E-05  1.956E-05
  2.465E-05  2.383E-05  2.282E-05  2.147E-05  1.941E-05
  2.456E-05  2.375E-05  2.274E-05  2.140E-05  1.935E-05
  2.444E-05  2.364E-05  2.265E-05  2.131E-05  1.928E-05
  2.408E-05  2.329E-05  2.230E-05  2.099E-05  1.899E-05
  2.375E-05  2.298E-05  2.201E-05  2.072E-05  1.877E-05
  2.384E-05  2.307E-05  2.210E-05  2.081E-05  1.884E-05
  2.359E-05  2.282E-05  2.186E-05  2.058E-05  1.863E-05
  2.327E-05  2.252E-05  2.158E-05  2.033E-05  1.843E-05
  2.319E-05  2.244E-05  2.150E-05  2.026E-05  1.836E-05
  2.300E-05  2.226E-05  2.133E-05  2.009E-05  1.821E-05
  2.270E-05  2.197E-05  2.105E-05  1.984E-05  1.800E-05
  2.269E-05  2.196E-05  2.105E-05  1.985E-05  1.801E-05
  2.246E-05  2.175E-05  2.085E-05  1.966E-05  1.784E-05
  2.228E-05  2.156E-05  2.068E-05  1.950E-05  1.770E-05
  2.214E-05  2.144E-05  2.056E-05  1.940E-05  1.762E-05
  2.201E-05  2.131E-05  2.044E-05  1.928E-05  1.751E-05
  2.178E-05  2.111E-05  2.027E-05  1.913E-05  1.739E-05
  2.046E-05  1.996E-05  1.932E-05  1.843E-05  1.698E-05
  2.125E-05  2.061E-05  1.980E-05  1.871E-05  1.703E-05
  2.120E-05  2.054E-05  1.971E-05  1.861E-05  1.694E-05
  2.120E-05  2.053E-05  1.970E-05  1.859E-05  1.691E-05
  2.085E-05  2.019E-05  1.938E-05  1.830E-05  1.667E-05
  2.085E-05  2.020E-05  1.939E-05  1.830E-05  1.666E-05
  2.068E-05  2.003E-05  1.922E-05  1.814E-05  1.652E-05
  2.052E-05  1.988E-05  1.907E-05  1.801E-05  1.640E-05
  2.037E-05  1.973E-05  1.894E-05  1.788E-05  1.629E-05
  2.017E-05  1.954E-05  1.876E-05  1.773E-05  1.616E-05
  2.001E-05  1.939E-05  1.861E-05  1.758E-05  1.603E-05
  1.994E-05  1.932E-05  1.855E-05  1.753E-05  1.598E-05
  1.966E-05  1.905E-05  1.829E-05  1.729E-05  1.578E-05
  1.956E-05  1.894E-05  1.817E-05  1.716E-05  1.562E-05
  1.949E-05  1.889E-05  1.813E-05  1.713E-05  1.561E-05
  1.931E-05  1.871E-05  1.796E-05  1.697E-05  1.548E-05
  1.912E-05  1.852E-05  1.776E-05  1.676E-05  1.525E-05
  1.897E-05  1.838E-05  1.764E-05  1.667E-05  1.521E-05
  1.893E-05  1.835E-05  1.762E-05  1.665E-05  1.519E-05
  1.868E-05  1.808E-05  1.734E-05  1.637E-05  1.490E-05
  1.864E-05  1.806E-05  1.734E-05  1.639E-05  1.495E-05
  1.838E-05  1.781E-05  1.710E-05  1.617E-05  1.478E-05
  1.820E-05  1.762E-05  1.691E-05  1.597E-05  1.456E-05
  1.822E-05  1.766E-05  1.696E-05  1.603E-05  1.463E-05
  1.808E-05  1.752E-05  1.683E-05  1.591E-05  1.454E-05
  1.782E-05  1.727E-05  1.657E-05  1.566E-05  1.430E-05
  1.780E-05  1.725E-05  1.656E-05  1.566E-05  1.431E-05
  1.765E-05  1.711E-05  1.643E-05  1.555E-05  1.422E-05
  1.755E-05  1.700E-05  1.633E-05  1.543E-05  1.410E-05
  1.726E-05  1.673E-05  1.607E-05  1.520E-05  1.391E-05
  1.733E-05  1.680E-05  1.614E-05  1.528E-05  1.398E-05
  1.712E-05  1.659E-05  1.594E-05  1.509E-05  1.381E-05
  1.688E-05  1.636E-05  1.573E-05  1.489E-05  1.365E-05
  1.694E-05  1.642E-05  1.578E-05  1.494E-05  1.368E-05
  1.683E-05  1.632E-05  1.568E-05  1.485E-05  1.361E-05
  1.670E-05  1.619E-05  1.556E-05  1.473E-05  1.348E-05
  1.663E-05  1.613E-05  1.551E-05  1.469E-05  1.346E-05
  1.650E-05  1.600E-05  1.539E-05  1.457E-05  1.337E-05
  1.631E-05  1.582E-05  1.521E-05  1.441E-05  1.322E-05
  1.622E-05  1.573E-05  1.513E-05  1.434E-05  1.316E-05
  1.608E-05  1.560E-05  1.501E-05  1.423E-05  1.307E-05
  1.609E-05  1.561E-05  1.502E-05  1.424E-05  1.307E-05
  1.580E-05  1.533E-05  1.474E-05  1.397E-05  1.284E-05
  1.583E-05  1.536E-05  1.478E-05  1.401E-05  1.287E-05
  1.575E-05  1.528E-05  1.471E-05  1.395E-05  1.282E-05
  1.555E-05  1.511E-05  1.455E-05  1.382E-05  1.272E-05
  1.473E-05  1.440E-05  1.398E-05  1.339E-05  1.246E-05
  1.532E-05  1.489E-05  1.435E-05  1.363E-05  1.255E-05
  1.524E-05  1.479E-05  1.424E-05  1.351E-05  1.244E-05
  1.517E-05  1.472E-05  1.417E-05  1.345E-05  1.238E-05
  1.499E-05  1.455E-05  1.402E-05  1.331E-05  1.226E-05
  1.495E-05  1.452E-05  1.400E-05  1.330E-05  1.227E-05
  1.496E-05  1.453E-05  1.399E-05  1.328E-05  1.223E-05
  1.487E-05  1.444E-05  1.390E-05  1.319E-05  1.214E-05
  1.478E-05  1.435E-05  1.381E-05  1.311E-05  1.208E-05
  1.467E-05  1.424E-05  1.371E-05  1.302E-05  1.200E-05
  1.458E-05  1.415E-05  1.363E-05  1.294E-05  1.193E-05
  1.449E-05  1.407E-05  1.355E-05  1.287E-05  1.186E-05
  1.441E-05  1.400E-05  1.348E-05  1.281E-05  1.181E-05
  1.415E-05  1.376E-05  1.328E-05  1.264E-05  1.169E-05
  1.413E-05  1.373E-05  1.324E-05  1.260E-05  1.164E-05
  1.411E-05  1.370E-05  1.320E-05  1.254E-05  1.157E-05
  1.403E-05  1.363E-05  1.313E-05  1.247E-05  1.151E-05
  1.397E-05  1.357E-05  1.307E-05  1.242E-05  1.147E-05
  1.388E-05  1.348E-05  1.298E-05  1.234E-05  1.139E-05
  1.380E-05  1.340E-05  1.291E-05  1.227E-05  1.133E-05
  1.370E-05  1.331E-05  1.282E-05  1.219E-05  1.126E-05
  1.363E-05  1.324E-05  1.276E-05  1.214E-05  1.121E-05
  1.350E-05  1.312E-05  1.264E-05  1.202E-05  1.112E-05
  1.344E-05  1.306E-05  1.259E-05  1.197E-05  1.107E-05
  1.330E-05  1.294E-05  1.249E-05  1.189E-05  1.100E-05
  1.305E-05  1.271E-05  1.229E-05  1.173E-05  1.090E-05
  1.317E-05  1.280E-05  1.235E-05  1.175E-05  1.088E-05
  1.312E-05  1.275E-05  1.229E-05  1.170E-05  1.082E-05
  1.304E-05  1.267E-05  1.222E-05  1.162E-05  1.076E-05
  1.296E-05  1.259E-05  1.214E-05  1.156E-05  1.070E-05
  1.283E-05  1.247E-05  1.203E-05  1.145E-05  1.060E-05
  1.280E-05  1.244E-05  1.200E-05  1.142E-05  1.058E-05
  1.270E-05  1.235E-05  1.191E-05  1.133E-05  1.050E-05
  1.265E-05  1.229E-05  1.186E-05  1.129E-05  1.046E-05
  1.258E-05  1.222E-05  1.179E-05  1.122E-05  1.040E-05
  1.250E-05  1.215E-05  1.172E-05  1.116E-05  1.034E-05
  1.242E-05  1.208E-05  1.165E-05  1.109E-05  1.029E-05
  1.233E-05  1.198E-05  1.156E-05  1.101E-05  1.021E-05
  1.225E-05  1.191E-05  1.149E-05  1.095E-05  1.016E-05
  1.220E-05  1.186E-05  1.144E-05  1.090E-05  1.012E-05
  1.210E-05  1.177E-05  1.136E-05  1.083E-05  1.005E-05
  1.182E-05  1.152E-05  1.116E-05  1.067E-05  9.948E-06
  1.186E-05  1.156E-05  1.118E-05  1.068E-05  9.934E-06
  1.190E-05  1.157E-05  1.117E-05  1.065E-05  9.888E-06
  1.181E-05  1.149E-05  1.109E-05  1.057E-05  9.822E-06
  1.178E-05  1.145E-05  1.106E-05  1.054E-05  9.789E-06
  1.167E-05  1.135E-05  1.096E-05  1.045E-05  9.710E-06
  1.161E-05  1.129E-05  1.090E-05  1.039E-05  9.663E-06
  1.157E-05  1.125E-05  1.086E-05  1.036E-05  9.630E-06
  1.141E-05  1.110E-05  1.072E-05  1.023E-05  9.522E-06
  1.142E-05  1.111E-05  1.073E-05  1.023E-05  9.518E-06
  1.136E-05  1.105E-05  1.067E-05  1.018E-05  9.467E-06
  1.130E-05  1.099E-05  1.062E-05  1.013E-05  9.422E-06
  1.119E-05  1.089E-05  1.052E-05  1.004E-05  9.346E-06
  1.116E-05  1.085E-05  1.048E-05  9.999E-06  9.307E-06
  1.109E-05  1.079E-05  1.042E-05  9.946E-06  9.261E-06
  1.104E-05  1.074E-05  1.037E-05  9.895E-06  9.213E-06
  1.099E-05  1.069E-05  1.033E-05  9.853E-06  9.175E-06
  1.087E-05  1.058E-05  1.022E-05  9.757E-06  9.092E-06
  1.076E-05  1.047E-05  1.011E-05  9.654E-06  8.996E-06
  1.063E-05  1.035E-05  9.998E-06  9.546E-06  8.900E-06
  1.051E-05  1.023E-05  9.887E-06  9.442E-06  8.807E-06
  1.022E-05  9.978E-06  9.672E-06  9.269E-06  8.683E-06
  1.023E-05  9.971E-06  9.646E-06  9.223E-06  8.617E-06
  1.013E-05  9.864E-06  9.538E-06  9.117E-06  8.518E-06
  1.005E-05  9.788E-06  9.462E-06  9.043E-06  8.449E-06
  9.930E-06  9.669E-06  9.350E-06  8.939E-06  8.358E-06
  9.809E-06  9.551E-06  9.237E-06  8.833E-06  8.262E-06
  9.693E-06  9.439E-06  9.130E-06  8.734E-06  8.174E-06
  9.629E-06  9.377E-06  9.069E-06  8.674E-06  8.116E-06
  9.537E-06  9.287E-06  8.982E-06  8.591E-06  8.038E-06
  9.429E-06  9.183E-06  8.883E-06  8.498E-06  7.956E-06
  9.332E-06  9.089E-06  8.794E-06  8.414E-06  7.880E-06
  9.238E-06  8.998E-06  8.706E-06  8.331E-06  7.804E-06
  9.126E-06  8.889E-06  8.602E-06  8.234E-06  7.717E-06
  9.044E-06  8.810E-06  8.526E-06  8.163E-06  7.652E-06
  8.939E-06  8.709E-06  8.430E-06  8.072E-06  7.571E-06
  8.845E-06  8.618E-06  8.342E-06  7.989E-06  7.495E-06
  8.774E-06  8.550E-06  8.277E-06  7.928E-06  7.439E-06
  8.682E-06  8.461E-06  8.191E-06  7.847E-06  7.365E-06
  8.557E-06  8.339E-06  8.076E-06  7.740E-06  7.272E-06
  8.469E-06  8.255E-06  7.996E-06  7.666E-06  7.205E-06
  8.348E-06  8.139E-06  7.885E-06  7.564E-06  7.117E-06
  8.269E-06  8.061E-06  7.810E-06  7.490E-06  7.049E-06
  8.170E-06  7.976E-06  7.738E-06  7.432E-06  7.000E-06
  7.995E-06  7.810E-06  7.584E-06  7.294E-06  6.888E-06
  8.056E-06  7.855E-06  7.611E-06  7.302E-06  6.874E-06
  7.976E-06  7.777E-06  7.537E-06  7.232E-06  6.810E-06
  7.903E-06  7.706E-06  7.469E-06  7.167E-06  6.751E-06
  7.843E-06  7.649E-06  7.414E-06  7.115E-06  6.702E-06
  7.777E-06  7.584E-06  7.351E-06  7.055E-06  6.645E-06
  7.683E-06  7.494E-06  7.265E-06  6.976E-06  6.576E-06
  7.602E-06  7.415E-06  7.190E-06  6.904E-06  6.511E-06
  7.549E-06  7.364E-06  7.141E-06  6.858E-06  6.467E-06
  7.480E-06  7.297E-06  7.076E-06  6.796E-06  6.409E-06
  7.384E-06  7.204E-06  6.986E-06  6.712E-06  6.336E-06
  7.335E-06  7.156E-06  6.940E-06  6.667E-06  6.292E-06
  7.227E-06  7.052E-06  6.841E-06  6.576E-06  6.213E-06
  7.170E-06  6.998E-06  6.791E-06  6.529E-06  6.170E-06
  7.124E-06  6.953E-06  6.747E-06  6.487E-06  6.129E-06
  6.938E-06  6.792E-06  6.611E-06  6.378E-06  6.049E-06
  6.982E-06  6.815E-06  6.614E-06  6.361E-06  6.015E-06
  6.926E-06  6.760E-06  6.561E-06  6.311E-06  5.968E-06
  6.872E-06  6.707E-06  6.510E-06  6.261E-06  5.921E-06
  6.818E-06  6.656E-06  6.460E-06  6.213E-06  5.876E-06
  6.737E-06  6.578E-06  6.386E-06  6.145E-06  5.816E-06
  6.674E-06  6.518E-06  6.330E-06  6.095E-06  5.771E-06
  6.621E-06  6.465E-06  6.278E-06  6.043E-06  5.722E-06
  6.528E-06  6.376E-06  6.194E-06  5.966E-06  5.656E-06
  6.523E-06  6.369E-06  6.184E-06  5.953E-06  5.636E-06
  6.449E-06  6.298E-06  6.116E-06  5.888E-06  5.579E-06
  6.404E-06  6.254E-06  6.074E-06  5.848E-06  5.540E-06
  6.298E-06  6.148E-06  5.969E-06  5.747E-06  5.447E-06
  6.206E-06  6.060E-06  5.886E-06  5.670E-06  5.379E-06
  6.167E-06  6.024E-06  5.853E-06  5.641E-06  5.355E-06
  6.052E-06  5.911E-06  5.743E-06  5.537E-06  5.261E-06
  5.971E-06  5.837E-06  5.677E-06  5.480E-06  5.214E-06
  5.960E-06  5.826E-06  5.665E-06  5.465E-06  5.196E-06
  5.836E-06  5.701E-06  5.542E-06  5.347E-06  5.088E-06
  5.819E-06  5.687E-06  5.531E-06  5.338E-06  5.080E-06
  5.783E-06  5.652E-06  5.498E-06  5.307E-06  5.050E-06
  5.681E-06  5.550E-06  5.396E-06  5.207E-06  4.959E-06
  5.672E-06  5.544E-06  5.393E-06  5.207E-06  4.958E-06
  5.622E-06  5.497E-06  5.348E-06  5.165E-06  4.919E-06
  5.537E-06  5.411E-06  5.262E-06  5.080E-06  4.840E-06
  5.518E-06  5.394E-06  5.248E-06  5.068E-06  4.829E-06
  5.483E-06  5.361E-06  5.216E-06  5.039E-06  4.802E-06
  5.400E-06  5.278E-06  5.135E-06  4.959E-06  4.728E-06
  5.385E-06  5.264E-06  5.122E-06  4.948E-06  4.717E-06
  5.338E-06  5.219E-06  5.080E-06  4.909E-06  4.681E-06
  5.236E-06  5.131E-06  5.004E-06  4.846E-06  4.631E-06
  5.237E-06  5.125E-06  4.993E-06  4.830E-06  4.611E-06
  5.225E-06  5.110E-06  4.973E-06  4.807E-06  4.585E-06
  5.184E-06  5.068E-06  4.931E-06  4.765E-06  4.544E-06
  5.163E-06  5.048E-06  4.912E-06  4.747E-06  4.527E-06
  5.116E-06  5.002E-06  4.869E-06  4.706E-06  4.489E-06
  5.073E-06  4.960E-06  4.828E-06  4.666E-06  4.453E-06
  5.041E-06  4.929E-06  4.797E-06  4.636E-06  4.424E-06
  4.988E-06  4.877E-06  4.748E-06  4.591E-06  4.383E-06
  4.973E-06  4.863E-06  4.735E-06  4.579E-06  4.371E-06
  4.924E-06  4.816E-06  4.689E-06  4.535E-06  4.330E-06
  4.887E-06  4.780E-06  4.654E-06  4.501E-06  4.298E-06
  4.854E-06  4.748E-06  4.624E-06  4.472E-06  4.272E-06
  4.819E-06  4.714E-06  4.590E-06  4.440E-06  4.240E-06
  4.783E-06  4.679E-06  4.557E-06  4.409E-06  4.212E-06
  4.742E-06  4.640E-06  4.519E-06  4.373E-06  4.179E-06
  4.709E-06  4.608E-06  4.489E-06  4.344E-06  4.153E-06
  4.685E-06  4.583E-06  4.464E-06  4.319E-06  4.127E-06
  4.636E-06  4.537E-06  4.420E-06  4.278E-06  4.090E-06
  4.615E-06  4.516E-06  4.401E-06  4.260E-06  4.072E-06
  4.567E-06  4.470E-06  4.357E-06  4.219E-06  4.035E-06
  4.539E-06  4.443E-06  4.330E-06  4.193E-06  4.011E-06
  4.512E-06  4.417E-06  4.305E-06  4.168E-06  3.987E-06
  4.467E-06  4.374E-06  4.264E-06  4.131E-06  3.953E-06
  4.417E-06  4.330E-06  4.227E-06  4.100E-06  3.928E-06
  4.409E-06  4.317E-06  4.209E-06  4.078E-06  3.904E-06
  4.391E-06  4.299E-06  4.191E-06  4.060E-06  3.886E-06
  4.348E-06  4.257E-06  4.151E-06  4.023E-06  3.851E-06
  4.312E-06  4.223E-06  4.119E-06  3.992E-06  3.823E-06
  4.281E-06  4.192E-06  4.088E-06  3.963E-06  3.796E-06
  4.260E-06  4.172E-06  4.069E-06  3.944E-06  3.778E-06
  4.234E-06  4.147E-06  4.045E-06  3.921E-06  3.757E-06
  4.190E-06  4.104E-06  4.004E-06  3.882E-06  3.720E-06
  4.169E-06  4.084E-06  3.984E-06  3.862E-06  3.701E-06
  4.137E-06  4.053E-06  3.954E-06  3.835E-06  3.676E-06
  4.111E-06  4.027E-06  3.929E-06  3.810E-06  3.652E-06
  4.076E-06  3.993E-06  3.897E-06  3.781E-06  3.626E-06
  4.055E-06  3.973E-06  3.877E-06  3.761E-06  3.607E-06
  4.029E-06  3.947E-06  3.852E-06  3.737E-06  3.583E-06
  3.988E-06  3.908E-06  3.814E-06  3.701E-06  3.551E-06
  3.975E-06  3.894E-06  3.801E-06  3.688E-06  3.537E-06
  3.940E-06  3.861E-06  3.769E-06  3.658E-06  3.510E-06
  3.914E-06  3.836E-06  3.744E-06  3.634E-06  3.487E-06
  3.894E-06  3.816E-06  3.725E-06  3.615E-06  3.469E-06
  3.871E-06  3.794E-06  3.705E-06  3.596E-06  3.451E-06
  3.837E-06  3.760E-06  3.671E-06  3.563E-06  3.420E-06
  3.822E-06  3.746E-06  3.658E-06  3.551E-06  3.408E-06
  3.779E-06  3.704E-06  3.618E-06  3.514E-06  3.376E-06
  3.765E-06  3.691E-06  3.604E-06  3.499E-06  3.360E-06
  3.737E-06  3.663E-06  3.578E-06  3.474E-06  3.336E-06
  3.722E-06  3.649E-06  3.563E-06  3.460E-06  3.323E-06
  3.698E-06  3.625E-06  3.540E-06  3.438E-06  3.302E-06
  3.664E-06  3.592E-06  3.508E-06  3.408E-06  3.274E-06
  3.647E-06  3.576E-06  3.493E-06  3.393E-06  3.260E-06
  3.625E-06  3.554E-06  3.472E-06  3.373E-06  3.240E-06
  3.600E-06  3.530E-06  3.449E-06  3.350E-06  3.219E-06
  3.576E-06  3.507E-06  3.426E-06  3.329E-06  3.199E-06
  3.554E-06  3.486E-06  3.406E-06  3.309E-06  3.181E-06
  3.530E-06  3.462E-06  3.383E-06  3.287E-06  3.159E-06
  3.509E-06  3.442E-06  3.363E-06  3.268E-06  3.141E-06
  3.489E-06  3.422E-06  3.344E-06  3.250E-06  3.124E-06
  3.463E-06  3.396E-06  3.319E-06  3.226E-06  3.102E-06
  3.432E-06  3.368E-06  3.293E-06  3.202E-06  3.080E-06
  3.398E-06  3.339E-06  3.269E-06  3.182E-06  3.064E-06
  3.399E-06  3.334E-06  3.260E-06  3.169E-06  3.048E-06
  3.366E-06  3.304E-06  3.231E-06  3.143E-06  3.024E-06
  3.356E-06  3.293E-06  3.220E-06  3.131E-06  3.012E-06
  3.336E-06  3.273E-06  3.200E-06  3.112E-06  2.994E-06
  3.312E-06  3.250E-06  3.178E-06  3.092E-06  2.975E-06
  3.295E-06  3.233E-06  3.162E-06  3.075E-06  2.959E-06
  3.274E-06  3.213E-06  3.142E-06  3.056E-06  2.941E-06
  3.252E-06  3.191E-06  3.121E-06  3.036E-06  2.922E-06
  3.229E-06  3.169E-06  3.100E-06  3.016E-06  2.904E-06
  3.203E-06  3.144E-06  3.076E-06  2.994E-06  2.884E-06
  3.192E-06  3.133E-06  3.065E-06  2.982E-06  2.872E-06
  3.175E-06  3.116E-06  3.048E-06  2.966E-06  2.856E-06
  3.155E-06  3.097E-06  3.029E-06  2.948E-06  2.839E-06
  3.136E-06  3.079E-06  3.012E-06  2.932E-06  2.824E-06
  3.117E-06  3.060E-06  2.994E-06  2.914E-06  2.807E-06
  3.086E-06  3.031E-06  2.967E-06  2.890E-06  2.785E-06
  3.073E-06  3.018E-06  2.954E-06  2.876E-06  2.772E-06
  3.055E-06  3.000E-06  2.937E-06  2.860E-06  2.756E-06
  3.036E-06  2.982E-06  2.920E-06  2.844E-06  2.741E-06
  3.014E-06  2.961E-06  2.899E-06  2.824E-06  2.723E-06
  3.005E-06  2.952E-06  2.889E-06  2.814E-06  2.712E-06
  2.986E-06  2.932E-06  2.871E-06  2.796E-06  2.695E-06
  2.967E-06  2.914E-06  2.853E-06  2.780E-06  2.680E-06
  2.949E-06  2.896E-06  2.836E-06  2.763E-06  2.664E-06
  2.924E-06  2.872E-06  2.812E-06  2.740E-06  2.643E-06
  2.886E-06  2.836E-06  2.777E-06  2.706E-06  2.611E-06
  2.851E-06  2.801E-06  2.744E-06  2.675E-06  2.581E-06
  2.822E-06  2.772E-06  2.715E-06  2.647E-06  2.554E-06
  2.789E-06  2.741E-06  2.685E-06  2.617E-06  2.526E-06
  2.755E-06  2.708E-06  2.653E-06  2.587E-06  2.498E-06
  2.725E-06  2.678E-06  2.624E-06  2.559E-06  2.471E-06
  2.692E-06  2.646E-06  2.593E-06  2.529E-06  2.443E-06
  2.659E-06  2.614E-06  2.562E-06  2.500E-06  2.415E-06
  2.629E-06  2.585E-06  2.534E-06  2.473E-06  2.390E-06
  2.601E-06  2.557E-06  2.507E-06  2.446E-06  2.364E-06
  2.572E-06  2.529E-06  2.480E-06  2.420E-06  2.339E-06
  2.543E-06  2.501E-06  2.452E-06  2.393E-06  2.314E-06
  2.514E-06  2.472E-06  2.424E-06  2.367E-06  2.288E-06
  2.487E-06  2.446E-06  2.399E-06  2.342E-06  2.265E-06
  2.456E-06  2.416E-06  2.370E-06  2.315E-06  2.239E-06
  2.432E-06  2.393E-06  2.347E-06  2.292E-06  2.217E-06
  2.406E-06  2.367E-06  2.322E-06  2.268E-06  2.194E-06
  2.380E-06  2.341E-06  2.297E-06  2.244E-06  2.171E-06
  2.354E-06  2.316E-06  2.273E-06  2.220E-06  2.149E-06
  2.328E-06  2.291E-06  2.248E-06  2.197E-06  2.127E-06
  2.303E-06  2.266E-06  2.224E-06  2.174E-06  2.105E-06
  2.280E-06  2.244E-06  2.202E-06  2.152E-06  2.084E-06
  2.254E-06  2.218E-06  2.178E-06  2.129E-06  2.062E-06
  2.231E-06  2.197E-06  2.156E-06  2.108E-06  2.042E-06
  2.207E-06  2.172E-06  2.133E-06  2.085E-06  2.020E-06
  2.171E-06  2.140E-06  2.103E-06  2.059E-06  1.997E-06
  2.152E-06  2.121E-06  2.085E-06  2.041E-06  1.979E-06
  2.139E-06  2.106E-06  2.068E-06  2.023E-06  1.961E-06
  2.118E-06  2.085E-06  2.048E-06  2.003E-06  1.942E-06
  2.096E-06  2.064E-06  2.028E-06  1.983E-06  1.923E-06
  2.075E-06  2.044E-06  2.007E-06  1.964E-06  1.904E-06
  2.053E-06  2.022E-06  1.986E-06  1.943E-06  1.885E-06
  2.033E-06  2.003E-06  1.968E-06  1.925E-06  1.867E-06
  2.013E-06  1.983E-06  1.948E-06  1.907E-06  1.850E-06
  1.993E-06  1.963E-06  1.929E-06  1.888E-06  1.832E-06
  1.973E-06  1.944E-06  1.911E-06  1.870E-06  1.814E-06
  1.954E-06  1.925E-06  1.892E-06  1.852E-06  1.797E-06
  1.934E-06  1.906E-06  1.873E-06  1.834E-06  1.780E-06
  1.916E-06  1.888E-06  1.856E-06  1.817E-06  1.763E-06
  1.896E-06  1.869E-06  1.837E-06  1.799E-06  1.746E-06
  1.877E-06  1.850E-06  1.819E-06  1.782E-06  1.730E-06
  1.860E-06  1.834E-06  1.803E-06  1.766E-06  1.715E-06
  1.840E-06  1.814E-06  1.784E-06  1.748E-06  1.698E-06
  1.824E-06  1.798E-06  1.768E-06  1.732E-06  1.683E-06
  1.808E-06  1.782E-06  1.753E-06  1.717E-06  1.668E-06
  1.790E-06  1.765E-06  1.736E-06  1.701E-06  1.652E-06
  1.774E-06  1.749E-06  1.720E-06  1.685E-06  1.637E-06
  1.756E-06  1.731E-06  1.703E-06  1.669E-06  1.622E-06
  1.740E-06  1.716E-06  1.688E-06  1.654E-06  1.608E-06
  1.725E-06  1.701E-06  1.673E-06  1.640E-06  1.594E-06
  1.709E-06  1.685E-06  1.658E-06  1.625E-06  1.580E-06
  1.693E-06  1.670E-06  1.643E-06  1.610E-06  1.566E-06
  1.677E-06  1.654E-06  1.628E-06  1.596E-06  1.552E-06
  1.662E-06  1.640E-06  1.613E-06  1.582E-06  1.538E-06
  1.647E-06  1.624E-06  1.599E-06  1.568E-06  1.524E-06
  1.632E-06  1.610E-06  1.585E-06  1.554E-06  1.511E-06
  1.618E-06  1.596E-06  1.571E-06  1.540E-06  1.498E-06
  1.602E-06  1.581E-06  1.556E-06  1.526E-06  1.485E-06
  1.588E-06  1.567E-06  1.543E-06  1.513E-06  1.472E-06
  1.574E-06  1.553E-06  1.529E-06  1.500E-06  1.459E-06
  1.560E-06  1.539E-06  1.516E-06  1.487E-06  1.447E-06
  1.546E-06  1.526E-06  1.502E-06  1.474E-06  1.435E-06
  1.533E-06  1.513E-06  1.490E-06  1.462E-06  1.423E-06
  1.519E-06  1.499E-06  1.476E-06  1.449E-06  1.410E-06
  1.506E-06  1.487E-06  1.464E-06  1.437E-06  1.399E-06
  1.494E-06  1.475E-06  1.452E-06  1.425E-06  1.388E-06
  1.480E-06  1.461E-06  1.439E-06  1.412E-06  1.375E-06
  1.468E-06  1.449E-06  1.427E-06  1.401E-06  1.364E-06
  1.456E-06  1.437E-06  1.416E-06  1.389E-06  1.353E-06
  1.444E-06  1.425E-06  1.404E-06  1.378E-06  1.342E-06
  1.431E-06  1.413E-06  1.392E-06  1.367E-06  1.331E-06
  1.419E-06  1.402E-06  1.381E-06  1.356E-06  1.320E-06
  1.407E-06  1.389E-06  1.369E-06  1.344E-06  1.309E-06
  1.395E-06  1.378E-06  1.358E-06  1.333E-06  1.299E-06
  1.384E-06  1.367E-06  1.347E-06  1.322E-06  1.289E-06
  1.372E-06  1.355E-06  1.336E-06  1.312E-06  1.278E-06
  1.361E-06  1.344E-06  1.325E-06  1.301E-06  1.268E-06
  1.350E-06  1.333E-06  1.314E-06  1.290E-06  1.258E-06
  1.339E-06  1.322E-06  1.303E-06  1.280E-06  1.248E-06
  1.328E-06  1.312E-06  1.293E-06  1.270E-06  1.238E-06
  1.317E-06  1.301E-06  1.282E-06  1.260E-06  1.228E-06
  1.307E-06  1.291E-06  1.272E-06  1.250E-06  1.219E-06
  1.295E-06  1.279E-06  1.261E-06  1.239E-06  1.208E-06
  1.285E-06  1.269E-06  1.251E-06  1.230E-06  1.199E-06
  1.275E-06  1.260E-06  1.242E-06  1.221E-06  1.190E-06
  1.265E-06  1.250E-06  1.233E-06  1.211E-06  1.181E-06
  1.255E-06  1.240E-06  1.223E-06  1.202E-06  1.172E-06
  1.245E-06  1.230E-06  1.213E-06  1.192E-06  1.163E-06
  1.236E-06  1.221E-06  1.204E-06  1.183E-06  1.154E-06
  1.226E-06  1.211E-06  1.195E-06  1.174E-06  1.145E-06
  3.126E-07  3.105E-07  3.079E-07  3.047E-07  2.999E-07
  7.831E-08  7.795E-08  7.751E-08  7.694E-08  7.610E-08
  3.471E-08  3.457E-08  3.441E-08  3.422E-08  3.395E-08
  1.947E-08  1.940E-08  1.933E-08  1.924E-08  1.914E-08
  1.243E-08  1.240E-08  1.236E-08  1.232E-08  1.227E-08
  8.619E-09  8.600E-09  8.579E-09  8.556E-09  8.532E-09
  6.325E-09  6.314E-09  6.302E-09  6.289E-09  6.276E-09
  4.839E-09  4.832E-09  4.825E-09  4.817E-09  4.810E-09
