  2.769-138  2.762-138  2.756-138  2.749-138  2.742-138
  2.022-134  2.018-134  2.014-134  2.010-134  2.006-134
  9.107-131  9.091-131  9.075-131  9.059-131  9.043-131
  1.290-128  1.288-128  1.286-128  1.284-128  1.282-128
  3.759-126  3.754-126  3.748-126  3.743-126  3.737-126
  3.599-123  3.595-123  3.590-123  3.585-123  3.581-123
  5.025-121  5.019-121  5.013-121  5.007-121  5.002-121
  5.924-119  5.917-119  5.911-119  5.905-119  5.898-119
  1.263-116  1.262-116  1.260-116  1.259-116  1.258-116
  9.216-114  9.208-114  9.200-114  9.192-114  9.185-114
  3.716-110  3.713-110  3.710-110  3.708-110  3.705-110
  1.366-106  1.365-106  1.364-106  1.364-106  1.363-106
  1.662-103  1.661-103  1.660-103  1.659-103  1.659-103
  1.354-100  1.354-100  1.353-100  1.352-100  1.352-100
  9.056E-99  9.052E-99  9.048E-99  9.044E-99  9.040E-99
  9.108E-98  9.104E-98  9.101E-98  9.097E-98  9.093E-98
  3.439E-96  3.437E-96  3.436E-96  3.435E-96  3.433E-96
  8.313E-95  8.310E-95  8.308E-95  8.305E-95  8.302E-95
  9.639E-94  9.635E-94  9.632E-94  9.629E-94  9.626E-94
  6.924E-92  6.922E-92  6.919E-92  6.917E-92  6.915E-92
  8.850E-90  8.847E-90  8.845E-90  8.843E-90  8.840E-90
  1.389E-87  1.388E-87  1.388E-87  1.387E-87  1.387E-87
  2.919E-85  2.918E-85  2.918E-85  2.917E-85  2.916E-85
  4.093E-83  4.092E-83  4.092E-83  4.091E-83  4.090E-83
  7.272E-81  7.271E-81  7.270E-81  7.268E-81  7.267E-81
  4.948E-79  4.947E-79  4.946E-79  4.946E-79  4.945E-79
  1.797E-77  1.797E-77  1.797E-77  1.797E-77  1.796E-77
  1.317E-75  1.317E-75  1.317E-75  1.317E-75  1.316E-75
  1.061E-73  1.061E-73  1.061E-73  1.061E-73  1.061E-73
  2.193E-72  2.193E-72  2.193E-72  2.192E-72  2.192E-72
  5.370E-71  5.370E-71  5.369E-71  5.369E-71  5.368E-71
  1.164E-69  1.164E-69  1.164E-69  1.164E-69  1.164E-69
  4.359E-69  4.359E-69  4.359E-69  4.358E-69  4.358E-69
  1.852E-67  1.852E-67  1.851E-67  1.851E-67  1.851E-67
  9.808E-66  9.808E-66  9.807E-66  9.806E-66  9.806E-66
  9.343E-65  9.342E-65  9.342E-65  9.341E-65  9.341E-65
  2.706E-63  2.705E-63  2.705E-63  2.705E-63  2.705E-63
  3.112E-62  3.112E-62  3.112E-62  3.111E-62  3.111E-62
  2.877E-61  2.877E-61  2.877E-61  2.876E-61  2.876E-61
  1.121E-59  1.121E-59  1.121E-59  1.121E-59  1.121E-59
  4.093E-58  4.093E-58  4.093E-58  4.093E-58  4.092E-58
  3.602E-57  3.602E-57  3.602E-57  3.602E-57  3.602E-57
  2.346E-56  2.346E-56  2.345E-56  2.345E-56  2.345E-56
  2.025E-55  2.025E-55  2.025E-55  2.024E-55  2.024E-55
  1.176E-54  1.176E-54  1.176E-54  1.176E-54  1.176E-54
  9.900E-54  9.900E-54  9.900E-54  9.899E-54  9.899E-54
  2.114E-52  2.114E-52  2.114E-52  2.114E-52  2.114E-52
  4.913E-51  4.913E-51  4.912E-51  4.912E-51  4.912E-51
  7.409E-50  7.409E-50  7.409E-50  7.409E-50  7.409E-50
  5.163E-49  5.163E-49  5.163E-49  5.163E-49  5.163E-49
  2.032E-48  2.032E-48  2.032E-48  2.032E-48  2.032E-48
  1.074E-47  1.074E-47  1.074E-47  1.074E-47  1.074E-47
  6.587E-47  6.587E-47  6.587E-47  6.587E-47  6.587E-47
  4.602E-46  4.602E-46  4.601E-46  4.601E-46  4.601E-46
  2.995E-45  2.995E-45  2.995E-45  2.995E-45  2.995E-45
  2.176E-44  2.176E-44  2.176E-44  2.176E-44  2.176E-44
  1.735E-43  1.735E-43  1.735E-43  1.735E-43  1.735E-43
  1.271E-42  1.271E-42  1.271E-42  1.271E-42  1.271E-42
  6.279E-42  6.279E-42  6.278E-42  6.278E-42  6.278E-42
  5.380E-41  5.380E-41  5.380E-41  5.380E-41  5.380E-41
  9.797E-40  9.797E-40  9.797E-40  9.797E-40  9.797E-40
  1.491E-38  1.491E-38  1.491E-38  1.490E-38  1.490E-38
  1.925E-37  1.925E-37  1.925E-37  1.925E-37  1.925E-37
  2.141E-36  2.141E-36  2.141E-36  2.141E-36  2.141E-36
  1.664E-35  1.664E-35  1.664E-35  1.664E-35  1.664E-35
  1.167E-34  1.167E-34  1.167E-34  1.167E-34  1.167E-34
  7.440E-34  7.440E-34  7.440E-34  7.440E-34  7.440E-34
  5.255E-33  5.255E-33  5.255E-33  5.255E-33  5.255E-33
  3.355E-32  3.355E-32  3.355E-32  3.355E-32  3.355E-32
  1.951E-31  1.951E-31  1.951E-31  1.951E-31  1.951E-31
  8.833E-31  8.833E-31  8.832E-31  8.832E-31  8.832E-31
  3.199E-30  3.199E-30  3.199E-30  3.199E-30  3.199E-30
  1.104E-29  1.104E-29  1.104E-29  1.104E-29  1.104E-29
  5.618E-29  5.618E-29  5.618E-29  5.618E-29  5.618E-29
  2.299E-28  2.299E-28  2.299E-28  2.299E-28  2.299E-28
  7.745E-28  7.745E-28  7.745E-28  7.745E-28  7.745E-28
  2.824E-27  2.824E-27  2.824E-27  2.824E-27  2.824E-27
  9.742E-27  9.742E-27  9.742E-27  9.742E-27  9.742E-27
  3.191E-26  3.191E-26  3.191E-26  3.191E-26  3.191E-26
  9.957E-26  9.957E-26  9.957E-26  9.957E-26  9.957E-26
  1.927E-25  1.927E-25  1.927E-25  1.927E-25  1.927E-25
  3.673E-25  3.673E-25  3.673E-25  3.673E-25  3.673E-25
  8.471E-25  8.471E-25  8.471E-25  8.471E-25  8.471E-25
  2.322E-24  2.322E-24  2.322E-24  2.322E-24  2.322E-24
  6.124E-24  6.124E-24  6.124E-24  6.124E-24  6.124E-24
  1.558E-23  1.558E-23  1.558E-23  1.558E-23  1.558E-23
  3.829E-23  3.829E-23  3.829E-23  3.829E-23  3.829E-23
  9.109E-23  9.109E-23  9.109E-23  9.109E-23  9.109E-23
  2.102E-22  2.102E-22  2.102E-22  2.102E-22  2.102E-22
  4.709E-22  4.709E-22  4.709E-22  4.709E-22  4.709E-22
  1.026E-21  1.026E-21  1.026E-21  1.026E-21  1.026E-21
  2.178E-21  2.178E-21  2.178E-21  2.178E-21  2.178E-21
  4.509E-21  4.509E-21  4.509E-21  4.509E-21  4.509E-21
  9.115E-21  9.115E-21  9.115E-21  9.115E-21  9.115E-21
  1.801E-20  1.801E-20  1.801E-20  1.801E-20  1.801E-20
  3.482E-20  3.482E-20  3.482E-20  3.482E-20  3.482E-20
  5.813E-20  5.813E-20  5.813E-20  5.813E-20  5.813E-20
  9.008E-20  9.008E-20  9.008E-20  9.008E-20  9.008E-20
  1.657E-19  1.657E-19  1.657E-19  1.657E-19  1.657E-19
  2.992E-19  2.992E-19  2.992E-19  2.992E-19  2.992E-19
  5.307E-19  5.307E-19  5.307E-19  5.307E-19  5.307E-19
  9.258E-19  9.258E-19  9.258E-19  9.258E-19  9.258E-19
  1.676E-18  1.676E-18  1.676E-18  1.676E-18  1.676E-18
  2.828E-18  2.828E-18  2.828E-18  2.828E-18  2.828E-18
  4.472E-18  4.472E-18  4.472E-18  4.472E-18  4.472E-18
  7.342E-18  7.342E-18  7.342E-18  7.342E-18  7.342E-18
  1.189E-17  1.189E-17  1.189E-17  1.189E-17  1.189E-17
  1.900E-17  1.900E-17  1.900E-17  1.900E-17  1.900E-17
  2.999E-17  2.999E-17  2.999E-17  2.999E-17  2.999E-17
  4.676E-17  4.676E-17  4.676E-17  4.676E-17  4.676E-17
  7.206E-17  7.206E-17  7.206E-17  7.206E-17  7.206E-17
  1.098E-16  1.098E-16  1.098E-16  1.098E-16  1.098E-16
  1.656E-16  1.656E-16  1.656E-16  1.656E-16  1.656E-16
  2.470E-16  2.470E-16  2.470E-16  2.470E-16  2.470E-16
  3.649E-16  3.649E-16  3.649E-16  3.649E-16  3.649E-16
  5.338E-16  5.338E-16  5.338E-16  5.338E-16  5.338E-16
  7.736E-16  7.736E-16  7.736E-16  7.736E-16  7.736E-16
  1.111E-15  1.111E-15  1.111E-15  1.111E-15  1.111E-15
  1.582E-15  1.582E-15  1.582E-15  1.582E-15  1.582E-15
  2.234E-15  2.234E-15  2.234E-15  2.234E-15  2.234E-15
  3.130E-15  3.130E-15  3.130E-15  3.130E-15  3.130E-15
  4.350E-15  4.350E-15  4.350E-15  4.350E-15  4.350E-15
  6.001E-15  6.001E-15  6.001E-15  6.000E-15  6.000E-15
  8.217E-15  8.216E-15  8.215E-15  8.214E-15  8.213E-15
  1.117E-14  1.117E-14  1.117E-14  1.117E-14  1.117E-14
  1.509E-14  1.509E-14  1.508E-14  1.508E-14  1.508E-14
  2.024E-14  2.024E-14  2.024E-14  2.024E-14  2.024E-14
  2.697E-14  2.696E-14  2.695E-14  2.694E-14  2.694E-14
  3.568E-14  3.566E-14  3.564E-14  3.562E-14  3.559E-14
  4.706E-14  4.706E-14  4.705E-14  4.705E-14  4.705E-14
  6.160E-14  6.159E-14  6.158E-14  6.157E-14  6.157E-14
  8.015E-14  8.013E-14  8.011E-14  8.009E-14  8.007E-14
  1.036E-13  1.035E-13  1.035E-13  1.034E-13  1.033E-13
  1.337E-13  1.337E-13  1.336E-13  1.336E-13  1.336E-13
  1.711E-13  1.711E-13  1.711E-13  1.710E-13  1.710E-13
  2.182E-13  2.182E-13  2.182E-13  2.182E-13  2.181E-13
  2.768E-13  2.768E-13  2.768E-13  2.768E-13  2.768E-13
  3.495E-13  3.494E-13  3.494E-13  3.494E-13  3.494E-13
  4.392E-13  4.391E-13  4.391E-13  4.390E-13  4.390E-13
  5.494E-13  5.493E-13  5.492E-13  5.492E-13  5.491E-13
  6.843E-13  6.842E-13  6.841E-13  6.840E-13  6.839E-13
  8.519E-13  8.505E-13  8.493E-13  8.484E-13  8.476E-13
  1.064E-12  1.059E-12  1.054E-12  1.049E-12  1.045E-12
  1.317E-12  1.308E-12  1.299E-12  1.291E-12  1.283E-12
  1.621E-12  1.606E-12  1.591E-12  1.577E-12  1.564E-12
  1.971E-12  1.952E-12  1.934E-12  1.916E-12  1.897E-12
  2.375E-12  2.356E-12  2.336E-12  2.316E-12  2.294E-12
  2.849E-12  2.828E-12  2.805E-12  2.781E-12  2.753E-12
  3.398E-12  3.370E-12  3.340E-12  3.305E-12  3.261E-12
  4.171E-12  4.159E-12  4.149E-12  4.142E-12  4.138E-12
  4.970E-12  4.967E-12  4.965E-12  4.964E-12  4.964E-12
  5.937E-12  5.937E-12  5.937E-12  5.937E-12  5.936E-12
  7.080E-12  7.079E-12  7.079E-12  7.078E-12  7.078E-12
  8.413E-12  8.412E-12  8.412E-12  8.412E-12  8.411E-12
  9.979E-12  9.973E-12  9.969E-12  9.967E-12  9.967E-12
  1.121E-11  1.110E-11  1.096E-11  1.079E-11  1.053E-11
  1.349E-11  1.335E-11  1.319E-11  1.299E-11  1.273E-11
  1.615E-11  1.597E-11  1.577E-11  1.555E-11  1.527E-11
  1.921E-11  1.894E-11  1.864E-11  1.832E-11  1.794E-11
  2.310E-11  2.260E-11  2.208E-11  2.151E-11  2.088E-11
  2.726E-11  2.666E-11  2.604E-11  2.539E-11  2.467E-11
  3.261E-11  3.171E-11  3.079E-11  2.982E-11  2.880E-11
  3.827E-11  3.719E-11  3.608E-11  3.493E-11  3.372E-11
  4.486E-11  4.352E-11  4.216E-11  4.075E-11  3.930E-11
  5.208E-11  5.053E-11  4.896E-11  4.735E-11  4.570E-11
  6.068E-11  5.878E-11  5.684E-11  5.487E-11  5.288E-11
  6.977E-11  6.763E-11  6.546E-11  6.327E-11  6.107E-11
  8.116E-11  7.847E-11  7.574E-11  7.299E-11  7.024E-11
  9.253E-11  8.958E-11  8.659E-11  8.359E-11  8.062E-11
  1.054E-10  1.021E-10  9.883E-11  9.553E-11  9.228E-11
  1.207E-10  1.169E-10  1.130E-10  1.092E-10  1.054E-10
  1.371E-10  1.329E-10  1.286E-10  1.243E-10  1.201E-10
  1.578E-10  1.525E-10  1.472E-10  1.418E-10  1.366E-10
  1.773E-10  1.716E-10  1.660E-10  1.603E-10  1.548E-10
  2.004E-10  1.941E-10  1.877E-10  1.814E-10  1.753E-10
  2.221E-10  2.143E-10  2.066E-10  1.988E-10  1.912E-10
  2.313E-10  2.241E-10  2.169E-10  2.097E-10  2.028E-10
  2.586E-10  2.498E-10  2.409E-10  2.321E-10  2.235E-10
  2.865E-10  2.776E-10  2.687E-10  2.598E-10  2.512E-10
  3.231E-10  3.128E-10  3.024E-10  2.921E-10  2.822E-10
  3.620E-10  3.506E-10  3.390E-10  3.275E-10  3.165E-10
  4.077E-10  3.943E-10  3.809E-10  3.674E-10  3.545E-10
  4.588E-10  4.432E-10  4.274E-10  4.117E-10  3.966E-10
  4.922E-10  4.760E-10  4.596E-10  4.434E-10  4.278E-10
  5.162E-10  5.000E-10  4.835E-10  4.672E-10  4.515E-10
  5.896E-10  5.669E-10  5.437E-10  5.200E-10  4.964E-10
  7.308E-10  6.937E-10  6.551E-10  6.142E-10  5.699E-10
  7.988E-10  7.602E-10  7.200E-10  6.772E-10  6.308E-10
  8.874E-10  8.449E-10  8.003E-10  7.524E-10  7.002E-10
  9.393E-10  9.002E-10  8.589E-10  8.147E-10  7.667E-10
  1.055E-09  1.009E-09  9.605E-10  9.080E-10  8.507E-10
  1.154E-09  1.105E-09  1.054E-09  9.980E-10  9.372E-10
  1.266E-09  1.213E-09  1.157E-09  1.097E-09  1.031E-09
  1.379E-09  1.324E-09  1.265E-09  1.202E-09  1.133E-09
  1.597E-09  1.523E-09  1.444E-09  1.359E-09  1.265E-09
  1.871E-09  1.769E-09  1.662E-09  1.548E-09  1.420E-09
  2.339E-09  2.174E-09  2.004E-09  1.825E-09  1.626E-09
  3.177E-09  2.870E-09  2.564E-09  2.252E-09  1.919E-09
  3.302E-09  2.976E-09  2.661E-09  2.351E-09  2.035E-09
  5.557E-09  4.718E-09  3.956E-09  3.256E-09  2.589E-09
  5.425E-09  4.589E-09  3.851E-09  3.196E-09  2.599E-09
  7.799E-09  6.306E-09  5.048E-09  3.981E-09  3.056E-09
  1.272E-08  9.802E-09  7.441E-09  5.531E-09  3.979E-09
  1.994E-08  1.499E-08  1.099E-08  7.832E-09  5.415E-09
  4.150E-08  2.972E-08  2.036E-08  1.337E-08  8.687E-09
  8.079E-08  5.691E-08  3.770E-08  2.350E-08  1.465E-08
  1.173E-07  8.379E-08  5.608E-08  3.499E-08  2.167E-08
  1.732E-07  1.241E-07  8.298E-08  5.130E-08  3.128E-08
  1.919E-07  1.390E-07  9.400E-08  5.872E-08  3.589E-08
  2.609E-07  1.907E-07  1.302E-07  8.188E-08  5.008E-08
  1.867E-07  1.377E-07  9.519E-08  6.084E-08  3.758E-08
  2.632E-07  1.944E-07  1.344E-07  8.551E-08  5.203E-08
  3.154E-07  2.335E-07  1.616E-07  1.026E-07  6.184E-08
  4.058E-07  3.038E-07  2.127E-07  1.364E-07  8.256E-08
  3.491E-07  2.605E-07  1.816E-07  1.158E-07  6.910E-08
  3.819E-07  2.867E-07  2.012E-07  1.287E-07  7.632E-08
  3.507E-07  2.637E-07  1.855E-07  1.192E-07  7.096E-08
  3.940E-07  2.979E-07  2.109E-07  1.363E-07  8.106E-08
  2.790E-07  2.092E-07  1.470E-07  9.447E-08  5.608E-08
  3.785E-07  2.870E-07  2.040E-07  1.322E-07  7.842E-08
  5.014E-07  3.827E-07  2.736E-07  1.778E-07  1.047E-07
  4.967E-07  3.790E-07  2.709E-07  1.760E-07  1.033E-07
  5.325E-07  4.075E-07  2.920E-07  1.901E-07  1.110E-07
  5.907E-07  4.539E-07  3.268E-07  2.135E-07  1.245E-07
  5.644E-07  4.342E-07  3.130E-07  2.047E-07  1.190E-07
  6.486E-07  4.991E-07  3.596E-07  2.344E-07  1.349E-07
  6.378E-07  4.880E-07  3.491E-07  2.254E-07  1.277E-07
  4.149E-07  3.103E-07  2.165E-07  1.365E-07  7.609E-08
  7.456E-07  5.762E-07  4.168E-07  2.723E-07  1.549E-07
  8.011E-07  6.215E-07  4.516E-07  2.962E-07  1.684E-07
  9.199E-07  7.172E-07  5.240E-07  3.453E-07  1.960E-07
  9.034E-07  7.041E-07  5.139E-07  3.380E-07  1.910E-07
  8.761E-07  6.833E-07  4.992E-07  3.289E-07  1.859E-07
  9.220E-07  7.213E-07  5.292E-07  3.503E-07  1.986E-07
  8.613E-07  6.764E-07  4.987E-07  3.325E-07  1.901E-07
  9.354E-07  7.344E-07  5.414E-07  3.608E-07  2.055E-07
  7.998E-07  6.274E-07  4.623E-07  3.082E-07  1.760E-07
  1.045E-06  8.263E-07  6.138E-07  4.121E-07  2.350E-07
  1.157E-06  9.170E-07  6.833E-07  4.603E-07  2.626E-07
  1.159E-06  9.182E-07  6.835E-07  4.595E-07  2.608E-07
  1.145E-06  9.062E-07  6.742E-07  4.529E-07  2.564E-07
  1.343E-06  1.066E-06  7.943E-07  5.332E-07  2.993E-07
  1.417E-06  1.134E-06  8.548E-07  5.827E-07  3.336E-07
  1.386E-06  1.108E-06  8.339E-07  5.675E-07  3.247E-07
  1.341E-06  1.075E-06  8.134E-07  5.603E-07  3.294E-07
  1.339E-06  1.082E-06  8.283E-07  5.802E-07  3.482E-07
  1.485E-06  1.207E-06  9.303E-07  6.563E-07  3.953E-07
  1.457E-06  1.178E-06  9.017E-07  6.294E-07  3.729E-07
  1.355E-06  1.099E-06  8.448E-07  5.933E-07  3.545E-07
  1.615E-06  1.316E-06  1.017E-06  7.181E-07  4.304E-07
  1.621E-06  1.324E-06  1.027E-06  7.280E-07  4.386E-07
  1.527E-06  1.249E-06  9.684E-07  6.874E-07  4.142E-07
  1.563E-06  1.281E-06  9.966E-07  7.102E-07  4.300E-07
  1.765E-06  1.450E-06  1.130E-06  8.072E-07  4.886E-07
  1.964E-06  1.614E-06  1.259E-06  8.982E-07  5.413E-07
  1.885E-06  1.550E-06  1.210E-06  8.648E-07  5.224E-07
  1.713E-06  1.404E-06  1.091E-06  7.755E-07  4.646E-07
  1.855E-06  1.525E-06  1.190E-06  8.503E-07  5.129E-07
  2.211E-06  1.825E-06  1.431E-06  1.028E-06  6.220E-07
  2.085E-06  1.724E-06  1.356E-06  9.780E-07  5.954E-07
  1.902E-06  1.564E-06  1.221E-06  8.727E-07  5.252E-07
  1.839E-06  1.516E-06  1.188E-06  8.525E-07  5.161E-07
  2.039E-06  1.685E-06  1.324E-06  9.542E-07  5.806E-07
  2.247E-06  1.865E-06  1.472E-06  1.066E-06  6.509E-07
  2.060E-06  1.708E-06  1.348E-06  9.771E-07  5.991E-07
  2.310E-06  1.923E-06  1.525E-06  1.111E-06  6.842E-07
  2.335E-06  1.940E-06  1.533E-06  1.112E-06  6.783E-07
  2.299E-06  1.909E-06  1.508E-06  1.093E-06  6.665E-07
  2.025E-06  1.667E-06  1.302E-06  9.308E-07  5.581E-07
  1.599E-06  1.309E-06  1.017E-06  7.253E-07  4.388E-07
  2.438E-06  2.023E-06  1.595E-06  1.153E-06  6.983E-07
  1.789E-06  1.466E-06  1.140E-06  8.127E-07  4.895E-07
  2.244E-06  1.856E-06  1.457E-06  1.048E-06  6.314E-07
  1.489E-06  1.214E-06  9.401E-07  6.693E-07  4.082E-07
  1.898E-06  1.558E-06  1.213E-06  8.664E-07  5.225E-07
  1.896E-06  1.558E-06  1.216E-06  8.701E-07  5.263E-07
  2.026E-06  1.680E-06  1.327E-06  9.658E-07  5.978E-07
  2.797E-06  2.350E-06  1.883E-06  1.391E-06  8.682E-07
  2.733E-06  2.301E-06  1.850E-06  1.374E-06  8.663E-07
  3.018E-06  2.550E-06  2.058E-06  1.534E-06  9.700E-07
  3.089E-06  2.612E-06  2.111E-06  1.576E-06  9.980E-07
  3.146E-06  2.656E-06  2.141E-06  1.593E-06  1.002E-06
  2.910E-06  2.455E-06  1.979E-06  1.475E-06  9.330E-07
  2.601E-06  2.177E-06  1.738E-06  1.280E-06  8.012E-07
  2.648E-06  2.228E-06  1.792E-06  1.335E-06  8.493E-07
  3.397E-06  2.874E-06  2.325E-06  1.738E-06  1.102E-06
  2.746E-06  2.301E-06  1.839E-06  1.357E-06  8.524E-07
  2.369E-06  1.970E-06  1.562E-06  1.144E-06  7.202E-07
  2.287E-06  1.903E-06  1.509E-06  1.105E-06  6.964E-07
  2.371E-06  1.981E-06  1.583E-06  1.178E-06  7.644E-07
  2.409E-06  2.044E-06  1.667E-06  1.273E-06  8.479E-07
  2.997E-06  2.569E-06  2.116E-06  1.626E-06  1.080E-06
  2.961E-06  2.519E-06  2.055E-06  1.559E-06  1.019E-06
  3.539E-06  3.009E-06  2.450E-06  1.851E-06  1.196E-06
  3.553E-06  3.009E-06  2.437E-06  1.827E-06  1.165E-06
  3.462E-06  2.928E-06  2.366E-06  1.769E-06  1.125E-06
  3.219E-06  2.712E-06  2.182E-06  1.624E-06  1.030E-06
  3.003E-06  2.530E-06  2.039E-06  1.523E-06  9.769E-07
  3.788E-06  3.208E-06  2.595E-06  1.941E-06  1.233E-06
  4.272E-06  3.662E-06  3.010E-06  2.300E-06  1.503E-06
  5.219E-06  4.494E-06  3.715E-06  2.858E-06  1.878E-06
  5.619E-06  4.861E-06  4.040E-06  3.128E-06  2.071E-06
  4.968E-06  4.281E-06  3.542E-06  2.729E-06  1.801E-06
  5.379E-06  4.644E-06  3.851E-06  2.973E-06  1.963E-06
  5.722E-06  4.946E-06  4.106E-06  3.175E-06  2.098E-06
  5.031E-06  4.338E-06  3.593E-06  2.774E-06  1.838E-06
  5.427E-06  4.695E-06  3.904E-06  3.028E-06  2.015E-06
  4.804E-06  4.140E-06  3.427E-06  2.646E-06  1.757E-06
  4.932E-06  4.250E-06  3.517E-06  2.711E-06  1.794E-06
  5.336E-06  4.605E-06  3.815E-06  2.945E-06  1.949E-06
  4.027E-06  3.446E-06  2.828E-06  2.163E-06  1.429E-06
  4.677E-06  4.026E-06  3.329E-06  2.567E-06  1.705E-06
  5.436E-06  4.695E-06  3.895E-06  3.012E-06  1.998E-06
  5.838E-06  5.059E-06  4.212E-06  3.270E-06  2.175E-06
  5.027E-06  4.310E-06  3.541E-06  2.703E-06  1.768E-06
  1.969E-06  1.686E-06  1.401E-06  1.113E-06  8.216E-07
  2.636E-06  2.242E-06  1.840E-06  1.427E-06  1.000E-06
  6.439E-06  5.557E-06  4.600E-06  3.536E-06  2.311E-06
  6.942E-06  6.049E-06  5.071E-06  3.968E-06  2.663E-06
  6.830E-06  5.951E-06  4.989E-06  3.907E-06  2.630E-06
  6.338E-06  5.507E-06  4.603E-06  3.594E-06  2.418E-06
  4.373E-06  3.770E-06  3.132E-06  2.446E-06  1.686E-06
  6.913E-06  6.037E-06  5.078E-06  3.998E-06  2.717E-06
  7.135E-06  6.250E-06  5.278E-06  4.177E-06  2.860E-06
  7.102E-06  6.207E-06  5.227E-06  4.124E-06  2.815E-06
  7.292E-06  6.387E-06  5.393E-06  4.269E-06  2.927E-06
  8.217E-06  7.223E-06  6.125E-06  4.872E-06  3.355E-06
  8.079E-06  7.103E-06  6.024E-06  4.796E-06  3.310E-06
  8.118E-06  7.142E-06  6.063E-06  4.834E-06  3.347E-06
  8.563E-06  7.549E-06  6.426E-06  5.139E-06  3.572E-06
  8.688E-06  7.665E-06  6.531E-06  5.233E-06  3.649E-06
  8.973E-06  7.933E-06  6.776E-06  5.447E-06  3.818E-06
  9.185E-06  8.124E-06  6.944E-06  5.588E-06  3.924E-06
  9.550E-06  8.462E-06  7.249E-06  5.849E-06  4.121E-06
  9.859E-06  8.734E-06  7.476E-06  6.023E-06  4.226E-06
  9.997E-06  8.864E-06  7.597E-06  6.131E-06  4.315E-06
  1.018E-05  9.034E-06  7.751E-06  6.266E-06  4.426E-06
  1.040E-05  9.231E-06  7.923E-06  6.408E-06  4.528E-06
  1.063E-05  9.428E-06  8.080E-06  6.521E-06  4.597E-06
  1.102E-05  9.802E-06  8.432E-06  6.839E-06  4.852E-06
  1.058E-05  9.409E-06  8.101E-06  6.584E-06  4.697E-06
  1.114E-05  9.935E-06  8.583E-06  7.006E-06  5.028E-06
  1.077E-05  9.603E-06  8.293E-06  6.771E-06  4.871E-06
  1.164E-05  1.041E-05  9.024E-06  7.403E-06  5.360E-06
  1.242E-05  1.113E-05  9.671E-06  7.957E-06  5.778E-06
  1.269E-05  1.137E-05  9.880E-06  8.131E-06  5.907E-06
  1.305E-05  1.170E-05  1.018E-05  8.378E-06  6.084E-06
  1.305E-05  1.171E-05  1.019E-05  8.409E-06  6.129E-06
  1.318E-05  1.184E-05  1.031E-05  8.516E-06  6.219E-06
  1.289E-05  1.154E-05  1.002E-05  8.240E-06  5.980E-06
  1.342E-05  1.206E-05  1.052E-05  8.710E-06  6.384E-06
  1.352E-05  1.217E-05  1.063E-05  8.820E-06  6.498E-06
  1.407E-05  1.268E-05  1.110E-05  9.234E-06  6.825E-06
  1.413E-05  1.275E-05  1.117E-05  9.310E-06  6.909E-06
  1.438E-05  1.298E-05  1.138E-05  9.494E-06  7.057E-06
  1.474E-05  1.332E-05  1.170E-05  9.774E-06  7.282E-06
  1.511E-05  1.367E-05  1.202E-05  1.007E-05  7.527E-06
  1.502E-05  1.359E-05  1.196E-05  1.001E-05  7.497E-06
  1.595E-05  1.446E-05  1.275E-05  1.071E-05  8.051E-06
  1.527E-05  1.382E-05  1.218E-05  1.022E-05  7.680E-06
  1.535E-05  1.390E-05  1.226E-05  1.030E-05  7.766E-06
  1.580E-05  1.433E-05  1.265E-05  1.065E-05  8.045E-06
  1.623E-05  1.472E-05  1.300E-05  1.095E-05  8.270E-06
  1.632E-05  1.482E-05  1.309E-05  1.104E-05  8.345E-06
  1.713E-05  1.557E-05  1.377E-05  1.162E-05  8.796E-06
  1.727E-05  1.570E-05  1.389E-05  1.173E-05  8.883E-06
  1.705E-05  1.551E-05  1.374E-05  1.163E-05  8.865E-06
  1.744E-05  1.593E-05  1.419E-05  1.209E-05  9.290E-06
  1.680E-05  1.540E-05  1.376E-05  1.177E-05  9.071E-06
  1.835E-05  1.676E-05  1.489E-05  1.261E-05  9.581E-06
  1.935E-05  1.768E-05  1.572E-05  1.333E-05  1.014E-05
  2.044E-05  1.857E-05  1.642E-05  1.383E-05  1.045E-05
  2.167E-05  1.963E-05  1.731E-05  1.453E-05  1.093E-05
  1.911E-05  1.742E-05  1.546E-05  1.310E-05  1.001E-05
  2.255E-05  2.038E-05  1.792E-05  1.501E-05  1.127E-05
  2.294E-05  2.069E-05  1.816E-05  1.519E-05  1.140E-05
  2.104E-05  1.927E-05  1.719E-05  1.464E-05  1.121E-05
  2.352E-05  2.123E-05  1.864E-05  1.561E-05  1.173E-05
  1.937E-05  1.738E-05  1.517E-05  1.264E-05  9.518E-06
  2.398E-05  2.163E-05  1.899E-05  1.589E-05  1.194E-05
  1.974E-05  1.799E-05  1.597E-05  1.353E-05  1.034E-05
  2.541E-05  2.300E-05  2.028E-05  1.706E-05  1.292E-05
  2.602E-05  2.355E-05  2.077E-05  1.750E-05  1.328E-05
  2.619E-05  2.371E-05  2.093E-05  1.765E-05  1.342E-05
  2.632E-05  2.385E-05  2.106E-05  1.777E-05  1.353E-05
  2.630E-05  2.385E-05  2.109E-05  1.783E-05  1.361E-05
  2.683E-05  2.446E-05  2.174E-05  1.848E-05  1.418E-05
  2.488E-05  2.291E-05  2.059E-05  1.775E-05  1.387E-05
  2.754E-05  2.503E-05  2.219E-05  1.882E-05  1.444E-05
  2.784E-05  2.531E-05  2.245E-05  1.906E-05  1.466E-05
  2.823E-05  2.566E-05  2.276E-05  1.933E-05  1.486E-05
  2.810E-05  2.556E-05  2.269E-05  1.930E-05  1.487E-05
  2.838E-05  2.583E-05  2.294E-05  1.951E-05  1.504E-05
  2.817E-05  2.565E-05  2.279E-05  1.941E-05  1.499E-05
  2.879E-05  2.622E-05  2.330E-05  1.984E-05  1.532E-05
  2.897E-05  2.639E-05  2.346E-05  1.998E-05  1.544E-05
  2.891E-05  2.630E-05  2.334E-05  1.983E-05  1.526E-05
  2.808E-05  2.552E-05  2.261E-05  1.916E-05  1.471E-05
  2.914E-05  2.676E-05  2.400E-05  2.063E-05  1.611E-05
  2.761E-05  2.551E-05  2.303E-05  1.998E-05  1.581E-05
  3.076E-05  2.811E-05  2.509E-05  2.148E-05  1.672E-05
  3.062E-05  2.797E-05  2.496E-05  2.137E-05  1.663E-05
  3.080E-05  2.817E-05  2.517E-05  2.160E-05  1.688E-05
  3.136E-05  2.871E-05  2.569E-05  2.208E-05  1.731E-05
  3.144E-05  2.879E-05  2.577E-05  2.215E-05  1.738E-05
  3.172E-05  2.906E-05  2.604E-05  2.241E-05  1.762E-05
  3.221E-05  2.953E-05  2.647E-05  2.280E-05  1.795E-05
  3.280E-05  3.010E-05  2.701E-05  2.331E-05  1.838E-05
  3.244E-05  2.976E-05  2.670E-05  2.303E-05  1.817E-05
  3.273E-05  3.005E-05  2.698E-05  2.330E-05  1.841E-05
  3.346E-05  3.074E-05  2.763E-05  2.389E-05  1.891E-05
  3.341E-05  3.069E-05  2.759E-05  2.386E-05  1.889E-05
  3.384E-05  3.111E-05  2.799E-05  2.423E-05  1.921E-05
  3.397E-05  3.124E-05  2.811E-05  2.435E-05  1.933E-05
  3.423E-05  3.150E-05  2.836E-05  2.459E-05  1.954E-05
  3.465E-05  3.190E-05  2.875E-05  2.495E-05  1.985E-05
  3.478E-05  3.204E-05  2.889E-05  2.509E-05  2.000E-05
  3.458E-05  3.187E-05  2.876E-05  2.500E-05  1.997E-05
  3.519E-05  3.243E-05  2.927E-05  2.545E-05  2.033E-05
  3.544E-05  3.268E-05  2.951E-05  2.568E-05  2.054E-05
  3.565E-05  3.288E-05  2.971E-05  2.587E-05  2.070E-05
  3.578E-05  3.302E-05  2.984E-05  2.600E-05  2.083E-05
  3.603E-05  3.327E-05  3.009E-05  2.624E-05  2.104E-05
  3.615E-05  3.341E-05  3.024E-05  2.639E-05  2.120E-05
  3.539E-05  3.288E-05  2.993E-05  2.626E-05  2.121E-05
  3.222E-05  3.015E-05  2.768E-05  2.457E-05  2.017E-05
  3.634E-05  3.363E-05  3.049E-05  2.667E-05  2.149E-05
  3.673E-05  3.397E-05  3.079E-05  2.692E-05  2.170E-05
  3.647E-05  3.375E-05  3.060E-05  2.679E-05  2.164E-05
  3.693E-05  3.419E-05  3.102E-05  2.717E-05  2.197E-05
  3.749E-05  3.472E-05  3.151E-05  2.761E-05  2.233E-05
  3.713E-05  3.437E-05  3.119E-05  2.733E-05  2.212E-05
  3.690E-05  3.417E-05  3.102E-05  2.719E-05  2.203E-05
  3.782E-05  3.504E-05  3.183E-05  2.792E-05  2.263E-05
  3.770E-05  3.495E-05  3.177E-05  2.790E-05  2.265E-05
  3.827E-05  3.549E-05  3.228E-05  2.836E-05  2.305E-05
  3.825E-05  3.547E-05  3.226E-05  2.835E-05  2.305E-05
  3.848E-05  3.570E-05  3.248E-05  2.856E-05  2.324E-05
  3.853E-05  3.575E-05  3.254E-05  2.863E-05  2.331E-05
  3.836E-05  3.560E-05  3.242E-05  2.853E-05  2.327E-05
  3.754E-05  3.487E-05  3.179E-05  2.803E-05  2.294E-05
  3.791E-05  3.522E-05  3.211E-05  2.832E-05  2.318E-05
  3.857E-05  3.584E-05  3.268E-05  2.882E-05  2.358E-05
  3.891E-05  3.617E-05  3.300E-05  2.913E-05  2.385E-05
  3.971E-05  3.693E-05  3.370E-05  2.974E-05  2.434E-05
  3.874E-05  3.603E-05  3.288E-05  2.905E-05  2.382E-05
  3.985E-05  3.708E-05  3.386E-05  2.992E-05  2.454E-05
  4.011E-05  3.733E-05  3.411E-05  3.017E-05  2.477E-05
  3.954E-05  3.681E-05  3.365E-05  2.977E-05  2.448E-05
  4.029E-05  3.752E-05  3.431E-05  3.037E-05  2.498E-05
  4.023E-05  3.749E-05  3.429E-05  3.038E-05  2.503E-05
  4.041E-05  3.766E-05  3.446E-05  3.054E-05  2.517E-05
  4.026E-05  3.753E-05  3.436E-05  3.047E-05  2.514E-05
  4.063E-05  3.789E-05  3.470E-05  3.078E-05  2.541E-05
  4.084E-05  3.810E-05  3.491E-05  3.100E-05  2.562E-05
  4.105E-05  3.830E-05  3.510E-05  3.116E-05  2.576E-05
  4.134E-05  3.858E-05  3.536E-05  3.141E-05  2.597E-05
  4.148E-05  3.871E-05  3.549E-05  3.153E-05  2.609E-05
  4.155E-05  3.879E-05  3.558E-05  3.164E-05  2.621E-05
  4.188E-05  3.912E-05  3.590E-05  3.194E-05  2.647E-05
  4.170E-05  3.896E-05  3.576E-05  3.182E-05  2.640E-05
  4.173E-05  3.899E-05  3.580E-05  3.188E-05  2.647E-05
  4.194E-05  3.920E-05  3.600E-05  3.207E-05  2.665E-05
  4.233E-05  3.957E-05  3.636E-05  3.240E-05  2.694E-05
  4.245E-05  3.970E-05  3.649E-05  3.253E-05  2.705E-05
  4.242E-05  3.968E-05  3.647E-05  3.252E-05  2.707E-05
  4.265E-05  3.991E-05  3.671E-05  3.275E-05  2.729E-05
  4.267E-05  3.993E-05  3.672E-05  3.278E-05  2.732E-05
  4.302E-05  4.028E-05  3.707E-05  3.311E-05  2.763E-05
  4.304E-05  4.030E-05  3.710E-05  3.315E-05  2.768E-05
  4.318E-05  4.045E-05  3.725E-05  3.330E-05  2.782E-05
  4.325E-05  4.052E-05  3.733E-05  3.338E-05  2.790E-05
  4.340E-05  4.067E-05  3.748E-05  3.353E-05  2.805E-05
  4.354E-05  4.081E-05  3.762E-05  3.367E-05  2.819E-05
  4.354E-05  4.081E-05  3.763E-05  3.369E-05  2.822E-05
  4.366E-05  4.094E-05  3.776E-05  3.382E-05  2.835E-05
  4.312E-05  4.045E-05  3.733E-05  3.346E-05  2.810E-05
  4.386E-05  4.115E-05  3.797E-05  3.403E-05  2.857E-05
  4.396E-05  4.125E-05  3.807E-05  3.414E-05  2.868E-05
  4.408E-05  4.138E-05  3.820E-05  3.427E-05  2.880E-05
  4.417E-05  4.147E-05  3.830E-05  3.437E-05  2.890E-05
  4.424E-05  4.154E-05  3.838E-05  3.445E-05  2.899E-05
  4.428E-05  4.159E-05  3.843E-05  3.451E-05  2.905E-05
  4.435E-05  4.166E-05  3.850E-05  3.459E-05  2.914E-05
  4.455E-05  4.186E-05  3.871E-05  3.479E-05  2.933E-05
  4.463E-05  4.194E-05  3.879E-05  3.488E-05  2.942E-05
  4.467E-05  4.199E-05  3.884E-05  3.494E-05  2.948E-05
  4.470E-05  4.203E-05  3.888E-05  3.498E-05  2.954E-05
  4.447E-05  4.181E-05  3.869E-05  3.482E-05  2.943E-05
  4.472E-05  4.206E-05  3.893E-05  3.504E-05  2.962E-05
  4.459E-05  4.194E-05  3.883E-05  3.497E-05  2.959E-05
  4.503E-05  4.236E-05  3.924E-05  3.535E-05  2.992E-05
  4.514E-05  4.248E-05  3.936E-05  3.548E-05  3.004E-05
  4.507E-05  4.242E-05  3.931E-05  3.544E-05  3.002E-05
  4.497E-05  4.232E-05  3.922E-05  3.536E-05  2.997E-05
  4.535E-05  4.271E-05  3.960E-05  3.572E-05  3.030E-05
  4.544E-05  4.280E-05  3.969E-05  3.582E-05  3.041E-05
  4.536E-05  4.272E-05  3.962E-05  3.576E-05  3.037E-05
  4.547E-05  4.284E-05  3.974E-05  3.589E-05  3.049E-05
  4.560E-05  4.297E-05  3.988E-05  3.604E-05  3.064E-05
  4.566E-05  4.304E-05  3.996E-05  3.611E-05  3.072E-05
  4.573E-05  4.311E-05  4.003E-05  3.618E-05  3.079E-05
  4.562E-05  4.301E-05  3.994E-05  3.611E-05  3.075E-05
  4.575E-05  4.314E-05  4.007E-05  3.625E-05  3.088E-05
  4.569E-05  4.310E-05  4.005E-05  3.624E-05  3.090E-05
  4.581E-05  4.322E-05  4.017E-05  3.636E-05  3.102E-05
  4.568E-05  4.310E-05  4.007E-05  3.629E-05  3.097E-05
  4.600E-05  4.343E-05  4.039E-05  3.659E-05  3.125E-05
  4.601E-05  4.347E-05  4.046E-05  3.669E-05  3.136E-05
  4.491E-05  4.261E-05  3.983E-05  3.629E-05  3.120E-05
  3.984E-05  3.811E-05  3.600E-05  3.325E-05  2.917E-05
  4.594E-05  4.345E-05  4.049E-05  3.677E-05  3.150E-05
  4.630E-05  4.376E-05  4.075E-05  3.698E-05  3.166E-05
  4.640E-05  4.385E-05  4.083E-05  3.706E-05  3.174E-05
  4.647E-05  4.391E-05  4.090E-05  3.713E-05  3.181E-05
  4.646E-05  4.391E-05  4.090E-05  3.713E-05  3.182E-05
  4.659E-05  4.404E-05  4.103E-05  3.727E-05  3.196E-05
  4.660E-05  4.406E-05  4.105E-05  3.729E-05  3.199E-05
  4.668E-05  4.414E-05  4.114E-05  3.739E-05  3.209E-05
  4.670E-05  4.417E-05  4.117E-05  3.743E-05  3.214E-05
  4.675E-05  4.422E-05  4.123E-05  3.749E-05  3.221E-05
  4.679E-05  4.427E-05  4.128E-05  3.755E-05  3.227E-05
  4.682E-05  4.430E-05  4.132E-05  3.759E-05  3.233E-05
  4.688E-05  4.436E-05  4.139E-05  3.767E-05  3.241E-05
  4.686E-05  4.435E-05  4.139E-05  3.767E-05  3.242E-05
  4.694E-05  4.443E-05  4.147E-05  3.776E-05  3.251E-05
  4.699E-05  4.449E-05  4.153E-05  3.783E-05  3.259E-05
  4.702E-05  4.452E-05  4.157E-05  3.787E-05  3.264E-05
  4.705E-05  4.456E-05  4.162E-05  3.792E-05  3.270E-05
  4.708E-05  4.460E-05  4.166E-05  3.797E-05  3.275E-05
  4.712E-05  4.464E-05  4.171E-05  3.803E-05  3.282E-05
  4.715E-05  4.468E-05  4.175E-05  3.808E-05  3.287E-05
  4.711E-05  4.464E-05  4.172E-05  3.805E-05  3.286E-05
  4.719E-05  4.473E-05  4.181E-05  3.815E-05  3.296E-05
  4.724E-05  4.478E-05  4.187E-05  3.821E-05  3.303E-05
  4.725E-05  4.480E-05  4.189E-05  3.824E-05  3.307E-05
  4.728E-05  4.483E-05  4.193E-05  3.829E-05  3.312E-05
  4.729E-05  4.485E-05  4.196E-05  3.833E-05  3.317E-05
  4.728E-05  4.485E-05  4.196E-05  3.833E-05  3.318E-05
  4.728E-05  4.485E-05  4.197E-05  3.835E-05  3.321E-05
  4.733E-05  4.490E-05  4.202E-05  3.841E-05  3.328E-05
  4.726E-05  4.484E-05  4.197E-05  3.837E-05  3.325E-05
  4.733E-05  4.492E-05  4.205E-05  3.845E-05  3.334E-05
  4.741E-05  4.500E-05  4.214E-05  3.854E-05  3.343E-05
  4.745E-05  4.505E-05  4.219E-05  3.860E-05  3.350E-05
  4.747E-05  4.507E-05  4.222E-05  3.864E-05  3.355E-05
  4.739E-05  4.500E-05  4.216E-05  3.859E-05  3.351E-05
  4.748E-05  4.509E-05  4.225E-05  3.868E-05  3.361E-05
  4.747E-05  4.508E-05  4.225E-05  3.869E-05  3.363E-05
  4.755E-05  4.517E-05  4.234E-05  3.878E-05  3.372E-05
  4.757E-05  4.520E-05  4.238E-05  3.883E-05  3.377E-05
  4.750E-05  4.513E-05  4.231E-05  3.877E-05  3.374E-05
  4.741E-05  4.505E-05  4.225E-05  3.872E-05  3.370E-05
  4.751E-05  4.515E-05  4.235E-05  3.882E-05  3.381E-05
  4.756E-05  4.520E-05  4.241E-05  3.889E-05  3.387E-05
  4.761E-05  4.527E-05  4.248E-05  3.896E-05  3.395E-05
  4.757E-05  4.523E-05  4.245E-05  3.894E-05  3.395E-05
  4.760E-05  4.526E-05  4.248E-05  3.898E-05  3.399E-05
  4.764E-05  4.531E-05  4.253E-05  3.904E-05  3.405E-05
  4.768E-05  4.535E-05  4.258E-05  3.909E-05  3.411E-05
  4.766E-05  4.534E-05  4.258E-05  3.909E-05  3.412E-05
  4.766E-05  4.535E-05  4.259E-05  3.911E-05  3.415E-05
  4.767E-05  4.536E-05  4.261E-05  3.914E-05  3.419E-05
  4.769E-05  4.538E-05  4.264E-05  3.918E-05  3.423E-05
  4.768E-05  4.538E-05  4.265E-05  3.919E-05  3.426E-05
  4.754E-05  4.525E-05  4.252E-05  3.908E-05  3.417E-05
  4.768E-05  4.540E-05  4.267E-05  3.923E-05  3.432E-05
  4.763E-05  4.534E-05  4.262E-05  3.919E-05  3.429E-05
  4.770E-05  4.542E-05  4.270E-05  3.927E-05  3.437E-05
  4.763E-05  4.536E-05  4.265E-05  3.923E-05  3.435E-05
  4.763E-05  4.538E-05  4.269E-05  3.929E-05  3.442E-05
  4.773E-05  4.546E-05  4.276E-05  3.935E-05  3.448E-05
  4.772E-05  4.546E-05  4.277E-05  3.937E-05  3.451E-05
  4.766E-05  4.541E-05  4.273E-05  3.934E-05  3.449E-05
  4.769E-05  4.544E-05  4.276E-05  3.938E-05  3.453E-05
  4.773E-05  4.548E-05  4.281E-05  3.943E-05  3.460E-05
  4.772E-05  4.548E-05  4.282E-05  3.945E-05  3.462E-05
  4.771E-05  4.547E-05  4.281E-05  3.945E-05  3.463E-05
  4.757E-05  4.535E-05  4.270E-05  3.935E-05  3.456E-05
  4.759E-05  4.537E-05  4.273E-05  3.939E-05  3.460E-05
  4.771E-05  4.550E-05  4.285E-05  3.951E-05  3.471E-05
  4.771E-05  4.550E-05  4.286E-05  3.953E-05  3.474E-05
  4.766E-05  4.545E-05  4.282E-05  3.949E-05  3.472E-05
  4.767E-05  4.547E-05  4.285E-05  3.952E-05  3.476E-05
  4.764E-05  4.544E-05  4.282E-05  3.951E-05  3.475E-05
  4.768E-05  4.549E-05  4.288E-05  3.957E-05  3.482E-05
  4.762E-05  4.543E-05  4.282E-05  3.952E-05  3.478E-05
  4.766E-05  4.548E-05  4.288E-05  3.958E-05  3.485E-05
  4.767E-05  4.549E-05  4.290E-05  3.961E-05  3.488E-05
  4.765E-05  4.548E-05  4.289E-05  3.961E-05  3.489E-05
  4.764E-05  4.548E-05  4.289E-05  3.961E-05  3.491E-05
  4.735E-05  4.520E-05  4.264E-05  3.940E-05  3.474E-05
  4.753E-05  4.537E-05  4.281E-05  3.955E-05  3.487E-05
  4.745E-05  4.530E-05  4.274E-05  3.950E-05  3.484E-05
  4.754E-05  4.540E-05  4.284E-05  3.959E-05  3.493E-05
  4.760E-05  4.545E-05  4.290E-05  3.965E-05  3.499E-05
  4.758E-05  4.544E-05  4.289E-05  3.965E-05  3.500E-05
  4.752E-05  4.539E-05  4.284E-05  3.962E-05  3.498E-05
  4.732E-05  4.520E-05  4.267E-05  3.947E-05  3.487E-05
  4.751E-05  4.539E-05  4.286E-05  3.964E-05  3.502E-05
  4.752E-05  4.540E-05  4.287E-05  3.966E-05  3.504E-05
  4.737E-05  4.526E-05  4.274E-05  3.954E-05  3.494E-05
  4.748E-05  4.537E-05  4.286E-05  3.966E-05  3.506E-05
  4.742E-05  4.532E-05  4.281E-05  3.963E-05  3.504E-05
  4.739E-05  4.530E-05  4.280E-05  3.963E-05  3.506E-05
  4.730E-05  4.522E-05  4.272E-05  3.956E-05  3.501E-05
  4.733E-05  4.525E-05  4.276E-05  3.960E-05  3.504E-05
  4.642E-05  4.439E-05  4.196E-05  3.889E-05  3.447E-05
  4.732E-05  4.525E-05  4.276E-05  3.961E-05  3.506E-05
  4.485E-05  4.290E-05  4.058E-05  3.764E-05  3.345E-05
  4.744E-05  4.537E-05  4.289E-05  3.974E-05  3.518E-05
  4.715E-05  4.512E-05  4.268E-05  3.958E-05  3.510E-05
  4.701E-05  4.498E-05  4.256E-05  3.947E-05  3.501E-05
  4.744E-05  4.537E-05  4.290E-05  3.975E-05  3.521E-05
  4.729E-05  4.525E-05  4.280E-05  3.968E-05  3.518E-05
  4.472E-05  4.284E-05  4.060E-05  3.775E-05  3.366E-05
  4.713E-05  4.509E-05  4.264E-05  3.954E-05  3.506E-05
  4.739E-05  4.533E-05  4.286E-05  3.973E-05  3.522E-05
  4.728E-05  4.525E-05  4.281E-05  3.970E-05  3.521E-05
  4.595E-05  4.410E-05  4.187E-05  3.900E-05  3.480E-05
  4.719E-05  4.519E-05  4.278E-05  3.970E-05  3.524E-05
  4.731E-05  4.526E-05  4.281E-05  3.970E-05  3.523E-05
  4.701E-05  4.498E-05  4.256E-05  3.949E-05  3.507E-05
  4.718E-05  4.515E-05  4.271E-05  3.962E-05  3.518E-05
  4.697E-05  4.501E-05  4.265E-05  3.963E-05  3.522E-05
  4.550E-05  4.374E-05  4.160E-05  3.883E-05  3.474E-05
  4.719E-05  4.518E-05  4.277E-05  3.971E-05  3.528E-05
  4.719E-05  4.517E-05  4.276E-05  3.969E-05  3.527E-05
  4.711E-05  4.509E-05  4.268E-05  3.962E-05  3.521E-05
  4.716E-05  4.514E-05  4.272E-05  3.966E-05  3.525E-05
  4.715E-05  4.514E-05  4.273E-05  3.968E-05  3.528E-05
  4.709E-05  4.510E-05  4.271E-05  3.968E-05  3.529E-05
  4.510E-05  4.339E-05  4.131E-05  3.861E-05  3.462E-05
  4.652E-05  4.467E-05  4.242E-05  3.951E-05  3.523E-05
  4.705E-05  4.507E-05  4.269E-05  3.967E-05  3.530E-05
  4.683E-05  4.486E-05  4.250E-05  3.950E-05  3.517E-05
  4.653E-05  4.457E-05  4.223E-05  3.926E-05  3.497E-05
  4.685E-05  4.487E-05  4.251E-05  3.951E-05  3.519E-05
  4.697E-05  4.499E-05  4.263E-05  3.962E-05  3.529E-05
  4.695E-05  4.497E-05  4.261E-05  3.961E-05  3.528E-05
  4.691E-05  4.494E-05  4.259E-05  3.960E-05  3.528E-05
  4.688E-05  4.493E-05  4.258E-05  3.960E-05  3.529E-05
  4.660E-05  4.469E-05  4.239E-05  3.945E-05  3.518E-05
  4.419E-05  4.267E-05  4.079E-05  3.832E-05  3.456E-05
  4.638E-05  4.451E-05  4.224E-05  3.934E-05  3.511E-05
  4.671E-05  4.477E-05  4.246E-05  3.951E-05  3.524E-05
  4.674E-05  4.480E-05  4.248E-05  3.953E-05  3.526E-05
  4.673E-05  4.479E-05  4.247E-05  3.953E-05  3.527E-05
  4.669E-05  4.476E-05  4.244E-05  3.950E-05  3.525E-05
  4.666E-05  4.473E-05  4.242E-05  3.949E-05  3.524E-05
  4.664E-05  4.471E-05  4.240E-05  3.947E-05  3.523E-05
  4.661E-05  4.469E-05  4.239E-05  3.947E-05  3.524E-05
  4.613E-05  4.424E-05  4.198E-05  3.910E-05  3.495E-05
  4.651E-05  4.460E-05  4.231E-05  3.941E-05  3.520E-05
  4.646E-05  4.456E-05  4.228E-05  3.938E-05  3.518E-05
  4.649E-05  4.459E-05  4.231E-05  3.941E-05  3.522E-05
  4.647E-05  4.457E-05  4.230E-05  3.941E-05  3.522E-05
  4.640E-05  4.452E-05  4.226E-05  3.938E-05  3.520E-05
  4.617E-05  4.436E-05  4.216E-05  3.932E-05  3.518E-05
  4.349E-05  4.209E-05  4.036E-05  3.803E-05  3.446E-05
  4.617E-05  4.434E-05  4.213E-05  3.930E-05  3.516E-05
  4.629E-05  4.442E-05  4.218E-05  3.932E-05  3.518E-05
  4.622E-05  4.435E-05  4.212E-05  3.927E-05  3.514E-05
  4.613E-05  4.427E-05  4.204E-05  3.920E-05  3.509E-05
  4.617E-05  4.431E-05  4.208E-05  3.923E-05  3.511E-05
  4.605E-05  4.419E-05  4.197E-05  3.915E-05  3.505E-05
  4.613E-05  4.428E-05  4.206E-05  3.923E-05  3.512E-05
  4.612E-05  4.426E-05  4.204E-05  3.922E-05  3.512E-05
  4.608E-05  4.424E-05  4.202E-05  3.920E-05  3.511E-05
  4.601E-05  4.417E-05  4.196E-05  3.915E-05  3.507E-05
  4.600E-05  4.417E-05  4.196E-05  3.915E-05  3.508E-05
  4.597E-05  4.414E-05  4.194E-05  3.913E-05  3.507E-05
  4.595E-05  4.412E-05  4.192E-05  3.913E-05  3.507E-05
  4.591E-05  4.408E-05  4.190E-05  3.910E-05  3.505E-05
  4.587E-05  4.405E-05  4.187E-05  3.909E-05  3.504E-05
  4.582E-05  4.400E-05  4.183E-05  3.905E-05  3.502E-05
  4.575E-05  4.394E-05  4.177E-05  3.901E-05  3.499E-05
  4.574E-05  4.393E-05  4.177E-05  3.900E-05  3.499E-05
  4.574E-05  4.394E-05  4.178E-05  3.901E-05  3.500E-05
  4.571E-05  4.391E-05  4.175E-05  3.900E-05  3.499E-05
  4.568E-05  4.388E-05  4.173E-05  3.898E-05  3.498E-05
  4.563E-05  4.384E-05  4.170E-05  3.895E-05  3.497E-05
  4.519E-05  4.351E-05  4.146E-05  3.881E-05  3.490E-05
  4.440E-05  4.281E-05  4.087E-05  3.835E-05  3.461E-05
  4.538E-05  4.361E-05  4.150E-05  3.880E-05  3.486E-05
  4.527E-05  4.352E-05  4.141E-05  3.872E-05  3.481E-05
  4.522E-05  4.347E-05  4.138E-05  3.870E-05  3.480E-05
  4.514E-05  4.341E-05  4.132E-05  3.866E-05  3.477E-05
  4.501E-05  4.328E-05  4.120E-05  3.855E-05  3.469E-05
  4.494E-05  4.322E-05  4.116E-05  3.852E-05  3.467E-05
  4.487E-05  4.316E-05  4.111E-05  3.848E-05  3.466E-05
  4.469E-05  4.300E-05  4.096E-05  3.836E-05  3.456E-05
  4.467E-05  4.298E-05  4.096E-05  3.836E-05  3.457E-05
  4.454E-05  4.286E-05  4.085E-05  3.827E-05  3.450E-05
  4.441E-05  4.274E-05  4.074E-05  3.817E-05  3.442E-05
  4.404E-05  4.241E-05  4.043E-05  3.791E-05  3.422E-05
  4.417E-05  4.253E-05  4.055E-05  3.802E-05  3.431E-05
  4.408E-05  4.244E-05  4.047E-05  3.795E-05  3.426E-05
  4.386E-05  4.224E-05  4.029E-05  3.779E-05  3.414E-05
  4.383E-05  4.222E-05  4.028E-05  3.779E-05  3.414E-05
  4.226E-05  4.092E-05  3.927E-05  3.708E-05  3.375E-05
  4.349E-05  4.194E-05  4.007E-05  3.764E-05  3.405E-05
  4.369E-05  4.209E-05  4.018E-05  3.771E-05  3.409E-05
  4.364E-05  4.205E-05  4.014E-05  3.768E-05  3.407E-05
  4.353E-05  4.195E-05  4.004E-05  3.760E-05  3.401E-05
  4.341E-05  4.184E-05  3.995E-05  3.752E-05  3.395E-05
  4.335E-05  4.178E-05  3.990E-05  3.748E-05  3.392E-05
  4.313E-05  4.158E-05  3.972E-05  3.732E-05  3.379E-05
  4.309E-05  4.155E-05  3.969E-05  3.730E-05  3.378E-05
  4.303E-05  4.149E-05  3.963E-05  3.725E-05  3.374E-05
  4.287E-05  4.134E-05  3.950E-05  3.712E-05  3.364E-05
  4.287E-05  4.134E-05  3.951E-05  3.715E-05  3.367E-05
  4.277E-05  4.125E-05  3.943E-05  3.708E-05  3.362E-05
  4.265E-05  4.115E-05  3.933E-05  3.699E-05  3.355E-05
  4.246E-05  4.097E-05  3.917E-05  3.684E-05  3.342E-05
  4.236E-05  4.088E-05  3.909E-05  3.679E-05  3.338E-05
  4.238E-05  4.090E-05  3.911E-05  3.681E-05  3.341E-05
  4.209E-05  4.063E-05  3.886E-05  3.659E-05  3.323E-05
  4.199E-05  4.054E-05  3.878E-05  3.651E-05  3.317E-05
  4.194E-05  4.049E-05  3.873E-05  3.647E-05  3.313E-05
  4.200E-05  4.055E-05  3.880E-05  3.654E-05  3.319E-05
  4.159E-05  4.016E-05  3.844E-05  3.621E-05  3.293E-05
  4.168E-05  4.025E-05  3.853E-05  3.630E-05  3.300E-05
  4.151E-05  4.010E-05  3.839E-05  3.618E-05  3.291E-05
  4.156E-05  4.014E-05  3.843E-05  3.621E-05  3.293E-05
  4.151E-05  4.010E-05  3.839E-05  3.619E-05  3.292E-05
  4.141E-05  4.001E-05  3.831E-05  3.612E-05  3.286E-05
  4.128E-05  3.989E-05  3.820E-05  3.602E-05  3.278E-05
  4.121E-05  3.983E-05  3.815E-05  3.597E-05  3.275E-05
  4.111E-05  3.973E-05  3.806E-05  3.590E-05  3.269E-05
  4.101E-05  3.964E-05  3.798E-05  3.583E-05  3.263E-05
  4.093E-05  3.957E-05  3.791E-05  3.577E-05  3.258E-05
  4.082E-05  3.947E-05  3.782E-05  3.569E-05  3.252E-05
  4.071E-05  3.937E-05  3.773E-05  3.561E-05  3.246E-05
  4.061E-05  3.927E-05  3.765E-05  3.554E-05  3.240E-05
  4.052E-05  3.919E-05  3.757E-05  3.547E-05  3.234E-05
  4.043E-05  3.911E-05  3.750E-05  3.542E-05  3.230E-05
  4.020E-05  3.893E-05  3.737E-05  3.532E-05  3.224E-05
  3.789E-05  3.694E-05  3.574E-05  3.409E-05  3.148E-05
  4.005E-05  3.878E-05  3.722E-05  3.519E-05  3.212E-05
  4.004E-05  3.875E-05  3.718E-05  3.513E-05  3.206E-05
  3.997E-05  3.868E-05  3.711E-05  3.507E-05  3.202E-05
  3.987E-05  3.859E-05  3.703E-05  3.499E-05  3.195E-05
  3.979E-05  3.851E-05  3.696E-05  3.494E-05  3.191E-05
  3.964E-05  3.837E-05  3.682E-05  3.482E-05  3.181E-05
  3.953E-05  3.827E-05  3.673E-05  3.473E-05  3.174E-05
  3.951E-05  3.825E-05  3.672E-05  3.473E-05  3.174E-05
  3.939E-05  3.814E-05  3.662E-05  3.463E-05  3.166E-05
  3.931E-05  3.807E-05  3.656E-05  3.458E-05  3.162E-05
  3.921E-05  3.798E-05  3.647E-05  3.451E-05  3.156E-05
  3.914E-05  3.791E-05  3.641E-05  3.446E-05  3.152E-05
  3.904E-05  3.782E-05  3.633E-05  3.439E-05  3.146E-05
  3.895E-05  3.773E-05  3.625E-05  3.432E-05  3.141E-05
  3.883E-05  3.762E-05  3.615E-05  3.422E-05  3.133E-05
  3.876E-05  3.756E-05  3.609E-05  3.418E-05  3.129E-05
  3.866E-05  3.747E-05  3.601E-05  3.411E-05  3.123E-05
  3.853E-05  3.735E-05  3.590E-05  3.401E-05  3.115E-05
  3.847E-05  3.729E-05  3.585E-05  3.397E-05  3.112E-05
  3.838E-05  3.721E-05  3.578E-05  3.390E-05  3.107E-05
  3.831E-05  3.714E-05  3.572E-05  3.385E-05  3.102E-05
  3.821E-05  3.705E-05  3.563E-05  3.378E-05  3.097E-05
  3.811E-05  3.696E-05  3.555E-05  3.371E-05  3.091E-05
  3.801E-05  3.686E-05  3.546E-05  3.362E-05  3.084E-05
  3.794E-05  3.680E-05  3.541E-05  3.358E-05  3.081E-05
  3.781E-05  3.668E-05  3.529E-05  3.348E-05  3.072E-05
  3.776E-05  3.663E-05  3.526E-05  3.345E-05  3.070E-05
  3.761E-05  3.649E-05  3.512E-05  3.332E-05  3.059E-05
  3.749E-05  3.638E-05  3.502E-05  3.323E-05  3.051E-05
  3.748E-05  3.637E-05  3.502E-05  3.324E-05  3.053E-05
  3.740E-05  3.630E-05  3.495E-05  3.319E-05  3.049E-05
  3.709E-05  3.601E-05  3.469E-05  3.294E-05  3.028E-05
  3.721E-05  3.612E-05  3.479E-05  3.305E-05  3.038E-05
  3.698E-05  3.590E-05  3.459E-05  3.286E-05  3.022E-05
  3.698E-05  3.591E-05  3.460E-05  3.287E-05  3.023E-05
  3.691E-05  3.585E-05  3.455E-05  3.283E-05  3.020E-05
  3.683E-05  3.577E-05  3.448E-05  3.277E-05  3.015E-05
  3.670E-05  3.565E-05  3.436E-05  3.266E-05  3.005E-05
  3.660E-05  3.556E-05  3.428E-05  3.259E-05  3.000E-05
  3.653E-05  3.550E-05  3.422E-05  3.254E-05  2.996E-05
  3.619E-05  3.517E-05  3.392E-05  3.227E-05  2.974E-05
  3.639E-05  3.537E-05  3.411E-05  3.244E-05  2.989E-05
  3.627E-05  3.525E-05  3.400E-05  3.234E-05  2.980E-05
  3.590E-05  3.490E-05  3.367E-05  3.205E-05  2.956E-05
  3.593E-05  3.493E-05  3.370E-05  3.207E-05  2.957E-05
  3.600E-05  3.500E-05  3.377E-05  3.215E-05  2.965E-05
  3.591E-05  3.492E-05  3.370E-05  3.208E-05  2.960E-05
  3.577E-05  3.479E-05  3.358E-05  3.197E-05  2.950E-05
  3.569E-05  3.471E-05  3.351E-05  3.191E-05  2.946E-05
  3.559E-05  3.462E-05  3.342E-05  3.184E-05  2.940E-05
  3.549E-05  3.453E-05  3.334E-05  3.177E-05  2.934E-05
  3.537E-05  3.441E-05  3.323E-05  3.167E-05  2.926E-05
  3.531E-05  3.436E-05  3.319E-05  3.164E-05  2.924E-05
  3.519E-05  3.425E-05  3.309E-05  3.155E-05  2.917E-05
  3.501E-05  3.407E-05  3.291E-05  3.138E-05  2.902E-05
  3.505E-05  3.412E-05  3.298E-05  3.145E-05  2.909E-05
  3.482E-05  3.390E-05  3.276E-05  3.126E-05  2.894E-05
  3.461E-05  3.370E-05  3.257E-05  3.108E-05  2.877E-05
  3.451E-05  3.361E-05  3.249E-05  3.101E-05  2.870E-05
  3.458E-05  3.368E-05  3.257E-05  3.108E-05  2.878E-05
  3.394E-05  3.305E-05  3.196E-05  3.052E-05  2.830E-05
  3.431E-05  3.343E-05  3.234E-05  3.089E-05  2.864E-05
  3.431E-05  3.343E-05  3.233E-05  3.086E-05  2.859E-05
  3.406E-05  3.319E-05  3.212E-05  3.069E-05  2.847E-05
  3.352E-05  3.268E-05  3.163E-05  3.024E-05  2.809E-05
  3.378E-05  3.292E-05  3.185E-05  3.043E-05  2.821E-05
  3.327E-05  3.245E-05  3.143E-05  3.007E-05  2.794E-05
  3.257E-05  3.178E-05  3.081E-05  2.951E-05  2.748E-05
  3.301E-05  3.217E-05  3.114E-05  2.976E-05  2.762E-05
  3.274E-05  3.191E-05  3.088E-05  2.952E-05  2.740E-05
  3.211E-05  3.134E-05  3.039E-05  2.911E-05  2.710E-05
  3.129E-05  3.057E-05  2.967E-05  2.847E-05  2.658E-05
  3.191E-05  3.112E-05  3.013E-05  2.882E-05  2.678E-05
  3.164E-05  3.084E-05  2.986E-05  2.856E-05  2.654E-05
  3.135E-05  3.056E-05  2.960E-05  2.831E-05  2.632E-05
  3.104E-05  3.028E-05  2.933E-05  2.807E-05  2.612E-05
  2.960E-05  2.897E-05  2.819E-05  2.713E-05  2.543E-05
  3.042E-05  2.970E-05  2.879E-05  2.759E-05  2.569E-05
  3.032E-05  2.958E-05  2.866E-05  2.744E-05  2.554E-05
  3.007E-05  2.933E-05  2.842E-05  2.721E-05  2.533E-05
  2.984E-05  2.910E-05  2.820E-05  2.700E-05  2.515E-05
  2.960E-05  2.887E-05  2.798E-05  2.680E-05  2.497E-05
  2.935E-05  2.864E-05  2.776E-05  2.659E-05  2.478E-05
  2.907E-05  2.838E-05  2.752E-05  2.637E-05  2.458E-05
  2.769E-05  2.713E-05  2.643E-05  2.548E-05  2.395E-05
  2.841E-05  2.776E-05  2.696E-05  2.588E-05  2.417E-05
  2.838E-05  2.770E-05  2.687E-05  2.575E-05  2.402E-05
  2.813E-05  2.745E-05  2.662E-05  2.552E-05  2.381E-05
  2.792E-05  2.726E-05  2.644E-05  2.535E-05  2.366E-05
  2.763E-05  2.699E-05  2.619E-05  2.513E-05  2.347E-05
  2.596E-05  2.548E-05  2.488E-05  2.405E-05  2.269E-05
  2.716E-05  2.654E-05  2.576E-05  2.473E-05  2.311E-05
  2.696E-05  2.633E-05  2.555E-05  2.451E-05  2.289E-05
  2.683E-05  2.620E-05  2.543E-05  2.440E-05  2.280E-05
  2.661E-05  2.599E-05  2.522E-05  2.420E-05  2.262E-05
  2.640E-05  2.579E-05  2.503E-05  2.402E-05  2.246E-05
  2.612E-05  2.553E-05  2.479E-05  2.381E-05  2.227E-05
  2.474E-05  2.429E-05  2.372E-05  2.293E-05  2.165E-05
  2.572E-05  2.514E-05  2.442E-05  2.345E-05  2.195E-05
  2.557E-05  2.499E-05  2.426E-05  2.330E-05  2.180E-05
  2.535E-05  2.477E-05  2.405E-05  2.309E-05  2.161E-05
  2.519E-05  2.461E-05  2.390E-05  2.295E-05  2.148E-05
  2.499E-05  2.442E-05  2.371E-05  2.278E-05  2.132E-05
  2.481E-05  2.425E-05  2.355E-05  2.262E-05  2.118E-05
  2.463E-05  2.407E-05  2.338E-05  2.246E-05  2.104E-05
  2.442E-05  2.387E-05  2.319E-05  2.228E-05  2.087E-05
  2.422E-05  2.367E-05  2.299E-05  2.210E-05  2.070E-05
  2.406E-05  2.352E-05  2.285E-05  2.197E-05  2.059E-05
  2.388E-05  2.334E-05  2.268E-05  2.180E-05  2.044E-05
  2.367E-05  2.314E-05  2.248E-05  2.162E-05  2.027E-05
  2.351E-05  2.299E-05  2.234E-05  2.148E-05  2.014E-05
  2.334E-05  2.282E-05  2.218E-05  2.133E-05  2.000E-05
  2.314E-05  2.263E-05  2.199E-05  2.115E-05  1.984E-05
  2.299E-05  2.248E-05  2.185E-05  2.102E-05  1.972E-05
  2.281E-05  2.231E-05  2.169E-05  2.086E-05  1.958E-05
  2.264E-05  2.214E-05  2.153E-05  2.071E-05  1.944E-05
  2.247E-05  2.198E-05  2.137E-05  2.056E-05  1.931E-05
  2.231E-05  2.182E-05  2.122E-05  2.042E-05  1.918E-05
  2.211E-05  2.164E-05  2.105E-05  2.027E-05  1.905E-05
  2.093E-05  2.058E-05  2.014E-05  1.953E-05  1.853E-05
  2.173E-05  2.128E-05  2.071E-05  1.996E-05  1.877E-05
  2.164E-05  2.117E-05  2.060E-05  1.983E-05  1.864E-05
  2.151E-05  2.105E-05  2.048E-05  1.972E-05  1.853E-05
  2.133E-05  2.087E-05  2.030E-05  1.955E-05  1.838E-05
  2.120E-05  2.074E-05  2.018E-05  1.943E-05  1.828E-05
  2.105E-05  2.060E-05  2.004E-05  1.930E-05  1.815E-05
  2.090E-05  2.045E-05  1.990E-05  1.917E-05  1.803E-05
  2.075E-05  2.031E-05  1.976E-05  1.903E-05  1.791E-05
  2.059E-05  2.015E-05  1.961E-05  1.889E-05  1.778E-05
  2.045E-05  2.001E-05  1.948E-05  1.877E-05  1.766E-05
  2.031E-05  1.988E-05  1.935E-05  1.864E-05  1.755E-05
  2.015E-05  1.973E-05  1.920E-05  1.850E-05  1.742E-05
  2.002E-05  1.960E-05  1.908E-05  1.839E-05  1.731E-05
  1.989E-05  1.947E-05  1.895E-05  1.827E-05  1.720E-05
  1.974E-05  1.933E-05  1.882E-05  1.814E-05  1.709E-05
  1.961E-05  1.920E-05  1.869E-05  1.802E-05  1.698E-05
  1.947E-05  1.906E-05  1.856E-05  1.789E-05  1.686E-05
  1.934E-05  1.894E-05  1.844E-05  1.778E-05  1.675E-05
  1.920E-05  1.880E-05  1.831E-05  1.766E-05  1.664E-05
  1.907E-05  1.868E-05  1.819E-05  1.754E-05  1.654E-05
  1.893E-05  1.854E-05  1.806E-05  1.742E-05  1.642E-05
  1.880E-05  1.841E-05  1.794E-05  1.730E-05  1.631E-05
  1.868E-05  1.830E-05  1.782E-05  1.719E-05  1.621E-05
  1.855E-05  1.817E-05  1.770E-05  1.708E-05  1.611E-05
  1.842E-05  1.805E-05  1.758E-05  1.696E-05  1.600E-05
  1.830E-05  1.793E-05  1.747E-05  1.685E-05  1.590E-05
  1.817E-05  1.780E-05  1.734E-05  1.674E-05  1.579E-05
  1.806E-05  1.769E-05  1.723E-05  1.663E-05  1.570E-05
  1.792E-05  1.755E-05  1.710E-05  1.651E-05  1.558E-05
  1.781E-05  1.745E-05  1.701E-05  1.641E-05  1.550E-05
  1.769E-05  1.733E-05  1.689E-05  1.630E-05  1.539E-05
  1.754E-05  1.719E-05  1.675E-05  1.617E-05  1.527E-05
  1.745E-05  1.709E-05  1.666E-05  1.608E-05  1.519E-05
  1.735E-05  1.700E-05  1.657E-05  1.600E-05  1.511E-05
  1.724E-05  1.689E-05  1.646E-05  1.590E-05  1.502E-05
  1.709E-05  1.675E-05  1.633E-05  1.577E-05  1.490E-05
  1.701E-05  1.667E-05  1.625E-05  1.569E-05  1.483E-05
  1.690E-05  1.656E-05  1.615E-05  1.559E-05  1.474E-05
  1.678E-05  1.645E-05  1.604E-05  1.549E-05  1.464E-05
  1.662E-05  1.629E-05  1.588E-05  1.535E-05  1.451E-05
  1.657E-05  1.625E-05  1.584E-05  1.530E-05  1.447E-05
  1.645E-05  1.613E-05  1.573E-05  1.519E-05  1.437E-05
  1.636E-05  1.604E-05  1.564E-05  1.511E-05  1.429E-05
  1.623E-05  1.592E-05  1.553E-05  1.501E-05  1.420E-05
  1.603E-05  1.573E-05  1.535E-05  1.484E-05  1.406E-05
  1.530E-05  1.507E-05  1.479E-05  1.439E-05  1.374E-05
  1.589E-05  1.559E-05  1.522E-05  1.472E-05  1.394E-05
  1.584E-05  1.553E-05  1.515E-05  1.464E-05  1.386E-05
  1.574E-05  1.544E-05  1.506E-05  1.455E-05  1.377E-05
  1.561E-05  1.531E-05  1.493E-05  1.444E-05  1.367E-05
  1.540E-05  1.510E-05  1.474E-05  1.427E-05  1.353E-05
  1.544E-05  1.514E-05  1.478E-05  1.429E-05  1.353E-05
  1.537E-05  1.507E-05  1.470E-05  1.421E-05  1.346E-05
  1.527E-05  1.498E-05  1.461E-05  1.413E-05  1.338E-05
  1.518E-05  1.488E-05  1.452E-05  1.404E-05  1.330E-05
  1.508E-05  1.479E-05  1.443E-05  1.395E-05  1.322E-05
  1.499E-05  1.470E-05  1.434E-05  1.387E-05  1.314E-05
  1.489E-05  1.460E-05  1.425E-05  1.379E-05  1.306E-05
  1.460E-05  1.434E-05  1.401E-05  1.357E-05  1.288E-05
  1.464E-05  1.437E-05  1.403E-05  1.359E-05  1.289E-05
  1.462E-05  1.434E-05  1.400E-05  1.354E-05  1.283E-05
  1.454E-05  1.426E-05  1.392E-05  1.346E-05  1.276E-05
  1.445E-05  1.417E-05  1.383E-05  1.338E-05  1.268E-05
  1.436E-05  1.409E-05  1.375E-05  1.330E-05  1.261E-05
  1.428E-05  1.400E-05  1.367E-05  1.322E-05  1.254E-05
  1.419E-05  1.392E-05  1.359E-05  1.315E-05  1.247E-05
  1.410E-05  1.384E-05  1.351E-05  1.307E-05  1.239E-05
  1.401E-05  1.375E-05  1.342E-05  1.299E-05  1.232E-05
  1.393E-05  1.367E-05  1.334E-05  1.292E-05  1.225E-05
  1.379E-05  1.355E-05  1.324E-05  1.282E-05  1.217E-05
  1.349E-05  1.326E-05  1.297E-05  1.259E-05  1.199E-05
  1.367E-05  1.341E-05  1.310E-05  1.269E-05  1.204E-05
  1.360E-05  1.335E-05  1.303E-05  1.262E-05  1.198E-05
  1.352E-05  1.327E-05  1.296E-05  1.255E-05  1.191E-05
  1.344E-05  1.319E-05  1.288E-05  1.247E-05  1.184E-05
  1.336E-05  1.311E-05  1.281E-05  1.240E-05  1.177E-05
  1.329E-05  1.304E-05  1.274E-05  1.233E-05  1.171E-05
  1.321E-05  1.296E-05  1.266E-05  1.226E-05  1.164E-05
  1.313E-05  1.289E-05  1.259E-05  1.219E-05  1.158E-05
  1.306E-05  1.282E-05  1.252E-05  1.212E-05  1.151E-05
  1.298E-05  1.274E-05  1.245E-05  1.205E-05  1.145E-05
  1.291E-05  1.267E-05  1.238E-05  1.199E-05  1.139E-05
  1.283E-05  1.259E-05  1.230E-05  1.192E-05  1.132E-05
  1.276E-05  1.252E-05  1.223E-05  1.185E-05  1.126E-05
  1.268E-05  1.245E-05  1.216E-05  1.178E-05  1.120E-05
  1.260E-05  1.237E-05  1.209E-05  1.172E-05  1.113E-05
  1.228E-05  1.208E-05  1.183E-05  1.149E-05  1.096E-05
  1.234E-05  1.214E-05  1.188E-05  1.153E-05  1.098E-05
  1.239E-05  1.217E-05  1.189E-05  1.152E-05  1.095E-05
  1.232E-05  1.210E-05  1.182E-05  1.146E-05  1.089E-05
  1.226E-05  1.204E-05  1.176E-05  1.140E-05  1.084E-05
  1.219E-05  1.197E-05  1.169E-05  1.133E-05  1.077E-05
  1.212E-05  1.190E-05  1.163E-05  1.127E-05  1.072E-05
  1.205E-05  1.183E-05  1.157E-05  1.121E-05  1.066E-05
  1.197E-05  1.175E-05  1.149E-05  1.113E-05  1.059E-05
  1.192E-05  1.170E-05  1.144E-05  1.109E-05  1.055E-05
  1.185E-05  1.164E-05  1.138E-05  1.103E-05  1.049E-05
  1.179E-05  1.157E-05  1.131E-05  1.097E-05  1.043E-05
  1.171E-05  1.150E-05  1.124E-05  1.090E-05  1.037E-05
  1.166E-05  1.145E-05  1.119E-05  1.085E-05  1.032E-05
  1.159E-05  1.138E-05  1.113E-05  1.079E-05  1.027E-05
  1.153E-05  1.132E-05  1.107E-05  1.073E-05  1.021E-05
  1.147E-05  1.126E-05  1.101E-05  1.067E-05  1.016E-05
  1.137E-05  1.117E-05  1.092E-05  1.059E-05  1.008E-05
  1.125E-05  1.105E-05  1.080E-05  1.048E-05  9.975E-06
  1.113E-05  1.093E-05  1.069E-05  1.037E-05  9.871E-06
  1.100E-05  1.081E-05  1.057E-05  1.026E-05  9.769E-06
  1.069E-05  1.052E-05  1.031E-05  1.003E-05  9.591E-06
  1.074E-05  1.056E-05  1.033E-05  1.003E-05  9.565E-06
  1.065E-05  1.047E-05  1.024E-05  9.933E-06  9.467E-06
  1.055E-05  1.036E-05  1.014E-05  9.836E-06  9.376E-06
  1.043E-05  1.025E-05  1.003E-05  9.733E-06  9.279E-06
  1.032E-05  1.014E-05  9.924E-06  9.632E-06  9.184E-06
  1.021E-05  1.004E-05  9.821E-06  9.533E-06  9.091E-06
  1.011E-05  9.940E-06  9.726E-06  9.441E-06  9.005E-06
  1.001E-05  9.840E-06  9.628E-06  9.347E-06  8.917E-06
  9.909E-06  9.739E-06  9.530E-06  9.253E-06  8.829E-06
  9.808E-06  9.641E-06  9.434E-06  9.161E-06  8.742E-06
  9.709E-06  9.544E-06  9.340E-06  9.070E-06  8.657E-06
  9.610E-06  9.447E-06  9.246E-06  8.979E-06  8.572E-06
  9.515E-06  9.353E-06  9.155E-06  8.892E-06  8.490E-06
  9.418E-06  9.259E-06  9.063E-06  8.803E-06  8.406E-06
  9.325E-06  9.168E-06  8.975E-06  8.718E-06  8.327E-06
  9.233E-06  9.078E-06  8.887E-06  8.634E-06  8.247E-06
  9.143E-06  8.990E-06  8.801E-06  8.552E-06  8.170E-06
  9.050E-06  8.899E-06  8.712E-06  8.466E-06  8.089E-06
  8.962E-06  8.813E-06  8.628E-06  8.385E-06  8.013E-06
  8.869E-06  8.721E-06  8.539E-06  8.299E-06  7.933E-06
  8.787E-06  8.641E-06  8.462E-06  8.225E-06  7.862E-06
  8.643E-06  8.510E-06  8.344E-06  8.121E-06  7.776E-06
  8.499E-06  8.370E-06  8.210E-06  7.996E-06  7.665E-06
  8.539E-06  8.399E-06  8.226E-06  7.997E-06  7.648E-06
  8.459E-06  8.321E-06  8.149E-06  7.923E-06  7.578E-06
  8.375E-06  8.238E-06  8.069E-06  7.846E-06  7.506E-06
  8.298E-06  8.163E-06  7.996E-06  7.776E-06  7.440E-06
  8.225E-06  8.091E-06  7.926E-06  7.708E-06  7.375E-06
  8.146E-06  8.014E-06  7.851E-06  7.635E-06  7.307E-06
  8.069E-06  7.939E-06  7.778E-06  7.565E-06  7.241E-06
  7.985E-06  7.857E-06  7.698E-06  7.489E-06  7.171E-06
  7.924E-06  7.796E-06  7.639E-06  7.431E-06  7.114E-06
  7.851E-06  7.724E-06  7.568E-06  7.363E-06  7.050E-06
  7.780E-06  7.655E-06  7.501E-06  7.298E-06  6.989E-06
  7.706E-06  7.582E-06  7.430E-06  7.229E-06  6.924E-06
  7.627E-06  7.506E-06  7.357E-06  7.160E-06  6.861E-06
  7.555E-06  7.435E-06  7.288E-06  7.094E-06  6.798E-06
  7.358E-06  7.257E-06  7.130E-06  6.959E-06  6.691E-06
  7.431E-06  7.314E-06  7.170E-06  6.979E-06  6.688E-06
  7.368E-06  7.252E-06  7.108E-06  6.919E-06  6.630E-06
  7.305E-06  7.189E-06  7.047E-06  6.859E-06  6.574E-06
  7.241E-06  7.127E-06  6.986E-06  6.801E-06  6.519E-06
  7.174E-06  7.061E-06  6.923E-06  6.740E-06  6.462E-06
  7.081E-06  6.972E-06  6.838E-06  6.661E-06  6.392E-06
  7.048E-06  6.938E-06  6.803E-06  6.625E-06  6.353E-06
  6.984E-06  6.875E-06  6.740E-06  6.564E-06  6.295E-06
  6.931E-06  6.823E-06  6.690E-06  6.515E-06  6.248E-06
  6.871E-06  6.764E-06  6.632E-06  6.459E-06  6.195E-06
  6.813E-06  6.707E-06  6.577E-06  6.405E-06  6.145E-06
  6.754E-06  6.650E-06  6.521E-06  6.351E-06  6.093E-06
  6.697E-06  6.593E-06  6.465E-06  6.298E-06  6.043E-06
  6.639E-06  6.537E-06  6.410E-06  6.244E-06  5.992E-06
  6.582E-06  6.480E-06  6.356E-06  6.192E-06  5.943E-06
  6.487E-06  6.390E-06  6.271E-06  6.113E-06  5.874E-06
  6.463E-06  6.365E-06  6.245E-06  6.086E-06  5.844E-06
  6.416E-06  6.318E-06  6.197E-06  6.038E-06  5.796E-06
  6.365E-06  6.267E-06  6.147E-06  5.990E-06  5.751E-06
  6.313E-06  6.216E-06  6.098E-06  5.942E-06  5.705E-06
  6.263E-06  6.167E-06  6.049E-06  5.895E-06  5.660E-06
  6.211E-06  6.116E-06  6.000E-06  5.847E-06  5.615E-06
  6.160E-06  6.066E-06  5.951E-06  5.800E-06  5.570E-06
  6.110E-06  6.017E-06  5.903E-06  5.753E-06  5.526E-06
  6.061E-06  5.969E-06  5.856E-06  5.708E-06  5.483E-06
  6.011E-06  5.920E-06  5.809E-06  5.662E-06  5.440E-06
  5.963E-06  5.873E-06  5.762E-06  5.617E-06  5.397E-06
  5.915E-06  5.826E-06  5.717E-06  5.573E-06  5.356E-06
  5.866E-06  5.779E-06  5.671E-06  5.529E-06  5.314E-06
  5.704E-06  5.631E-06  5.541E-06  5.419E-06  5.229E-06
  5.718E-06  5.638E-06  5.540E-06  5.409E-06  5.209E-06
  5.725E-06  5.641E-06  5.537E-06  5.401E-06  5.193E-06
  5.685E-06  5.600E-06  5.496E-06  5.360E-06  5.153E-06
  5.641E-06  5.557E-06  5.454E-06  5.319E-06  5.115E-06
  5.597E-06  5.514E-06  5.412E-06  5.278E-06  5.076E-06
  5.553E-06  5.471E-06  5.370E-06  5.238E-06  5.037E-06
  5.510E-06  5.429E-06  5.329E-06  5.198E-06  5.000E-06
  5.467E-06  5.387E-06  5.288E-06  5.158E-06  4.962E-06
  5.426E-06  5.346E-06  5.248E-06  5.119E-06  4.925E-06
  5.384E-06  5.305E-06  5.208E-06  5.080E-06  4.888E-06
  5.343E-06  5.264E-06  5.168E-06  5.042E-06  4.852E-06
  5.302E-06  5.225E-06  5.129E-06  5.005E-06  4.816E-06
  5.262E-06  5.185E-06  5.091E-06  4.967E-06  4.781E-06
  5.222E-06  5.146E-06  5.053E-06  4.930E-06  4.745E-06
  5.183E-06  5.107E-06  5.015E-06  4.894E-06  4.710E-06
  5.144E-06  5.069E-06  4.977E-06  4.857E-06  4.676E-06
  5.106E-06  5.032E-06  4.941E-06  4.822E-06  4.643E-06
  5.067E-06  4.994E-06  4.904E-06  4.787E-06  4.609E-06
  5.030E-06  4.957E-06  4.868E-06  4.752E-06  4.575E-06
  4.993E-06  4.921E-06  4.833E-06  4.717E-06  4.543E-06
  4.956E-06  4.885E-06  4.797E-06  4.683E-06  4.510E-06
  4.919E-06  4.848E-06  4.762E-06  4.649E-06  4.477E-06
  4.880E-06  4.811E-06  4.726E-06  4.614E-06  4.445E-06
  4.790E-06  4.728E-06  4.650E-06  4.548E-06  4.391E-06
  4.811E-06  4.743E-06  4.659E-06  4.549E-06  4.383E-06
  4.777E-06  4.709E-06  4.626E-06  4.517E-06  4.352E-06
  4.744E-06  4.676E-06  4.594E-06  4.486E-06  4.322E-06
  4.709E-06  4.642E-06  4.561E-06  4.453E-06  4.292E-06
  4.676E-06  4.609E-06  4.528E-06  4.422E-06  4.262E-06
  4.642E-06  4.576E-06  4.496E-06  4.391E-06  4.232E-06
  4.608E-06  4.543E-06  4.464E-06  4.360E-06  4.202E-06
  4.577E-06  4.512E-06  4.433E-06  4.330E-06  4.174E-06
  4.545E-06  4.481E-06  4.402E-06  4.300E-06  4.145E-06
  4.513E-06  4.449E-06  4.372E-06  4.270E-06  4.117E-06
  4.481E-06  4.418E-06  4.341E-06  4.241E-06  4.089E-06
  4.448E-06  4.386E-06  4.309E-06  4.210E-06  4.060E-06
  4.417E-06  4.355E-06  4.280E-06  4.181E-06  4.032E-06
  4.388E-06  4.327E-06  4.252E-06  4.154E-06  4.006E-06
  4.357E-06  4.296E-06  4.222E-06  4.125E-06  3.979E-06
  4.327E-06  4.267E-06  4.194E-06  4.098E-06  3.952E-06
  4.296E-06  4.237E-06  4.164E-06  4.069E-06  3.925E-06
  4.268E-06  4.209E-06  4.137E-06  4.042E-06  3.900E-06
  4.238E-06  4.180E-06  4.108E-06  4.015E-06  3.874E-06
  4.207E-06  4.149E-06  4.078E-06  3.986E-06  3.846E-06
  4.181E-06  4.124E-06  4.053E-06  3.962E-06  3.823E-06
  4.153E-06  4.096E-06  4.026E-06  3.935E-06  3.798E-06
  4.124E-06  4.068E-06  3.998E-06  3.908E-06  3.771E-06
  4.098E-06  4.041E-06  3.973E-06  3.883E-06  3.748E-06
  4.070E-06  4.014E-06  3.946E-06  3.857E-06  3.723E-06
  4.043E-06  3.988E-06  3.920E-06  3.832E-06  3.699E-06
  4.016E-06  3.961E-06  3.894E-06  3.807E-06  3.675E-06
  3.989E-06  3.934E-06  3.868E-06  3.782E-06  3.651E-06
  3.958E-06  3.904E-06  3.839E-06  3.753E-06  3.624E-06
  3.936E-06  3.883E-06  3.818E-06  3.733E-06  3.604E-06
  3.911E-06  3.858E-06  3.793E-06  3.709E-06  3.581E-06
  3.885E-06  3.833E-06  3.769E-06  3.685E-06  3.558E-06
  3.860E-06  3.808E-06  3.744E-06  3.661E-06  3.536E-06
  3.835E-06  3.783E-06  3.720E-06  3.638E-06  3.513E-06
  3.810E-06  3.759E-06  3.696E-06  3.614E-06  3.491E-06
  3.786E-06  3.735E-06  3.673E-06  3.592E-06  3.469E-06
  3.761E-06  3.710E-06  3.649E-06  3.569E-06  3.447E-06
  3.734E-06  3.684E-06  3.624E-06  3.545E-06  3.425E-06
  3.659E-06  3.616E-06  3.563E-06  3.493E-06  3.384E-06
  3.687E-06  3.639E-06  3.579E-06  3.501E-06  3.383E-06
  3.658E-06  3.609E-06  3.550E-06  3.473E-06  3.357E-06
  3.640E-06  3.592E-06  3.533E-06  3.456E-06  3.340E-06
  3.619E-06  3.571E-06  3.513E-06  3.436E-06  3.321E-06
  3.596E-06  3.549E-06  3.490E-06  3.415E-06  3.300E-06
  3.574E-06  3.527E-06  3.469E-06  3.394E-06  3.280E-06
  3.552E-06  3.505E-06  3.447E-06  3.373E-06  3.260E-06
  3.529E-06  3.483E-06  3.426E-06  3.352E-06  3.240E-06
  3.507E-06  3.461E-06  3.404E-06  3.331E-06  3.220E-06
  3.485E-06  3.439E-06  3.383E-06  3.310E-06  3.200E-06
  3.464E-06  3.418E-06  3.363E-06  3.291E-06  3.181E-06
  3.443E-06  3.398E-06  3.342E-06  3.271E-06  3.162E-06
  3.421E-06  3.377E-06  3.322E-06  3.251E-06  3.143E-06
  3.400E-06  3.356E-06  3.302E-06  3.231E-06  3.124E-06
  3.380E-06  3.335E-06  3.282E-06  3.212E-06  3.106E-06
  3.358E-06  3.314E-06  3.261E-06  3.191E-06  3.086E-06
  3.338E-06  3.294E-06  3.242E-06  3.173E-06  3.068E-06
  3.317E-06  3.274E-06  3.222E-06  3.153E-06  3.050E-06
  3.286E-06  3.244E-06  3.193E-06  3.127E-06  3.026E-06
  3.276E-06  3.234E-06  3.182E-06  3.115E-06  3.014E-06
  3.258E-06  3.216E-06  3.165E-06  3.098E-06  2.997E-06
  3.239E-06  3.197E-06  3.146E-06  3.080E-06  2.979E-06
  3.219E-06  3.178E-06  3.127E-06  3.061E-06  2.962E-06
  3.200E-06  3.159E-06  3.109E-06  3.043E-06  2.945E-06
  3.172E-06  3.131E-06  3.081E-06  3.017E-06  2.919E-06
  3.134E-06  3.094E-06  3.045E-06  2.981E-06  2.885E-06
  3.097E-06  3.058E-06  3.009E-06  2.947E-06  2.852E-06
  3.061E-06  3.022E-06  2.975E-06  2.913E-06  2.820E-06
  3.026E-06  2.987E-06  2.941E-06  2.880E-06  2.788E-06
  2.991E-06  2.953E-06  2.907E-06  2.847E-06  2.756E-06
  2.957E-06  2.919E-06  2.874E-06  2.815E-06  2.725E-06
  2.923E-06  2.886E-06  2.841E-06  2.783E-06  2.695E-06
  2.889E-06  2.853E-06  2.809E-06  2.752E-06  2.665E-06
  2.849E-06  2.814E-06  2.771E-06  2.716E-06  2.632E-06
  2.825E-06  2.790E-06  2.747E-06  2.691E-06  2.607E-06
  2.794E-06  2.759E-06  2.717E-06  2.661E-06  2.578E-06
  2.763E-06  2.728E-06  2.687E-06  2.632E-06  2.550E-06
  2.732E-06  2.698E-06  2.657E-06  2.603E-06  2.523E-06
  2.702E-06  2.669E-06  2.628E-06  2.575E-06  2.496E-06
  2.672E-06  2.639E-06  2.600E-06  2.547E-06  2.469E-06
  2.644E-06  2.611E-06  2.572E-06  2.520E-06  2.443E-06
  2.615E-06  2.583E-06  2.544E-06  2.493E-06  2.417E-06
  2.587E-06  2.555E-06  2.517E-06  2.467E-06  2.392E-06
  2.559E-06  2.528E-06  2.490E-06  2.441E-06  2.367E-06
  2.532E-06  2.501E-06  2.464E-06  2.415E-06  2.342E-06
  2.505E-06  2.475E-06  2.438E-06  2.390E-06  2.317E-06
  2.479E-06  2.449E-06  2.413E-06  2.365E-06  2.294E-06
  2.453E-06  2.423E-06  2.387E-06  2.341E-06  2.270E-06
  2.427E-06  2.398E-06  2.363E-06  2.317E-06  2.247E-06
  2.402E-06  2.373E-06  2.338E-06  2.293E-06  2.224E-06
  2.353E-06  2.328E-06  2.297E-06  2.256E-06  2.193E-06
  2.325E-06  2.300E-06  2.270E-06  2.230E-06  2.168E-06
  2.328E-06  2.300E-06  2.267E-06  2.223E-06  2.158E-06
  2.305E-06  2.278E-06  2.245E-06  2.201E-06  2.136E-06
  2.282E-06  2.255E-06  2.222E-06  2.179E-06  2.115E-06
  2.259E-06  2.232E-06  2.200E-06  2.158E-06  2.094E-06
  2.236E-06  2.210E-06  2.178E-06  2.136E-06  2.074E-06
  2.214E-06  2.188E-06  2.156E-06  2.115E-06  2.054E-06
  2.191E-06  2.165E-06  2.134E-06  2.094E-06  2.033E-06
  2.170E-06  2.145E-06  2.114E-06  2.074E-06  2.014E-06
  2.149E-06  2.124E-06  2.094E-06  2.054E-06  1.995E-06
  2.128E-06  2.103E-06  2.073E-06  2.034E-06  1.975E-06
  2.107E-06  2.083E-06  2.053E-06  2.015E-06  1.957E-06
  2.087E-06  2.063E-06  2.033E-06  1.995E-06  1.938E-06
  2.067E-06  2.043E-06  2.014E-06  1.976E-06  1.920E-06
  2.047E-06  2.023E-06  1.995E-06  1.957E-06  1.902E-06
  2.027E-06  2.004E-06  1.976E-06  1.939E-06  1.884E-06
  2.007E-06  1.984E-06  1.956E-06  1.920E-06  1.865E-06
  1.989E-06  1.966E-06  1.938E-06  1.903E-06  1.849E-06
  1.970E-06  1.948E-06  1.921E-06  1.885E-06  1.832E-06
  1.952E-06  1.930E-06  1.903E-06  1.868E-06  1.815E-06
  1.934E-06  1.912E-06  1.885E-06  1.851E-06  1.798E-06
  1.916E-06  1.894E-06  1.868E-06  1.833E-06  1.782E-06
  1.898E-06  1.877E-06  1.851E-06  1.817E-06  1.766E-06
  1.880E-06  1.859E-06  1.834E-06  1.800E-06  1.750E-06
  1.863E-06  1.842E-06  1.817E-06  1.784E-06  1.734E-06
  1.846E-06  1.826E-06  1.800E-06  1.768E-06  1.719E-06
  1.829E-06  1.809E-06  1.784E-06  1.752E-06  1.703E-06
  1.813E-06  1.793E-06  1.768E-06  1.736E-06  1.688E-06
  1.796E-06  1.777E-06  1.752E-06  1.721E-06  1.673E-06
  1.778E-06  1.759E-06  1.735E-06  1.704E-06  1.658E-06
  1.764E-06  1.745E-06  1.721E-06  1.690E-06  1.644E-06
  1.744E-06  1.725E-06  1.703E-06  1.673E-06  1.628E-06
  1.728E-06  1.710E-06  1.687E-06  1.658E-06  1.614E-06
  1.718E-06  1.699E-06  1.676E-06  1.646E-06  1.602E-06
  1.703E-06  1.684E-06  1.662E-06  1.632E-06  1.588E-06
  1.688E-06  1.670E-06  1.647E-06  1.618E-06  1.574E-06
  1.673E-06  1.655E-06  1.633E-06  1.604E-06  1.561E-06
  1.659E-06  1.641E-06  1.619E-06  1.590E-06  1.547E-06
  1.645E-06  1.627E-06  1.605E-06  1.577E-06  1.534E-06
  1.630E-06  1.613E-06  1.591E-06  1.563E-06  1.522E-06
  1.616E-06  1.599E-06  1.578E-06  1.550E-06  1.509E-06
  1.603E-06  1.585E-06  1.564E-06  1.537E-06  1.496E-06
  1.589E-06  1.572E-06  1.551E-06  1.524E-06  1.484E-06
  1.576E-06  1.559E-06  1.538E-06  1.511E-06  1.471E-06
  1.562E-06  1.546E-06  1.525E-06  1.499E-06  1.459E-06
  1.549E-06  1.533E-06  1.513E-06  1.486E-06  1.447E-06
  1.536E-06  1.520E-06  1.500E-06  1.474E-06  1.435E-06
  1.521E-06  1.505E-06  1.486E-06  1.460E-06  1.422E-06
  1.511E-06  1.495E-06  1.475E-06  1.450E-06  1.412E-06
  1.499E-06  1.483E-06  1.463E-06  1.438E-06  1.401E-06
  1.486E-06  1.471E-06  1.451E-06  1.426E-06  1.389E-06
  1.474E-06  1.458E-06  1.440E-06  1.415E-06  1.378E-06
  1.462E-06  1.447E-06  1.428E-06  1.404E-06  1.367E-06
  1.450E-06  1.435E-06  1.416E-06  1.392E-06  1.356E-06
  1.438E-06  1.423E-06  1.405E-06  1.381E-06  1.346E-06
  1.427E-06  1.412E-06  1.394E-06  1.370E-06  1.335E-06
  1.415E-06  1.401E-06  1.383E-06  1.359E-06  1.324E-06
  1.404E-06  1.389E-06  1.372E-06  1.348E-06  1.314E-06
  1.393E-06  1.378E-06  1.361E-06  1.338E-06  1.304E-06
  1.382E-06  1.367E-06  1.350E-06  1.327E-06  1.294E-06
  1.371E-06  1.357E-06  1.340E-06  1.317E-06  1.284E-06
  1.360E-06  1.346E-06  1.329E-06  1.307E-06  1.274E-06
  1.350E-06  1.336E-06  1.319E-06  1.297E-06  1.264E-06
  1.339E-06  1.325E-06  1.308E-06  1.287E-06  1.254E-06
  3.404E-07  3.379E-07  3.350E-07  3.313E-07  3.260E-07
  8.487E-08  8.449E-08  8.403E-08  8.348E-08  8.272E-08
  3.761E-08  3.749E-08  3.734E-08  3.717E-08  3.694E-08
  2.111E-08  2.106E-08  2.100E-08  2.093E-08  2.084E-08
  1.350E-08  1.347E-08  1.344E-08  1.340E-08  1.336E-08
  9.365E-09  9.349E-09  9.332E-09  9.313E-09  9.294E-09
  6.877E-09  6.867E-09  6.857E-09  6.847E-09  6.837E-09
  5.263E-09  5.257E-09  5.251E-09  5.245E-09  5.239E-09
