  9.305-151  9.298-151  9.292-151  9.285-151  9.279-151
  1.512-146  1.511-146  1.510-146  1.509-146  1.508-146
  1.451-142  1.450-142  1.449-142  1.448-142  1.447-142
  3.208-140  3.207-140  3.205-140  3.203-140  3.202-140
  1.557-137  1.556-137  1.556-137  1.555-137  1.554-137
  2.764-134  2.762-134  2.761-134  2.760-134  2.759-134
  6.016-132  6.014-132  6.011-132  6.009-132  6.006-132
  1.089-129  1.089-129  1.088-129  1.088-129  1.087-129
  3.761-127  3.759-127  3.758-127  3.757-127  3.755-127
  4.966-124  4.965-124  4.963-124  4.962-124  4.960-124
  4.227-120  4.225-120  4.224-120  4.223-120  4.222-120
  3.253-116  3.252-116  3.252-116  3.251-116  3.250-116
  7.503-113  7.502-113  7.500-113  7.499-113  7.497-113
  1.118-109  1.118-109  1.118-109  1.118-109  1.117-109
  1.092-107  1.091-107  1.091-107  1.091-107  1.091-107
  1.352-106  1.352-106  1.351-106  1.351-106  1.351-106
  7.079-105  7.078-105  7.077-105  7.076-105  7.075-105
  2.281-103  2.280-103  2.280-103  2.280-103  2.279-103
  3.298-102  3.297-102  3.297-102  3.296-102  3.296-102
  3.483-100  3.482-100  3.482-100  3.481-100  3.481-100
  6.895E-98  6.894E-98  6.893E-98  6.892E-98  6.891E-98
  1.707E-95  1.707E-95  1.706E-95  1.706E-95  1.706E-95
  5.814E-93  5.813E-93  5.813E-93  5.812E-93  5.811E-93
  1.274E-90  1.274E-90  1.274E-90  1.274E-90  1.273E-90
  3.613E-88  3.613E-88  3.613E-88  3.612E-88  3.612E-88
  3.600E-86  3.599E-86  3.599E-86  3.599E-86  3.599E-86
  1.809E-84  1.809E-84  1.809E-84  1.809E-84  1.809E-84
  1.955E-82  1.955E-82  1.954E-82  1.954E-82  1.954E-82
  2.343E-80  2.343E-80  2.343E-80  2.343E-80  2.343E-80
  6.367E-79  6.367E-79  6.367E-79  6.366E-79  6.366E-79
  2.083E-77  2.083E-77  2.082E-77  2.082E-77  2.082E-77
  5.966E-76  5.965E-76  5.965E-76  5.965E-76  5.964E-76
  2.518E-75  2.517E-75  2.517E-75  2.517E-75  2.517E-75
  1.502E-73  1.502E-73  1.502E-73  1.502E-73  1.502E-73
  1.140E-71  1.140E-71  1.140E-71  1.140E-71  1.140E-71
  1.332E-70  1.332E-70  1.332E-70  1.332E-70  1.332E-70
  5.235E-69  5.235E-69  5.235E-69  5.235E-69  5.234E-69
  7.516E-68  7.515E-68  7.515E-68  7.515E-68  7.515E-68
  8.502E-67  8.502E-67  8.502E-67  8.502E-67  8.501E-67
  4.622E-65  4.622E-65  4.622E-65  4.621E-65  4.621E-65
  2.340E-63  2.339E-63  2.339E-63  2.339E-63  2.339E-63
  2.509E-62  2.509E-62  2.509E-62  2.509E-62  2.509E-62
  1.937E-61  1.937E-61  1.937E-61  1.937E-61  1.937E-61
  2.035E-60  2.035E-60  2.034E-60  2.034E-60  2.034E-60
  1.387E-59  1.387E-59  1.387E-59  1.387E-59  1.387E-59
  1.418E-58  1.418E-58  1.418E-58  1.418E-58  1.417E-58
  4.000E-57  4.000E-57  4.000E-57  4.000E-57  4.000E-57
  1.238E-55  1.238E-55  1.238E-55  1.238E-55  1.238E-55
  2.392E-54  2.392E-54  2.392E-54  2.392E-54  2.392E-54
  1.990E-53  1.990E-53  1.990E-53  1.990E-53  1.990E-53
  8.877E-53  8.877E-53  8.877E-53  8.877E-53  8.876E-53
  5.464E-52  5.464E-52  5.464E-52  5.464E-52  5.464E-52
  3.954E-51  3.954E-51  3.954E-51  3.954E-51  3.954E-51
  3.299E-50  3.299E-50  3.299E-50  3.299E-50  3.299E-50
  2.549E-49  2.549E-49  2.549E-49  2.549E-49  2.549E-49
  2.220E-48  2.220E-48  2.220E-48  2.220E-48  2.220E-48
  2.142E-47  2.142E-47  2.142E-47  2.141E-47  2.141E-47
  1.882E-46  1.882E-46  1.882E-46  1.882E-46  1.882E-46
  1.077E-45  1.077E-45  1.077E-45  1.077E-45  1.077E-45
  1.123E-44  1.123E-44  1.123E-44  1.123E-44  1.123E-44
  2.670E-43  2.670E-43  2.670E-43  2.670E-43  2.670E-43
  5.218E-42  5.218E-42  5.218E-42  5.218E-42  5.218E-42
  8.528E-41  8.528E-41  8.528E-41  8.528E-41  8.528E-41
  1.184E-39  1.184E-39  1.184E-39  1.184E-39  1.184E-39
  1.112E-38  1.112E-38  1.112E-38  1.112E-38  1.112E-38
  9.333E-38  9.333E-38  9.333E-38  9.333E-38  9.333E-38
  7.061E-37  7.061E-37  7.061E-37  7.061E-37  7.061E-37
  5.975E-36  5.975E-36  5.975E-36  5.975E-36  5.975E-36
  4.529E-35  4.529E-35  4.529E-35  4.529E-35  4.529E-35
  3.100E-34  3.100E-34  3.100E-34  3.100E-34  3.100E-34
  1.615E-33  1.615E-33  1.615E-33  1.615E-33  1.615E-33
  6.592E-33  6.592E-33  6.592E-33  6.592E-33  6.592E-33
  2.551E-32  2.551E-32  2.551E-32  2.551E-32  2.551E-32
  1.511E-31  1.511E-31  1.511E-31  1.511E-31  1.511E-31
  7.050E-31  7.050E-31  7.050E-31  7.050E-31  7.050E-31
  2.660E-30  2.660E-30  2.660E-30  2.660E-30  2.660E-30
  1.094E-29  1.094E-29  1.094E-29  1.094E-29  1.094E-29
  4.238E-29  4.238E-29  4.238E-29  4.238E-29  4.238E-29
  1.551E-28  1.551E-28  1.551E-28  1.551E-28  1.551E-28
  5.384E-28  5.384E-28  5.384E-28  5.384E-28  5.384E-28
  1.109E-27  1.109E-27  1.109E-27  1.109E-27  1.109E-27
  2.244E-27  2.244E-27  2.244E-27  2.244E-27  2.244E-27
  5.599E-27  5.599E-27  5.599E-27  5.599E-27  5.599E-27
  1.687E-26  1.687E-26  1.687E-26  1.687E-26  1.687E-26
  4.875E-26  4.875E-26  4.875E-26  4.875E-26  4.875E-26
  1.354E-25  1.354E-25  1.354E-25  1.354E-25  1.354E-25
  3.622E-25  3.622E-25  3.622E-25  3.622E-25  3.622E-25
  9.351E-25  9.351E-25  9.351E-25  9.351E-25  9.351E-25
  2.335E-24  2.335E-24  2.335E-24  2.335E-24  2.335E-24
  5.646E-24  5.646E-24  5.646E-24  5.646E-24  5.646E-24
  1.325E-23  1.325E-23  1.325E-23  1.325E-23  1.325E-23
  3.019E-23  3.019E-23  3.019E-23  3.019E-23  3.019E-23
  6.697E-23  6.697E-23  6.697E-23  6.697E-23  6.697E-23
  1.447E-22  1.447E-22  1.447E-22  1.447E-22  1.447E-22
  3.051E-22  3.051E-22  3.051E-22  3.051E-22  3.051E-22
  6.280E-22  6.280E-22  6.280E-22  6.280E-22  6.280E-22
  1.101E-21  1.101E-21  1.101E-21  1.101E-21  1.101E-21
  1.779E-21  1.779E-21  1.779E-21  1.779E-21  1.779E-21
  3.467E-21  3.467E-21  3.467E-21  3.467E-21  3.467E-21
  6.624E-21  6.624E-21  6.624E-21  6.624E-21  6.624E-21
  1.241E-20  1.241E-20  1.241E-20  1.241E-20  1.241E-20
  2.284E-20  2.284E-20  2.284E-20  2.284E-20  2.284E-20
  4.376E-20  4.376E-20  4.376E-20  4.376E-20  4.376E-20
  7.766E-20  7.766E-20  7.766E-20  7.766E-20  7.766E-20
  1.283E-19  1.283E-19  1.283E-19  1.283E-19  1.283E-19
  2.210E-19  2.210E-19  2.210E-19  2.210E-19  2.210E-19
  3.748E-19  3.748E-19  3.748E-19  3.748E-19  3.748E-19
  6.267E-19  6.267E-19  6.267E-19  6.267E-19  6.267E-19
  1.034E-18  1.034E-18  1.034E-18  1.034E-18  1.034E-18
  1.682E-18  1.682E-18  1.682E-18  1.682E-18  1.682E-18
  2.703E-18  2.703E-18  2.703E-18  2.703E-18  2.703E-18
  4.291E-18  4.291E-18  4.291E-18  4.291E-18  4.291E-18
  6.732E-18  6.732E-18  6.732E-18  6.732E-18  6.732E-18
  1.044E-17  1.044E-17  1.044E-17  1.044E-17  1.044E-17
  1.602E-17  1.602E-17  1.602E-17  1.602E-17  1.602E-17
  2.432E-17  2.432E-17  2.432E-17  2.432E-17  2.432E-17
  3.654E-17  3.654E-17  3.654E-17  3.654E-17  3.654E-17
  5.437E-17  5.437E-17  5.437E-17  5.437E-17  5.437E-17
  8.014E-17  8.014E-17  8.014E-17  8.014E-17  8.014E-17
  1.170E-16  1.170E-16  1.170E-16  1.170E-16  1.170E-16
  1.694E-16  1.694E-16  1.694E-16  1.694E-16  1.694E-16
  2.432E-16  2.432E-16  2.432E-16  2.432E-16  2.432E-16
  3.465E-16  3.464E-16  3.463E-16  3.462E-16  3.461E-16
  4.897E-16  4.893E-16  4.890E-16  4.888E-16  4.886E-16
  6.860E-16  6.856E-16  6.852E-16  6.850E-16  6.848E-16
  9.542E-16  9.535E-16  9.530E-16  9.527E-16  9.524E-16
  1.318E-15  1.317E-15  1.317E-15  1.316E-15  1.316E-15
  1.806E-15  1.805E-15  1.804E-15  1.803E-15  1.802E-15
  2.456E-15  2.453E-15  2.451E-15  2.449E-15  2.446E-15
  3.331E-15  3.329E-15  3.327E-15  3.325E-15  3.325E-15
  4.478E-15  4.474E-15  4.471E-15  4.469E-15  4.468E-15
  5.980E-15  5.975E-15  5.970E-15  5.967E-15  5.965E-15
  7.926E-15  7.918E-15  7.910E-15  7.902E-15  7.893E-15
  1.049E-14  1.048E-14  1.048E-14  1.047E-14  1.047E-14
  1.377E-14  1.376E-14  1.375E-14  1.374E-14  1.373E-14
  1.799E-14  1.797E-14  1.796E-14  1.795E-14  1.795E-14
  2.335E-14  2.334E-14  2.333E-14  2.332E-14  2.332E-14
  3.018E-14  3.016E-14  3.014E-14  3.013E-14  3.013E-14
  3.880E-14  3.877E-14  3.875E-14  3.873E-14  3.873E-14
  4.965E-14  4.961E-14  4.958E-14  4.955E-14  4.954E-14
  6.320E-14  6.315E-14  6.311E-14  6.308E-14  6.307E-14
  8.083E-14  8.055E-14  8.029E-14  8.008E-14  7.991E-14
  1.048E-13  1.037E-13  1.026E-13  1.016E-13  1.008E-13
  1.338E-13  1.318E-13  1.298E-13  1.280E-13  1.264E-13
  1.694E-13  1.661E-13  1.630E-13  1.600E-13  1.574E-13
  2.101E-13  2.059E-13  2.019E-13  1.981E-13  1.945E-13
  2.560E-13  2.517E-13  2.474E-13  2.433E-13  2.392E-13
  3.105E-13  3.059E-13  3.013E-13  2.966E-13  2.914E-13
  3.750E-13  3.692E-13  3.633E-13  3.568E-13  3.489E-13
  4.694E-13  4.660E-13  4.630E-13  4.603E-13  4.582E-13
  5.626E-13  5.614E-13  5.604E-13  5.595E-13  5.589E-13
  6.815E-13  6.811E-13  6.808E-13  6.806E-13  6.805E-13
  8.260E-13  8.259E-13  8.259E-13  8.259E-13  8.259E-13
  9.998E-13  9.994E-13  9.991E-13  9.990E-13  9.989E-13
  1.214E-12  1.211E-12  1.208E-12  1.206E-12  1.205E-12
  1.367E-12  1.344E-12  1.316E-12  1.282E-12  1.235E-12
  1.706E-12  1.673E-12  1.638E-12  1.597E-12  1.545E-12
  2.109E-12  2.065E-12  2.019E-12  1.970E-12  1.912E-12
  2.590E-12  2.522E-12  2.453E-12  2.382E-12  2.303E-12
  3.243E-12  3.123E-12  3.003E-12  2.883E-12  2.760E-12
  3.893E-12  3.748E-12  3.604E-12  3.462E-12  3.321E-12
  4.814E-12  4.592E-12  4.373E-12  4.160E-12  3.957E-12
  5.746E-12  5.477E-12  5.210E-12  4.952E-12  4.708E-12
  6.847E-12  6.513E-12  6.184E-12  5.866E-12  5.570E-12
  8.037E-12  7.652E-12  7.272E-12  6.907E-12  6.570E-12
  9.513E-12  9.037E-12  8.570E-12  8.121E-12  7.712E-12
  1.106E-11  1.052E-11  9.991E-12  9.483E-12  9.024E-12
  1.308E-11  1.240E-11  1.174E-11  1.110E-11  1.053E-11
  1.500E-11  1.426E-11  1.354E-11  1.285E-11  1.224E-11
  1.729E-11  1.645E-11  1.564E-11  1.487E-11  1.419E-11
  1.999E-11  1.903E-11  1.809E-11  1.720E-11  1.642E-11
  2.304E-11  2.194E-11  2.087E-11  1.985E-11  1.895E-11
  2.690E-11  2.554E-11  2.421E-11  2.295E-11  2.184E-11
  3.039E-11  2.895E-11  2.754E-11  2.621E-11  2.505E-11
  3.487E-11  3.321E-11  3.159E-11  3.006E-11  2.872E-11
  3.940E-11  3.733E-11  3.529E-11  3.336E-11  3.166E-11
  4.065E-11  3.878E-11  3.695E-11  3.522E-11  3.371E-11
  4.616E-11  4.385E-11  4.158E-11  3.943E-11  3.755E-11
  5.184E-11  4.939E-11  4.698E-11  4.470E-11  4.271E-11
  5.863E-11  5.589E-11  5.322E-11  5.070E-11  4.852E-11
  6.651E-11  6.342E-11  6.040E-11  5.754E-11  5.506E-11
  7.661E-11  7.281E-11  6.909E-11  6.555E-11  6.248E-11
  8.759E-11  8.308E-11  7.864E-11  7.441E-11  7.073E-11
  9.275E-11  8.841E-11  8.417E-11  8.018E-11  7.672E-11
  9.893E-11  9.427E-11  8.969E-11  8.534E-11  8.154E-11
  1.194E-10  1.123E-10  1.051E-10  9.792E-11  9.127E-11
  1.720E-10  1.586E-10  1.444E-10  1.292E-10  1.126E-10
  1.832E-10  1.698E-10  1.557E-10  1.405E-10  1.242E-10
  2.119E-10  1.962E-10  1.794E-10  1.611E-10  1.411E-10
  2.217E-10  2.067E-10  1.906E-10  1.732E-10  1.542E-10
  2.611E-10  2.424E-10  2.223E-10  2.002E-10  1.758E-10
  2.895E-10  2.691E-10  2.470E-10  2.227E-10  1.957E-10
  3.197E-10  2.974E-10  2.732E-10  2.465E-10  2.171E-10
  3.489E-10  3.253E-10  2.997E-10  2.716E-10  2.404E-10
  4.220E-10  3.909E-10  3.571E-10  3.196E-10  2.770E-10
  5.093E-10  4.687E-10  4.249E-10  3.763E-10  3.203E-10
  6.648E-10  6.030E-10  5.373E-10  4.653E-10  3.823E-10
  9.456E-10  8.389E-10  7.290E-10  6.121E-10  4.801E-10
  9.038E-10  8.006E-10  6.974E-10  5.915E-10  4.779E-10
  1.582E-09  1.336E-09  1.108E-09  8.879E-10  6.628E-10
  1.498E-09  1.251E-09  1.034E-09  8.339E-10  6.369E-10
  2.214E-09  1.753E-09  1.389E-09  1.077E-09  7.844E-10
  4.321E-09  3.055E-09  2.220E-09  1.615E-09  1.117E-09
  9.165E-09  5.836E-09  3.783E-09  2.537E-09  1.719E-09
  3.062E-08  1.780E-08  9.733E-09  5.458E-09  3.569E-09
  7.420E-08  4.415E-08  2.352E-08  1.204E-08  7.618E-09
  1.253E-07  7.843E-08  4.371E-08  2.250E-08  1.382E-08
  1.946E-07  1.252E-07  7.161E-08  3.710E-08  2.220E-08
  2.303E-07  1.517E-07  8.923E-08  4.731E-08  2.823E-08
  3.306E-07  2.237E-07  1.358E-07  7.376E-08  4.368E-08
  2.312E-07  1.568E-07  9.574E-08  5.262E-08  3.139E-08
  3.312E-07  2.271E-07  1.400E-07  7.682E-08  4.440E-08
  4.125E-07  2.863E-07  1.789E-07  9.915E-08  5.712E-08
  5.349E-07  3.779E-07  2.409E-07  1.357E-07  7.755E-08
  4.552E-07  3.187E-07  2.010E-07  1.117E-07  6.316E-08
  4.907E-07  3.440E-07  2.166E-07  1.193E-07  6.559E-08
  4.544E-07  3.205E-07  2.036E-07  1.136E-07  6.324E-08
  5.191E-07  3.686E-07  2.363E-07  1.329E-07  7.374E-08
  3.310E-07  2.282E-07  1.411E-07  7.630E-08  4.142E-08
  4.872E-07  3.472E-07  2.235E-07  1.259E-07  6.893E-08
  6.695E-07  4.850E-07  3.177E-07  1.811E-07  9.752E-08
  6.606E-07  4.779E-07  3.127E-07  1.781E-07  9.566E-08
  7.071E-07  5.133E-07  3.369E-07  1.919E-07  1.019E-07
  7.915E-07  5.785E-07  3.828E-07  2.198E-07  1.166E-07
  7.468E-07  5.450E-07  3.599E-07  2.057E-07  1.078E-07
  8.659E-07  6.338E-07  4.196E-07  2.397E-07  1.239E-07
  8.348E-07  6.026E-07  3.918E-07  2.188E-07  1.105E-07
  4.835E-07  3.308E-07  2.018E-07  1.056E-07  5.157E-08
  9.850E-07  7.224E-07  4.790E-07  2.729E-07  1.376E-07
  1.062E-06  7.834E-07  5.226E-07  2.990E-07  1.496E-07
  1.233E-06  9.163E-07  6.170E-07  3.562E-07  1.778E-07
  1.194E-06  8.840E-07  5.915E-07  3.382E-07  1.664E-07
  1.145E-06  8.467E-07  5.659E-07  3.235E-07  1.588E-07
  1.216E-06  9.060E-07  6.118E-07  3.540E-07  1.744E-07
  1.125E-06  8.393E-07  5.683E-07  3.305E-07  1.639E-07
  1.234E-06  9.223E-07  6.264E-07  3.657E-07  1.807E-07
  1.013E-06  7.508E-07  5.045E-07  2.907E-07  1.419E-07
  1.380E-06  1.042E-06  7.155E-07  4.225E-07  2.081E-07
  1.536E-06  1.165E-06  8.049E-07  4.789E-07  2.364E-07
  1.529E-06  1.155E-06  7.947E-07  4.694E-07  2.289E-07
  1.497E-06  1.130E-06  7.766E-07  4.582E-07  2.222E-07
  1.774E-06  1.344E-06  9.262E-07  5.450E-07  2.600E-07
  1.899E-06  1.461E-06  1.027E-06  6.225E-07  3.070E-07
  1.838E-06  1.409E-06  9.867E-07  5.958E-07  2.943E-07
  1.778E-06  1.369E-06  9.692E-07  5.994E-07  3.105E-07
  1.784E-06  1.389E-06  1.001E-06  6.349E-07  3.388E-07
  2.003E-06  1.574E-06  1.147E-06  7.382E-07  3.970E-07
  1.905E-06  1.484E-06  1.067E-06  6.737E-07  3.522E-07
  1.789E-06  1.398E-06  1.011E-06  6.436E-07  3.393E-07
  2.160E-06  1.704E-06  1.246E-06  8.037E-07  4.281E-07
  2.155E-06  1.705E-06  1.251E-06  8.103E-07  4.332E-07
  2.003E-06  1.580E-06  1.155E-06  7.438E-07  3.933E-07
  2.053E-06  1.624E-06  1.192E-06  7.722E-07  4.105E-07
  2.346E-06  1.867E-06  1.381E-06  9.025E-07  4.833E-07
  2.609E-06  2.074E-06  1.532E-06  9.981E-07  5.301E-07
  2.480E-06  1.970E-06  1.454E-06  9.473E-07  5.024E-07
  2.200E-06  1.733E-06  1.264E-06  8.097E-07  4.191E-07
  2.424E-06  1.923E-06  1.417E-06  9.221E-07  4.874E-07
  2.926E-06  2.338E-06  1.738E-06  1.144E-06  6.108E-07
  2.745E-06  2.198E-06  1.639E-06  1.083E-06  5.797E-07
  2.438E-06  1.929E-06  1.415E-06  9.146E-07  4.762E-07
  2.326E-06  1.842E-06  1.354E-06  8.768E-07  4.559E-07
  2.575E-06  2.046E-06  1.511E-06  9.854E-07  5.177E-07
  2.896E-06  2.323E-06  1.734E-06  1.145E-06  6.088E-07
  2.605E-06  2.079E-06  1.545E-06  1.016E-06  5.384E-07
  2.967E-06  2.387E-06  1.791E-06  1.192E-06  6.397E-07
  2.965E-06  2.373E-06  1.766E-06  1.162E-06  6.103E-07
  2.881E-06  2.301E-06  1.709E-06  1.120E-06  5.845E-07
  2.456E-06  1.930E-06  1.403E-06  8.946E-07  4.510E-07
  1.839E-06  1.424E-06  1.018E-06  6.374E-07  3.185E-07
  3.038E-06  2.421E-06  1.792E-06  1.170E-06  6.044E-07
  2.058E-06  1.595E-06  1.141E-06  7.153E-07  3.565E-07
  2.692E-06  2.122E-06  1.549E-06  9.911E-07  4.991E-07
  1.603E-06  1.223E-06  8.601E-07  5.296E-07  2.630E-07
  2.155E-06  1.670E-06  1.194E-06  7.468E-07  3.696E-07
  2.143E-06  1.662E-06  1.190E-06  7.443E-07  3.682E-07
  2.351E-06  1.854E-06  1.358E-06  8.799E-07  4.562E-07
  3.470E-06  2.807E-06  2.122E-06  1.427E-06  7.667E-07
  3.360E-06  2.722E-06  2.063E-06  1.395E-06  7.575E-07
  3.756E-06  3.062E-06  2.338E-06  1.595E-06  8.729E-07
  3.845E-06  3.138E-06  2.400E-06  1.641E-06  8.993E-07
  3.878E-06  3.153E-06  2.397E-06  1.623E-06  8.759E-07
  3.522E-06  2.856E-06  2.167E-06  1.467E-06  7.938E-07
  2.916E-06  2.316E-06  1.710E-06  1.116E-06  5.781E-07
  3.048E-06  2.451E-06  1.843E-06  1.236E-06  6.676E-07
  4.073E-06  3.313E-06  2.522E-06  1.713E-06  9.284E-07
  3.078E-06  2.441E-06  1.800E-06  1.173E-06  6.087E-07
  2.388E-06  1.846E-06  1.318E-06  8.279E-07  4.225E-07
  2.361E-06  1.838E-06  1.325E-06  8.439E-07  4.357E-07
  2.622E-06  2.073E-06  1.529E-06  1.010E-06  5.508E-07
  2.696E-06  2.172E-06  1.646E-06  1.129E-06  6.414E-07
  3.498E-06  2.882E-06  2.243E-06  1.583E-06  9.172E-07
  3.394E-06  2.763E-06  2.116E-06  1.460E-06  8.212E-07
  4.173E-06  3.409E-06  2.617E-06  1.806E-06  1.007E-06
  4.120E-06  3.343E-06  2.541E-06  1.727E-06  9.396E-07
  3.958E-06  3.197E-06  2.415E-06  1.625E-06  8.714E-07
  3.561E-06  2.851E-06  2.129E-06  1.413E-06  7.473E-07
  3.254E-06  2.601E-06  1.943E-06  1.295E-06  6.938E-07
  4.299E-06  3.473E-06  2.622E-06  1.762E-06  9.396E-07
  5.064E-06  4.187E-06  3.261E-06  2.290E-06  1.300E-06
  6.363E-06  5.309E-06  4.184E-06  2.984E-06  1.726E-06
  6.964E-06  5.854E-06  4.657E-06  3.360E-06  1.972E-06
  6.008E-06  5.008E-06  3.943E-06  2.811E-06  1.628E-06
  6.550E-06  5.479E-06  4.329E-06  3.098E-06  1.798E-06
  7.011E-06  5.879E-06  4.662E-06  3.352E-06  1.957E-06
  5.999E-06  5.001E-06  3.940E-06  2.813E-06  1.633E-06
  6.550E-06  5.492E-06  4.356E-06  3.136E-06  1.838E-06
  5.590E-06  4.644E-06  3.643E-06  2.586E-06  1.492E-06
  5.702E-06  4.727E-06  3.695E-06  2.606E-06  1.483E-06
  6.210E-06  5.162E-06  4.049E-06  2.870E-06  1.644E-06
  4.397E-06  3.585E-06  2.747E-06  1.894E-06  1.060E-06
  5.298E-06  4.377E-06  3.408E-06  2.398E-06  1.368E-06
  6.358E-06  5.294E-06  4.161E-06  2.958E-06  1.700E-06
  6.830E-06  5.707E-06  4.503E-06  3.213E-06  1.847E-06
  5.479E-06  4.464E-06  3.409E-06  2.330E-06  1.280E-06
  1.518E-06  1.205E-06  9.143E-07  6.527E-07  4.285E-07
  2.270E-06  1.800E-06  1.350E-06  9.309E-07  5.638E-07
  7.388E-06  6.117E-06  4.760E-06  3.322E-06  1.839E-06
  8.210E-06  6.922E-06  5.523E-06  3.994E-06  2.329E-06
  8.013E-06  6.748E-06  5.378E-06  3.888E-06  2.275E-06
  7.148E-06  5.961E-06  4.692E-06  3.336E-06  1.916E-06
  4.140E-06  3.365E-06  2.581E-06  1.804E-06  1.065E-06
  8.017E-06  6.764E-06  5.407E-06  3.928E-06  2.316E-06
  8.395E-06  7.130E-06  5.752E-06  4.236E-06  2.552E-06
  8.201E-06  6.931E-06  5.558E-06  4.066E-06  2.437E-06
  8.562E-06  7.272E-06  5.870E-06  4.332E-06  2.625E-06
  9.755E-06  8.337E-06  6.779E-06  5.048E-06  3.091E-06
  9.494E-06  8.102E-06  6.578E-06  4.891E-06  2.996E-06
  9.468E-06  8.082E-06  6.565E-06  4.886E-06  3.001E-06
  9.990E-06  8.551E-06  6.967E-06  5.205E-06  3.208E-06
  1.008E-05  8.629E-06  7.039E-06  5.270E-06  3.263E-06
  1.039E-05  8.923E-06  7.300E-06  5.489E-06  3.419E-06
  1.059E-05  9.098E-06  7.452E-06  5.613E-06  3.511E-06
  1.106E-05  9.528E-06  7.829E-06  5.921E-06  3.722E-06
  1.132E-05  9.729E-06  7.974E-06  6.004E-06  3.742E-06
  1.137E-05  9.772E-06  8.010E-06  6.033E-06  3.762E-06
  1.158E-05  9.976E-06  8.198E-06  6.201E-06  3.903E-06
  1.180E-05  1.016E-05  8.349E-06  6.311E-06  3.959E-06
  1.187E-05  1.019E-05  8.339E-06  6.274E-06  3.917E-06
  1.244E-05  1.073E-05  8.836E-06  6.696E-06  4.218E-06
  1.183E-05  1.020E-05  8.404E-06  6.381E-06  4.039E-06
  1.257E-05  1.089E-05  9.022E-06  6.903E-06  4.416E-06
  1.201E-05  1.039E-05  8.592E-06  6.567E-06  4.202E-06
  1.318E-05  1.146E-05  9.554E-06  7.379E-06  4.800E-06
  1.421E-05  1.241E-05  1.039E-05  8.072E-06  5.291E-06
  1.444E-05  1.260E-05  1.055E-05  8.192E-06  5.366E-06
  1.479E-05  1.291E-05  1.080E-05  8.376E-06  5.464E-06
  1.472E-05  1.286E-05  1.077E-05  8.374E-06  5.487E-06
  1.482E-05  1.295E-05  1.085E-05  8.439E-06  5.536E-06
  1.406E-05  1.220E-05  1.013E-05  7.781E-06  5.014E-06
  1.492E-05  1.304E-05  1.093E-05  8.509E-06  5.584E-06
  1.498E-05  1.312E-05  1.103E-05  8.620E-06  5.713E-06
  1.569E-05  1.377E-05  1.161E-05  9.117E-06  6.081E-06
  1.565E-05  1.375E-05  1.161E-05  9.136E-06  6.126E-06
  1.596E-05  1.403E-05  1.187E-05  9.362E-06  6.301E-06
  1.640E-05  1.445E-05  1.225E-05  9.692E-06  6.554E-06
  1.680E-05  1.483E-05  1.260E-05  1.001E-05  6.808E-06
  1.654E-05  1.459E-05  1.238E-05  9.831E-06  6.695E-06
  1.776E-05  1.572E-05  1.341E-05  1.071E-05  7.349E-06
  1.667E-05  1.470E-05  1.249E-05  9.927E-06  6.778E-06
  1.668E-05  1.472E-05  1.251E-05  9.965E-06  6.831E-06
  1.724E-05  1.524E-05  1.299E-05  1.037E-05  7.140E-06
  1.770E-05  1.565E-05  1.334E-05  1.065E-05  7.334E-06
  1.784E-05  1.579E-05  1.348E-05  1.079E-05  7.434E-06
  1.885E-05  1.672E-05  1.430E-05  1.146E-05  7.915E-06
  1.900E-05  1.686E-05  1.443E-05  1.158E-05  8.024E-06
  1.871E-05  1.660E-05  1.422E-05  1.144E-05  7.974E-06
  1.906E-05  1.700E-05  1.466E-05  1.190E-05  8.383E-06
  1.786E-05  1.597E-05  1.380E-05  1.122E-05  7.887E-06
  1.977E-05  1.765E-05  1.518E-05  1.221E-05  8.429E-06
  2.116E-05  1.894E-05  1.634E-05  1.319E-05  9.141E-06
  2.275E-05  2.021E-05  1.728E-05  1.381E-05  9.472E-06
  2.432E-05  2.152E-05  1.831E-05  1.454E-05  9.907E-06
  2.056E-05  1.825E-05  1.560E-05  1.247E-05  8.602E-06
  2.537E-05  2.235E-05  1.892E-05  1.493E-05  1.010E-05
  2.581E-05  2.265E-05  1.909E-05  1.501E-05  1.012E-05
  2.276E-05  2.041E-05  1.765E-05  1.428E-05  9.932E-06
  2.646E-05  2.323E-05  1.960E-05  1.543E-05  1.044E-05
  2.028E-05  1.755E-05  1.457E-05  1.130E-05  7.597E-06
  2.684E-05  2.353E-05  1.983E-05  1.559E-05  1.053E-05
  2.053E-05  1.822E-05  1.556E-05  1.242E-05  8.549E-06
  2.875E-05  2.537E-05  2.155E-05  1.713E-05  1.176E-05
  2.969E-05  2.618E-05  2.224E-05  1.770E-05  1.220E-05
  2.983E-05  2.632E-05  2.237E-05  1.783E-05  1.231E-05
  2.987E-05  2.635E-05  2.241E-05  1.786E-05  1.236E-05
  2.970E-05  2.624E-05  2.235E-05  1.786E-05  1.239E-05
  3.007E-05  2.681E-05  2.307E-05  1.863E-05  1.307E-05
  2.728E-05  2.464E-05  2.154E-05  1.776E-05  1.280E-05
  3.116E-05  2.762E-05  2.363E-05  1.899E-05  1.329E-05
  3.149E-05  2.792E-05  2.388E-05  1.921E-05  1.347E-05
  3.194E-05  2.831E-05  2.421E-05  1.948E-05  1.367E-05
  3.162E-05  2.804E-05  2.400E-05  1.932E-05  1.357E-05
  3.186E-05  2.825E-05  2.418E-05  1.947E-05  1.368E-05
  3.144E-05  2.787E-05  2.386E-05  1.921E-05  1.353E-05
  3.216E-05  2.852E-05  2.441E-05  1.965E-05  1.381E-05
  3.219E-05  2.853E-05  2.441E-05  1.964E-05  1.378E-05
  3.173E-05  2.804E-05  2.389E-05  1.910E-05  1.331E-05
  3.005E-05  2.645E-05  2.241E-05  1.778E-05  1.226E-05
  3.187E-05  2.864E-05  2.487E-05  2.035E-05  1.456E-05
  2.982E-05  2.700E-05  2.369E-05  1.963E-05  1.429E-05
  3.418E-05  3.047E-05  2.625E-05  2.130E-05  1.513E-05
  3.392E-05  3.019E-05  2.596E-05  2.103E-05  1.492E-05
  3.426E-05  3.055E-05  2.636E-05  2.146E-05  1.537E-05
  3.500E-05  3.128E-05  2.705E-05  2.211E-05  1.594E-05
  3.502E-05  3.129E-05  2.706E-05  2.213E-05  1.597E-05
  3.534E-05  3.161E-05  2.739E-05  2.244E-05  1.625E-05
  3.592E-05  3.216E-05  2.788E-05  2.288E-05  1.660E-05
  3.671E-05  3.291E-05  2.859E-05  2.352E-05  1.712E-05
  3.606E-05  3.230E-05  2.803E-05  2.303E-05  1.675E-05
  3.643E-05  3.266E-05  2.838E-05  2.336E-05  1.704E-05
  3.733E-05  3.352E-05  2.917E-05  2.406E-05  1.760E-05
  3.714E-05  3.334E-05  2.901E-05  2.392E-05  1.750E-05
  3.762E-05  3.379E-05  2.943E-05  2.431E-05  1.783E-05
  3.773E-05  3.391E-05  2.955E-05  2.442E-05  1.793E-05
  3.798E-05  3.415E-05  2.978E-05  2.464E-05  1.813E-05
  3.850E-05  3.465E-05  3.026E-05  2.507E-05  1.847E-05
  3.858E-05  3.474E-05  3.036E-05  2.518E-05  1.859E-05
  3.822E-05  3.443E-05  3.012E-05  2.502E-05  1.852E-05
  3.895E-05  3.510E-05  3.071E-05  2.551E-05  1.889E-05
  3.920E-05  3.535E-05  3.095E-05  2.574E-05  1.909E-05
  3.940E-05  3.554E-05  3.113E-05  2.591E-05  1.923E-05
  3.948E-05  3.563E-05  3.123E-05  2.601E-05  1.934E-05
  3.975E-05  3.590E-05  3.149E-05  2.626E-05  1.955E-05
  3.977E-05  3.597E-05  3.159E-05  2.639E-05  1.968E-05
  3.824E-05  3.488E-05  3.093E-05  2.609E-05  1.964E-05
  3.404E-05  3.133E-05  2.810E-05  2.407E-05  1.852E-05
  3.972E-05  3.599E-05  3.168E-05  2.654E-05  1.990E-05
  4.025E-05  3.642E-05  3.202E-05  2.680E-05  2.009E-05
  3.986E-05  3.607E-05  3.174E-05  2.659E-05  1.997E-05
  4.040E-05  3.659E-05  3.222E-05  2.703E-05  2.034E-05
  4.110E-05  3.723E-05  3.280E-05  2.753E-05  2.073E-05
  4.045E-05  3.662E-05  3.225E-05  2.706E-05  2.039E-05
  4.006E-05  3.628E-05  3.195E-05  2.682E-05  2.024E-05
  4.127E-05  3.741E-05  3.298E-05  2.772E-05  2.092E-05
  4.102E-05  3.721E-05  3.284E-05  2.763E-05  2.091E-05
  4.175E-05  3.789E-05  3.347E-05  2.819E-05  2.136E-05
  4.160E-05  3.775E-05  3.334E-05  2.808E-05  2.129E-05
  4.182E-05  3.798E-05  3.356E-05  2.830E-05  2.149E-05
  4.183E-05  3.799E-05  3.358E-05  2.833E-05  2.153E-05
  4.150E-05  3.769E-05  3.333E-05  2.813E-05  2.141E-05
  4.025E-05  3.658E-05  3.236E-05  2.735E-05  2.089E-05
  4.069E-05  3.698E-05  3.273E-05  2.768E-05  2.115E-05
  4.158E-05  3.781E-05  3.349E-05  2.834E-05  2.166E-05
  4.204E-05  3.826E-05  3.392E-05  2.873E-05  2.199E-05
  4.304E-05  3.918E-05  3.475E-05  2.944E-05  2.253E-05
  4.161E-05  3.787E-05  3.357E-05  2.846E-05  2.182E-05
  4.308E-05  3.925E-05  3.484E-05  2.957E-05  2.270E-05
  4.341E-05  3.958E-05  3.516E-05  2.988E-05  2.297E-05
  4.252E-05  3.876E-05  3.444E-05  2.926E-05  2.252E-05
  4.346E-05  3.965E-05  3.525E-05  2.999E-05  2.311E-05
  4.335E-05  3.957E-05  3.521E-05  2.998E-05  2.314E-05
  4.351E-05  3.972E-05  3.536E-05  3.012E-05  2.326E-05
  4.324E-05  3.949E-05  3.516E-05  2.997E-05  2.318E-05
  4.369E-05  3.992E-05  3.556E-05  3.034E-05  2.347E-05
  4.392E-05  4.015E-05  3.581E-05  3.058E-05  2.371E-05
  4.412E-05  4.033E-05  3.596E-05  3.072E-05  2.383E-05
  4.446E-05  4.065E-05  3.626E-05  3.098E-05  2.404E-05
  4.455E-05  4.075E-05  3.636E-05  3.108E-05  2.414E-05
  4.462E-05  4.084E-05  3.646E-05  3.120E-05  2.427E-05
  4.502E-05  4.122E-05  3.683E-05  3.154E-05  2.455E-05
  4.468E-05  4.091E-05  3.656E-05  3.132E-05  2.441E-05
  4.466E-05  4.090E-05  3.656E-05  3.134E-05  2.445E-05
  4.488E-05  4.112E-05  3.678E-05  3.154E-05  2.464E-05
  4.538E-05  4.160E-05  3.722E-05  3.194E-05  2.497E-05
  4.549E-05  4.172E-05  3.734E-05  3.206E-05  2.508E-05
  4.537E-05  4.161E-05  3.725E-05  3.199E-05  2.505E-05
  4.565E-05  4.189E-05  3.753E-05  3.226E-05  2.529E-05
  4.558E-05  4.182E-05  3.747E-05  3.221E-05  2.526E-05
  4.605E-05  4.229E-05  3.793E-05  3.266E-05  2.566E-05
  4.601E-05  4.226E-05  3.791E-05  3.265E-05  2.566E-05
  4.615E-05  4.240E-05  3.806E-05  3.280E-05  2.581E-05
  4.619E-05  4.244E-05  3.810E-05  3.284E-05  2.586E-05
  4.634E-05  4.260E-05  3.827E-05  3.301E-05  2.603E-05
  4.648E-05  4.274E-05  3.841E-05  3.316E-05  2.617E-05
  4.641E-05  4.268E-05  3.836E-05  3.312E-05  2.615E-05
  4.653E-05  4.281E-05  3.850E-05  3.326E-05  2.629E-05
  4.572E-05  4.207E-05  3.783E-05  3.271E-05  2.589E-05
  4.670E-05  4.299E-05  3.868E-05  3.345E-05  2.649E-05
  4.678E-05  4.308E-05  3.877E-05  3.355E-05  2.659E-05
  4.690E-05  4.320E-05  3.890E-05  3.369E-05  2.672E-05
  4.697E-05  4.328E-05  3.899E-05  3.377E-05  2.681E-05
  4.702E-05  4.334E-05  3.905E-05  3.384E-05  2.689E-05
  4.702E-05  4.334E-05  3.906E-05  3.386E-05  2.692E-05
  4.706E-05  4.339E-05  3.912E-05  3.394E-05  2.701E-05
  4.730E-05  4.364E-05  3.937E-05  3.418E-05  2.723E-05
  4.736E-05  4.370E-05  3.943E-05  3.425E-05  2.730E-05
  4.737E-05  4.371E-05  3.945E-05  3.428E-05  2.734E-05
  4.736E-05  4.371E-05  3.946E-05  3.429E-05  2.737E-05
  4.696E-05  4.334E-05  3.913E-05  3.402E-05  2.719E-05
  4.730E-05  4.367E-05  3.944E-05  3.430E-05  2.742E-05
  4.703E-05  4.343E-05  3.924E-05  3.414E-05  2.732E-05
  4.761E-05  4.399E-05  3.976E-05  3.462E-05  2.771E-05
  4.774E-05  4.412E-05  3.990E-05  3.476E-05  2.786E-05
  4.758E-05  4.398E-05  3.977E-05  3.466E-05  2.779E-05
  4.739E-05  4.379E-05  3.961E-05  3.451E-05  2.768E-05
  4.790E-05  4.430E-05  4.010E-05  3.498E-05  2.809E-05
  4.798E-05  4.439E-05  4.020E-05  3.508E-05  2.820E-05
  4.780E-05  4.422E-05  4.004E-05  3.495E-05  2.810E-05
  4.793E-05  4.435E-05  4.018E-05  3.509E-05  2.824E-05
  4.809E-05  4.452E-05  4.036E-05  3.527E-05  2.842E-05
  4.814E-05  4.457E-05  4.042E-05  3.534E-05  2.849E-05
  4.817E-05  4.461E-05  4.046E-05  3.539E-05  2.855E-05
  4.797E-05  4.443E-05  4.030E-05  3.525E-05  2.846E-05
  4.811E-05  4.457E-05  4.044E-05  3.540E-05  2.860E-05
  4.801E-05  4.450E-05  4.040E-05  3.539E-05  2.863E-05
  4.812E-05  4.461E-05  4.051E-05  3.550E-05  2.873E-05
  4.789E-05  4.441E-05  4.034E-05  3.537E-05  2.865E-05
  4.831E-05  4.483E-05  4.075E-05  3.575E-05  2.898E-05
  4.824E-05  4.482E-05  4.080E-05  3.585E-05  2.910E-05
  4.647E-05  4.346E-05  3.985E-05  3.530E-05  2.890E-05
  4.012E-05  3.793E-05  3.525E-05  3.178E-05  2.673E-05
  4.795E-05  4.464E-05  4.072E-05  3.586E-05  2.919E-05
  4.854E-05  4.511E-05  4.108E-05  3.613E-05  2.939E-05
  4.866E-05  4.521E-05  4.117E-05  3.621E-05  2.946E-05
  4.873E-05  4.528E-05  4.123E-05  3.627E-05  2.952E-05
  4.868E-05  4.523E-05  4.119E-05  3.623E-05  2.951E-05
  4.885E-05  4.541E-05  4.137E-05  3.642E-05  2.968E-05
  4.883E-05  4.539E-05  4.136E-05  3.641E-05  2.969E-05
  4.891E-05  4.548E-05  4.145E-05  3.652E-05  2.980E-05
  4.892E-05  4.549E-05  4.147E-05  3.654E-05  2.984E-05
  4.895E-05  4.553E-05  4.152E-05  3.660E-05  2.990E-05
  4.899E-05  4.557E-05  4.157E-05  3.666E-05  2.997E-05
  4.899E-05  4.559E-05  4.159E-05  3.669E-05  3.001E-05
  4.905E-05  4.565E-05  4.167E-05  3.677E-05  3.010E-05
  4.900E-05  4.560E-05  4.163E-05  3.674E-05  3.009E-05
  4.907E-05  4.569E-05  4.172E-05  3.684E-05  3.019E-05
  4.912E-05  4.575E-05  4.179E-05  3.692E-05  3.027E-05
  4.913E-05  4.576E-05  4.181E-05  3.695E-05  3.032E-05
  4.916E-05  4.580E-05  4.185E-05  3.700E-05  3.038E-05
  4.917E-05  4.582E-05  4.188E-05  3.704E-05  3.042E-05
  4.921E-05  4.586E-05  4.193E-05  3.710E-05  3.049E-05
  4.923E-05  4.589E-05  4.197E-05  3.714E-05  3.054E-05
  4.914E-05  4.581E-05  4.190E-05  3.709E-05  3.051E-05
  4.923E-05  4.591E-05  4.200E-05  3.720E-05  3.062E-05
  4.927E-05  4.596E-05  4.206E-05  3.726E-05  3.070E-05
  4.927E-05  4.596E-05  4.208E-05  3.729E-05  3.073E-05
  4.929E-05  4.598E-05  4.210E-05  3.732E-05  3.078E-05
  4.929E-05  4.600E-05  4.214E-05  3.737E-05  3.084E-05
  4.925E-05  4.596E-05  4.210E-05  3.734E-05  3.083E-05
  4.922E-05  4.594E-05  4.209E-05  3.734E-05  3.085E-05
  4.927E-05  4.600E-05  4.216E-05  3.742E-05  3.093E-05
  4.915E-05  4.589E-05  4.206E-05  3.733E-05  3.086E-05
  4.924E-05  4.598E-05  4.215E-05  3.743E-05  3.097E-05
  4.933E-05  4.608E-05  4.226E-05  3.755E-05  3.108E-05
  4.937E-05  4.613E-05  4.232E-05  3.762E-05  3.116E-05
  4.938E-05  4.615E-05  4.235E-05  3.765E-05  3.120E-05
  4.925E-05  4.603E-05  4.224E-05  3.756E-05  3.113E-05
  4.936E-05  4.614E-05  4.236E-05  3.768E-05  3.125E-05
  4.932E-05  4.611E-05  4.234E-05  3.767E-05  3.127E-05
  4.942E-05  4.622E-05  4.245E-05  3.778E-05  3.137E-05
  4.944E-05  4.624E-05  4.248E-05  3.783E-05  3.143E-05
  4.931E-05  4.612E-05  4.237E-05  3.774E-05  3.136E-05
  4.918E-05  4.600E-05  4.226E-05  3.764E-05  3.130E-05
  4.930E-05  4.613E-05  4.239E-05  3.778E-05  3.143E-05
  4.935E-05  4.619E-05  4.246E-05  3.785E-05  3.151E-05
  4.942E-05  4.627E-05  4.255E-05  3.795E-05  3.160E-05
  4.935E-05  4.620E-05  4.249E-05  3.790E-05  3.158E-05
  4.937E-05  4.623E-05  4.253E-05  3.795E-05  3.163E-05
  4.942E-05  4.628E-05  4.259E-05  3.801E-05  3.170E-05
  4.946E-05  4.633E-05  4.264E-05  3.807E-05  3.177E-05
  4.942E-05  4.630E-05  4.262E-05  3.806E-05  3.177E-05
  4.941E-05  4.630E-05  4.263E-05  3.808E-05  3.180E-05
  4.941E-05  4.631E-05  4.264E-05  3.810E-05  3.184E-05
  4.942E-05  4.633E-05  4.267E-05  3.814E-05  3.189E-05
  4.941E-05  4.632E-05  4.268E-05  3.816E-05  3.192E-05
  4.918E-05  4.610E-05  4.247E-05  3.798E-05  3.178E-05
  4.939E-05  4.632E-05  4.270E-05  3.820E-05  3.198E-05
  4.929E-05  4.622E-05  4.261E-05  3.812E-05  3.192E-05
  4.939E-05  4.633E-05  4.271E-05  3.823E-05  3.202E-05
  4.928E-05  4.623E-05  4.262E-05  3.815E-05  3.198E-05
  4.930E-05  4.628E-05  4.270E-05  3.826E-05  3.210E-05
  4.940E-05  4.636E-05  4.277E-05  3.831E-05  3.214E-05
  4.939E-05  4.636E-05  4.278E-05  3.834E-05  3.218E-05
  4.929E-05  4.627E-05  4.271E-05  3.828E-05  3.214E-05
  4.932E-05  4.631E-05  4.275E-05  3.833E-05  3.220E-05
  4.937E-05  4.637E-05  4.282E-05  3.840E-05  3.228E-05
  4.936E-05  4.636E-05  4.282E-05  3.841E-05  3.230E-05
  4.933E-05  4.634E-05  4.280E-05  3.840E-05  3.230E-05
  4.913E-05  4.615E-05  4.264E-05  3.826E-05  3.220E-05
  4.916E-05  4.618E-05  4.267E-05  3.830E-05  3.225E-05
  4.932E-05  4.635E-05  4.284E-05  3.847E-05  3.240E-05
  4.932E-05  4.636E-05  4.285E-05  3.849E-05  3.243E-05
  4.923E-05  4.628E-05  4.278E-05  3.844E-05  3.239E-05
  4.925E-05  4.631E-05  4.282E-05  3.848E-05  3.244E-05
  4.919E-05  4.625E-05  4.277E-05  3.844E-05  3.242E-05
  4.925E-05  4.632E-05  4.285E-05  3.853E-05  3.251E-05
  4.915E-05  4.623E-05  4.277E-05  3.845E-05  3.246E-05
  4.922E-05  4.630E-05  4.285E-05  3.854E-05  3.255E-05
  4.922E-05  4.631E-05  4.287E-05  3.857E-05  3.259E-05
  4.920E-05  4.630E-05  4.286E-05  3.857E-05  3.260E-05
  4.918E-05  4.628E-05  4.285E-05  3.858E-05  3.262E-05
  4.877E-05  4.590E-05  4.251E-05  3.828E-05  3.240E-05
  4.901E-05  4.614E-05  4.273E-05  3.848E-05  3.256E-05
  4.890E-05  4.603E-05  4.264E-05  3.841E-05  3.252E-05
  4.904E-05  4.617E-05  4.278E-05  3.854E-05  3.264E-05
  4.911E-05  4.625E-05  4.285E-05  3.862E-05  3.271E-05
  4.908E-05  4.623E-05  4.284E-05  3.862E-05  3.272E-05
  4.899E-05  4.615E-05  4.277E-05  3.856E-05  3.269E-05
  4.872E-05  4.590E-05  4.255E-05  3.837E-05  3.255E-05
  4.898E-05  4.615E-05  4.279E-05  3.859E-05  3.274E-05
  4.900E-05  4.617E-05  4.282E-05  3.862E-05  3.277E-05
  4.876E-05  4.594E-05  4.260E-05  3.843E-05  3.262E-05
  4.895E-05  4.614E-05  4.280E-05  3.863E-05  3.280E-05
  4.886E-05  4.605E-05  4.272E-05  3.856E-05  3.276E-05
  4.883E-05  4.604E-05  4.273E-05  3.859E-05  3.280E-05
  4.872E-05  4.593E-05  4.262E-05  3.849E-05  3.273E-05
  4.870E-05  4.592E-05  4.262E-05  3.849E-05  3.272E-05
  4.751E-05  4.480E-05  4.159E-05  3.759E-05  3.203E-05
  4.868E-05  4.591E-05  4.263E-05  3.851E-05  3.275E-05
  4.529E-05  4.270E-05  3.965E-05  3.587E-05  3.067E-05
  4.886E-05  4.610E-05  4.281E-05  3.870E-05  3.293E-05
  4.851E-05  4.579E-05  4.257E-05  3.852E-05  3.285E-05
  4.836E-05  4.565E-05  4.244E-05  3.842E-05  3.278E-05
  4.886E-05  4.610E-05  4.283E-05  3.872E-05  3.297E-05
  4.863E-05  4.592E-05  4.268E-05  3.862E-05  3.292E-05
  4.520E-05  4.272E-05  3.978E-05  3.612E-05  3.101E-05
  4.840E-05  4.569E-05  4.247E-05  3.843E-05  3.277E-05
  4.881E-05  4.606E-05  4.279E-05  3.870E-05  3.299E-05
  4.865E-05  4.594E-05  4.271E-05  3.866E-05  3.298E-05
  4.700E-05  4.455E-05  4.163E-05  3.792E-05  3.261E-05
  4.849E-05  4.584E-05  4.267E-05  3.867E-05  3.303E-05
  4.873E-05  4.599E-05  4.274E-05  3.868E-05  3.301E-05
  4.834E-05  4.563E-05  4.242E-05  3.840E-05  3.281E-05
  4.854E-05  4.582E-05  4.260E-05  3.857E-05  3.294E-05
  4.815E-05  4.559E-05  4.250E-05  3.858E-05  3.301E-05
  4.639E-05  4.408E-05  4.130E-05  3.773E-05  3.257E-05
  4.854E-05  4.588E-05  4.270E-05  3.871E-05  3.310E-05
  4.862E-05  4.592E-05  4.271E-05  3.870E-05  3.309E-05
  4.852E-05  4.582E-05  4.261E-05  3.861E-05  3.303E-05
  4.858E-05  4.588E-05  4.267E-05  3.866E-05  3.306E-05
  4.857E-05  4.588E-05  4.268E-05  3.869E-05  3.310E-05
  4.845E-05  4.581E-05  4.265E-05  3.869E-05  3.312E-05
  4.586E-05  4.364E-05  4.095E-05  3.749E-05  3.245E-05
  4.756E-05  4.515E-05  4.222E-05  3.847E-05  3.307E-05
  4.844E-05  4.579E-05  4.265E-05  3.870E-05  3.316E-05
  4.821E-05  4.557E-05  4.244E-05  3.851E-05  3.302E-05
  4.784E-05  4.522E-05  4.211E-05  3.822E-05  3.280E-05
  4.823E-05  4.559E-05  4.245E-05  3.852E-05  3.303E-05
  4.839E-05  4.574E-05  4.259E-05  3.865E-05  3.315E-05
  4.836E-05  4.572E-05  4.257E-05  3.865E-05  3.315E-05
  4.832E-05  4.568E-05  4.255E-05  3.864E-05  3.315E-05
  4.827E-05  4.566E-05  4.255E-05  3.865E-05  3.317E-05
  4.780E-05  4.529E-05  4.227E-05  3.845E-05  3.304E-05
  4.469E-05  4.276E-05  4.038E-05  3.723E-05  3.250E-05
  4.748E-05  4.504E-05  4.208E-05  3.832E-05  3.298E-05
  4.805E-05  4.547E-05  4.240E-05  3.854E-05  3.313E-05
  4.813E-05  4.553E-05  4.245E-05  3.858E-05  3.316E-05
  4.813E-05  4.553E-05  4.245E-05  3.859E-05  3.317E-05
  4.808E-05  4.549E-05  4.242E-05  3.856E-05  3.316E-05
  4.805E-05  4.547E-05  4.239E-05  3.855E-05  3.316E-05
  4.802E-05  4.544E-05  4.237E-05  3.853E-05  3.314E-05
  4.800E-05  4.542E-05  4.237E-05  3.854E-05  3.316E-05
  4.738E-05  4.485E-05  4.185E-05  3.809E-05  3.283E-05
  4.788E-05  4.532E-05  4.228E-05  3.848E-05  3.313E-05
  4.782E-05  4.527E-05  4.223E-05  3.843E-05  3.310E-05
  4.787E-05  4.532E-05  4.229E-05  3.850E-05  3.316E-05
  4.783E-05  4.530E-05  4.228E-05  3.850E-05  3.317E-05
  4.772E-05  4.522E-05  4.223E-05  3.846E-05  3.315E-05
  4.728E-05  4.492E-05  4.205E-05  3.839E-05  3.314E-05
  4.384E-05  4.209E-05  3.990E-05  3.696E-05  3.247E-05
  4.733E-05  4.494E-05  4.205E-05  3.837E-05  3.312E-05
  4.762E-05  4.513E-05  4.216E-05  3.842E-05  3.315E-05
  4.756E-05  4.507E-05  4.210E-05  3.837E-05  3.311E-05
  4.746E-05  4.497E-05  4.201E-05  3.830E-05  3.306E-05
  4.751E-05  4.502E-05  4.205E-05  3.833E-05  3.308E-05
  4.737E-05  4.489E-05  4.195E-05  3.825E-05  3.303E-05
  4.749E-05  4.501E-05  4.205E-05  3.835E-05  3.312E-05
  4.747E-05  4.499E-05  4.204E-05  3.834E-05  3.312E-05
  4.744E-05  4.496E-05  4.202E-05  3.832E-05  3.312E-05
  4.735E-05  4.488E-05  4.195E-05  3.826E-05  3.307E-05
  4.735E-05  4.489E-05  4.196E-05  3.828E-05  3.309E-05
  4.731E-05  4.486E-05  4.193E-05  3.826E-05  3.308E-05
  4.730E-05  4.485E-05  4.193E-05  3.827E-05  3.310E-05
  4.725E-05  4.481E-05  4.190E-05  3.825E-05  3.309E-05
  4.722E-05  4.478E-05  4.188E-05  3.823E-05  3.309E-05
  4.715E-05  4.472E-05  4.183E-05  3.819E-05  3.305E-05
  4.708E-05  4.466E-05  4.178E-05  3.815E-05  3.303E-05
  4.707E-05  4.465E-05  4.177E-05  3.815E-05  3.304E-05
  4.708E-05  4.467E-05  4.179E-05  3.818E-05  3.307E-05
  4.705E-05  4.464E-05  4.177E-05  3.816E-05  3.306E-05
  4.701E-05  4.461E-05  4.175E-05  3.815E-05  3.306E-05
  4.695E-05  4.456E-05  4.172E-05  3.813E-05  3.305E-05
  4.624E-05  4.405E-05  4.138E-05  3.795E-05  3.299E-05
  4.531E-05  4.325E-05  4.073E-05  3.747E-05  3.273E-05
  4.668E-05  4.434E-05  4.153E-05  3.799E-05  3.298E-05
  4.658E-05  4.424E-05  4.144E-05  3.792E-05  3.293E-05
  4.654E-05  4.421E-05  4.142E-05  3.791E-05  3.294E-05
  4.647E-05  4.415E-05  4.138E-05  3.789E-05  3.294E-05
  4.631E-05  4.400E-05  4.124E-05  3.777E-05  3.284E-05
  4.624E-05  4.395E-05  4.121E-05  3.775E-05  3.285E-05
  4.619E-05  4.391E-05  4.118E-05  3.775E-05  3.286E-05
  4.599E-05  4.373E-05  4.103E-05  3.762E-05  3.277E-05
  4.599E-05  4.374E-05  4.105E-05  3.764E-05  3.280E-05
  4.584E-05  4.360E-05  4.093E-05  3.754E-05  3.273E-05
  4.570E-05  4.347E-05  4.081E-05  3.745E-05  3.267E-05
  4.527E-05  4.309E-05  4.048E-05  3.718E-05  3.248E-05
  4.546E-05  4.327E-05  4.065E-05  3.733E-05  3.260E-05
  4.534E-05  4.316E-05  4.055E-05  3.724E-05  3.253E-05
  4.508E-05  4.293E-05  4.034E-05  3.707E-05  3.241E-05
  4.505E-05  4.292E-05  4.035E-05  3.710E-05  3.244E-05
  4.293E-05  4.123E-05  3.912E-05  3.633E-05  3.211E-05
  4.455E-05  4.255E-05  4.011E-05  3.696E-05  3.238E-05
  4.497E-05  4.286E-05  4.032E-05  3.709E-05  3.246E-05
  4.496E-05  4.285E-05  4.031E-05  3.709E-05  3.247E-05
  4.484E-05  4.274E-05  4.022E-05  3.701E-05  3.242E-05
  4.472E-05  4.264E-05  4.013E-05  3.694E-05  3.236E-05
  4.467E-05  4.260E-05  4.010E-05  3.693E-05  3.237E-05
  4.442E-05  4.236E-05  3.989E-05  3.674E-05  3.223E-05
  4.440E-05  4.236E-05  3.989E-05  3.676E-05  3.225E-05
  4.435E-05  4.231E-05  3.985E-05  3.672E-05  3.223E-05
  4.416E-05  4.213E-05  3.969E-05  3.658E-05  3.212E-05
  4.420E-05  4.219E-05  3.976E-05  3.666E-05  3.220E-05
  4.411E-05  4.210E-05  3.969E-05  3.660E-05  3.216E-05
  4.399E-05  4.200E-05  3.959E-05  3.652E-05  3.210E-05
  4.376E-05  4.178E-05  3.940E-05  3.635E-05  3.196E-05
  4.369E-05  4.173E-05  3.936E-05  3.634E-05  3.197E-05
  4.374E-05  4.178E-05  3.941E-05  3.639E-05  3.202E-05
  4.340E-05  4.147E-05  3.914E-05  3.616E-05  3.184E-05
  4.328E-05  4.136E-05  3.904E-05  3.607E-05  3.178E-05
  4.325E-05  4.133E-05  3.901E-05  3.604E-05  3.176E-05
  4.337E-05  4.145E-05  3.914E-05  3.617E-05  3.187E-05
  4.284E-05  4.096E-05  3.868E-05  3.577E-05  3.156E-05
  4.300E-05  4.111E-05  3.883E-05  3.591E-05  3.168E-05
  4.282E-05  4.095E-05  3.869E-05  3.580E-05  3.160E-05
  4.292E-05  4.105E-05  3.879E-05  3.588E-05  3.166E-05
  4.289E-05  4.103E-05  3.878E-05  3.589E-05  3.168E-05
  4.279E-05  4.095E-05  3.871E-05  3.583E-05  3.164E-05
  4.266E-05  4.082E-05  3.860E-05  3.573E-05  3.157E-05
  4.260E-05  4.078E-05  3.856E-05  3.571E-05  3.155E-05
  4.250E-05  4.069E-05  3.848E-05  3.565E-05  3.151E-05
  4.241E-05  4.060E-05  3.841E-05  3.559E-05  3.146E-05
  4.233E-05  4.054E-05  3.836E-05  3.555E-05  3.144E-05
  4.223E-05  4.045E-05  3.828E-05  3.548E-05  3.139E-05
  4.212E-05  4.035E-05  3.820E-05  3.542E-05  3.135E-05
  4.201E-05  4.026E-05  3.812E-05  3.536E-05  3.130E-05
  4.192E-05  4.018E-05  3.805E-05  3.530E-05  3.126E-05
  4.182E-05  4.010E-05  3.799E-05  3.526E-05  3.125E-05
  4.145E-05  3.982E-05  3.781E-05  3.516E-05  3.120E-05
  3.841E-05  3.725E-05  3.577E-05  3.372E-05  3.042E-05
  4.135E-05  3.972E-05  3.770E-05  3.506E-05  3.112E-05
  4.145E-05  3.976E-05  3.770E-05  3.503E-05  3.107E-05
  4.140E-05  3.972E-05  3.766E-05  3.499E-05  3.105E-05
  4.131E-05  3.963E-05  3.759E-05  3.493E-05  3.100E-05
  4.124E-05  3.957E-05  3.753E-05  3.489E-05  3.098E-05
  4.106E-05  3.941E-05  3.738E-05  3.476E-05  3.087E-05
  4.096E-05  3.931E-05  3.730E-05  3.469E-05  3.082E-05
  4.097E-05  3.933E-05  3.733E-05  3.473E-05  3.087E-05
  4.084E-05  3.921E-05  3.722E-05  3.463E-05  3.078E-05
  4.078E-05  3.916E-05  3.718E-05  3.460E-05  3.077E-05
  4.068E-05  3.908E-05  3.711E-05  3.454E-05  3.073E-05
  4.062E-05  3.902E-05  3.706E-05  3.451E-05  3.072E-05
  4.052E-05  3.894E-05  3.699E-05  3.446E-05  3.068E-05
  4.043E-05  3.886E-05  3.693E-05  3.440E-05  3.064E-05
  4.031E-05  3.874E-05  3.682E-05  3.431E-05  3.057E-05
  4.025E-05  3.869E-05  3.678E-05  3.428E-05  3.055E-05
  4.015E-05  3.861E-05  3.671E-05  3.423E-05  3.052E-05
  4.002E-05  3.849E-05  3.661E-05  3.415E-05  3.046E-05
  3.997E-05  3.845E-05  3.657E-05  3.412E-05  3.044E-05
  3.989E-05  3.838E-05  3.651E-05  3.407E-05  3.041E-05
  3.982E-05  3.831E-05  3.646E-05  3.403E-05  3.038E-05
  3.972E-05  3.823E-05  3.639E-05  3.397E-05  3.034E-05
  3.962E-05  3.814E-05  3.631E-05  3.391E-05  3.030E-05
  3.952E-05  3.805E-05  3.623E-05  3.384E-05  3.024E-05
  3.946E-05  3.800E-05  3.619E-05  3.381E-05  3.024E-05
  3.932E-05  3.787E-05  3.608E-05  3.371E-05  3.015E-05
  3.929E-05  3.784E-05  3.606E-05  3.371E-05  3.017E-05
  3.912E-05  3.769E-05  3.591E-05  3.358E-05  3.005E-05
  3.899E-05  3.757E-05  3.581E-05  3.349E-05  2.998E-05
  3.901E-05  3.760E-05  3.585E-05  3.354E-05  3.005E-05
  3.893E-05  3.753E-05  3.580E-05  3.351E-05  3.003E-05
  3.858E-05  3.720E-05  3.549E-05  3.323E-05  2.981E-05
  3.875E-05  3.737E-05  3.565E-05  3.339E-05  2.995E-05
  3.848E-05  3.712E-05  3.542E-05  3.318E-05  2.978E-05
  3.851E-05  3.715E-05  3.545E-05  3.322E-05  2.981E-05
  3.845E-05  3.710E-05  3.543E-05  3.320E-05  2.982E-05
  3.837E-05  3.703E-05  3.537E-05  3.316E-05  2.979E-05
  3.823E-05  3.690E-05  3.524E-05  3.305E-05  2.970E-05
  3.813E-05  3.681E-05  3.517E-05  3.299E-05  2.967E-05
  3.808E-05  3.677E-05  3.513E-05  3.297E-05  2.965E-05
  3.765E-05  3.636E-05  3.476E-05  3.263E-05  2.939E-05
  3.795E-05  3.666E-05  3.505E-05  3.290E-05  2.963E-05
  3.781E-05  3.653E-05  3.493E-05  3.280E-05  2.954E-05
  3.735E-05  3.609E-05  3.452E-05  3.244E-05  2.924E-05
  3.743E-05  3.617E-05  3.460E-05  3.250E-05  2.930E-05
  3.756E-05  3.630E-05  3.474E-05  3.265E-05  2.944E-05
  3.747E-05  3.623E-05  3.467E-05  3.260E-05  2.941E-05
  3.732E-05  3.608E-05  3.454E-05  3.248E-05  2.931E-05
  3.725E-05  3.602E-05  3.449E-05  3.244E-05  2.929E-05
  3.715E-05  3.593E-05  3.441E-05  3.238E-05  2.925E-05
  3.704E-05  3.584E-05  3.433E-05  3.231E-05  2.921E-05
  3.692E-05  3.573E-05  3.423E-05  3.223E-05  2.915E-05
  3.686E-05  3.567E-05  3.419E-05  3.221E-05  2.915E-05
  3.674E-05  3.556E-05  3.409E-05  3.212E-05  2.908E-05
  3.655E-05  3.538E-05  3.392E-05  3.196E-05  2.894E-05
  3.659E-05  3.543E-05  3.398E-05  3.204E-05  2.903E-05
  3.634E-05  3.519E-05  3.376E-05  3.184E-05  2.887E-05
  3.613E-05  3.499E-05  3.356E-05  3.166E-05  2.872E-05
  3.596E-05  3.483E-05  3.342E-05  3.153E-05  2.860E-05
  3.608E-05  3.496E-05  3.356E-05  3.167E-05  2.874E-05
  3.539E-05  3.428E-05  3.289E-05  3.106E-05  2.824E-05
  3.579E-05  3.470E-05  3.333E-05  3.149E-05  2.862E-05
  3.581E-05  3.471E-05  3.333E-05  3.148E-05  2.859E-05
  3.552E-05  3.445E-05  3.311E-05  3.130E-05  2.848E-05
  3.496E-05  3.391E-05  3.260E-05  3.084E-05  2.812E-05
  3.528E-05  3.422E-05  3.288E-05  3.108E-05  2.827E-05
  3.465E-05  3.364E-05  3.238E-05  3.066E-05  2.798E-05
  3.389E-05  3.291E-05  3.169E-05  3.006E-05  2.750E-05
  3.446E-05  3.343E-05  3.214E-05  3.040E-05  2.768E-05
  3.417E-05  3.315E-05  3.186E-05  3.014E-05  2.746E-05
  3.335E-05  3.242E-05  3.124E-05  2.964E-05  2.710E-05
  3.244E-05  3.155E-05  3.044E-05  2.893E-05  2.656E-05
  3.327E-05  3.229E-05  3.106E-05  2.940E-05  2.681E-05
  3.299E-05  3.200E-05  3.077E-05  2.912E-05  2.656E-05
  3.266E-05  3.169E-05  3.047E-05  2.884E-05  2.632E-05
  3.230E-05  3.136E-05  3.018E-05  2.859E-05  2.611E-05
  3.050E-05  2.973E-05  2.877E-05  2.745E-05  2.535E-05
  3.157E-05  3.069E-05  2.957E-05  2.805E-05  2.566E-05
  3.156E-05  3.064E-05  2.948E-05  2.793E-05  2.552E-05
  3.129E-05  3.037E-05  2.922E-05  2.769E-05  2.531E-05
  3.104E-05  3.013E-05  2.899E-05  2.747E-05  2.512E-05
  3.078E-05  2.988E-05  2.876E-05  2.726E-05  2.493E-05
  3.052E-05  2.963E-05  2.852E-05  2.704E-05  2.474E-05
  3.019E-05  2.932E-05  2.824E-05  2.679E-05  2.453E-05
  2.844E-05  2.776E-05  2.690E-05  2.573E-05  2.383E-05
  2.936E-05  2.857E-05  2.758E-05  2.623E-05  2.409E-05
  2.945E-05  2.861E-05  2.755E-05  2.614E-05  2.395E-05
  2.918E-05  2.834E-05  2.729E-05  2.589E-05  2.372E-05
  2.896E-05  2.814E-05  2.710E-05  2.572E-05  2.358E-05
  2.860E-05  2.781E-05  2.681E-05  2.547E-05  2.337E-05
  2.645E-05  2.589E-05  2.517E-05  2.416E-05  2.249E-05
  2.808E-05  2.731E-05  2.635E-05  2.505E-05  2.301E-05
  2.792E-05  2.712E-05  2.613E-05  2.481E-05  2.277E-05
  2.780E-05  2.701E-05  2.603E-05  2.472E-05  2.269E-05
  2.756E-05  2.678E-05  2.581E-05  2.451E-05  2.250E-05
  2.732E-05  2.656E-05  2.560E-05  2.432E-05  2.234E-05
  2.697E-05  2.624E-05  2.532E-05  2.408E-05  2.214E-05
  2.521E-05  2.468E-05  2.399E-05  2.303E-05  2.145E-05
  2.654E-05  2.582E-05  2.492E-05  2.371E-05  2.182E-05
  2.644E-05  2.570E-05  2.478E-05  2.356E-05  2.166E-05
  2.619E-05  2.546E-05  2.455E-05  2.333E-05  2.146E-05
  2.603E-05  2.530E-05  2.440E-05  2.320E-05  2.134E-05
  2.582E-05  2.510E-05  2.421E-05  2.302E-05  2.118E-05
  2.563E-05  2.492E-05  2.404E-05  2.286E-05  2.104E-05
  2.544E-05  2.473E-05  2.386E-05  2.269E-05  2.090E-05
  2.522E-05  2.452E-05  2.365E-05  2.250E-05  2.072E-05
  2.499E-05  2.430E-05  2.344E-05  2.230E-05  2.054E-05
  2.483E-05  2.415E-05  2.330E-05  2.218E-05  2.043E-05
  2.463E-05  2.396E-05  2.312E-05  2.200E-05  2.028E-05
  2.440E-05  2.373E-05  2.290E-05  2.180E-05  2.010E-05
  2.424E-05  2.358E-05  2.276E-05  2.166E-05  1.998E-05
  2.406E-05  2.340E-05  2.259E-05  2.151E-05  1.983E-05
  2.384E-05  2.319E-05  2.239E-05  2.132E-05  1.966E-05
  2.368E-05  2.304E-05  2.225E-05  2.119E-05  1.955E-05
  2.349E-05  2.286E-05  2.207E-05  2.102E-05  1.940E-05
  2.331E-05  2.268E-05  2.190E-05  2.087E-05  1.926E-05
  2.313E-05  2.251E-05  2.174E-05  2.071E-05  1.913E-05
  2.295E-05  2.234E-05  2.158E-05  2.057E-05  1.900E-05
  2.270E-05  2.212E-05  2.138E-05  2.040E-05  1.886E-05
  2.121E-05  2.080E-05  2.027E-05  1.953E-05  1.829E-05
  2.227E-05  2.171E-05  2.101E-05  2.006E-05  1.857E-05
  2.223E-05  2.164E-05  2.091E-05  1.994E-05  1.844E-05
  2.211E-05  2.152E-05  2.080E-05  1.983E-05  1.834E-05
  2.190E-05  2.132E-05  2.060E-05  1.964E-05  1.817E-05
  2.178E-05  2.120E-05  2.049E-05  1.954E-05  1.808E-05
  2.162E-05  2.105E-05  2.034E-05  1.940E-05  1.795E-05
  2.146E-05  2.089E-05  2.019E-05  1.926E-05  1.782E-05
  2.130E-05  2.074E-05  2.005E-05  1.912E-05  1.770E-05
  2.113E-05  2.057E-05  1.989E-05  1.898E-05  1.757E-05
  2.098E-05  2.043E-05  1.975E-05  1.885E-05  1.745E-05
  2.083E-05  2.029E-05  1.962E-05  1.872E-05  1.734E-05
  2.066E-05  2.013E-05  1.946E-05  1.857E-05  1.720E-05
  2.053E-05  1.999E-05  1.933E-05  1.845E-05  1.710E-05
  2.039E-05  1.986E-05  1.920E-05  1.833E-05  1.699E-05
  2.023E-05  1.971E-05  1.906E-05  1.820E-05  1.687E-05
  2.009E-05  1.957E-05  1.893E-05  1.807E-05  1.675E-05
  1.994E-05  1.942E-05  1.879E-05  1.794E-05  1.663E-05
  1.981E-05  1.930E-05  1.867E-05  1.783E-05  1.653E-05
  1.966E-05  1.916E-05  1.853E-05  1.770E-05  1.642E-05
  1.953E-05  1.903E-05  1.841E-05  1.758E-05  1.631E-05
  1.938E-05  1.888E-05  1.827E-05  1.745E-05  1.619E-05
  1.924E-05  1.875E-05  1.814E-05  1.733E-05  1.608E-05
  1.912E-05  1.863E-05  1.803E-05  1.723E-05  1.599E-05
  1.898E-05  1.850E-05  1.790E-05  1.711E-05  1.588E-05
  1.884E-05  1.836E-05  1.777E-05  1.698E-05  1.577E-05
  1.871E-05  1.824E-05  1.765E-05  1.687E-05  1.567E-05
  1.858E-05  1.811E-05  1.752E-05  1.675E-05  1.556E-05
  1.845E-05  1.799E-05  1.741E-05  1.665E-05  1.546E-05
  1.830E-05  1.784E-05  1.727E-05  1.651E-05  1.534E-05
  1.820E-05  1.774E-05  1.717E-05  1.642E-05  1.526E-05
  1.807E-05  1.761E-05  1.705E-05  1.631E-05  1.516E-05
  1.789E-05  1.745E-05  1.689E-05  1.616E-05  1.502E-05
  1.781E-05  1.737E-05  1.682E-05  1.608E-05  1.496E-05
  1.771E-05  1.727E-05  1.672E-05  1.600E-05  1.488E-05
  1.759E-05  1.715E-05  1.661E-05  1.589E-05  1.478E-05
  1.744E-05  1.701E-05  1.647E-05  1.576E-05  1.467E-05
  1.735E-05  1.692E-05  1.639E-05  1.568E-05  1.459E-05
  1.723E-05  1.681E-05  1.628E-05  1.558E-05  1.450E-05
  1.711E-05  1.668E-05  1.616E-05  1.547E-05  1.440E-05
  1.694E-05  1.652E-05  1.601E-05  1.533E-05  1.427E-05
  1.689E-05  1.648E-05  1.596E-05  1.528E-05  1.423E-05
  1.676E-05  1.635E-05  1.584E-05  1.516E-05  1.412E-05
  1.667E-05  1.626E-05  1.576E-05  1.509E-05  1.405E-05
  1.652E-05  1.613E-05  1.563E-05  1.498E-05  1.396E-05
  1.630E-05  1.592E-05  1.545E-05  1.481E-05  1.382E-05
  1.538E-05  1.512E-05  1.477E-05  1.429E-05  1.348E-05
  1.613E-05  1.576E-05  1.530E-05  1.468E-05  1.369E-05
  1.611E-05  1.572E-05  1.524E-05  1.460E-05  1.361E-05
  1.602E-05  1.563E-05  1.515E-05  1.451E-05  1.353E-05
  1.586E-05  1.548E-05  1.501E-05  1.439E-05  1.341E-05
  1.565E-05  1.528E-05  1.483E-05  1.422E-05  1.329E-05
  1.570E-05  1.532E-05  1.486E-05  1.425E-05  1.329E-05
  1.563E-05  1.525E-05  1.479E-05  1.417E-05  1.321E-05
  1.553E-05  1.516E-05  1.469E-05  1.408E-05  1.313E-05
  1.543E-05  1.506E-05  1.460E-05  1.399E-05  1.305E-05
  1.533E-05  1.497E-05  1.451E-05  1.390E-05  1.297E-05
  1.523E-05  1.487E-05  1.442E-05  1.382E-05  1.290E-05
  1.512E-05  1.476E-05  1.432E-05  1.373E-05  1.282E-05
  1.482E-05  1.448E-05  1.406E-05  1.351E-05  1.265E-05
  1.485E-05  1.451E-05  1.409E-05  1.352E-05  1.265E-05
  1.484E-05  1.449E-05  1.406E-05  1.348E-05  1.259E-05
  1.476E-05  1.441E-05  1.398E-05  1.340E-05  1.251E-05
  1.467E-05  1.432E-05  1.389E-05  1.332E-05  1.244E-05
  1.458E-05  1.424E-05  1.381E-05  1.324E-05  1.237E-05
  1.449E-05  1.415E-05  1.372E-05  1.316E-05  1.229E-05
  1.440E-05  1.406E-05  1.364E-05  1.308E-05  1.222E-05
  1.431E-05  1.398E-05  1.356E-05  1.300E-05  1.215E-05
  1.422E-05  1.388E-05  1.347E-05  1.292E-05  1.208E-05
  1.413E-05  1.380E-05  1.339E-05  1.285E-05  1.201E-05
  1.397E-05  1.365E-05  1.327E-05  1.274E-05  1.193E-05
  1.364E-05  1.335E-05  1.299E-05  1.251E-05  1.175E-05
  1.385E-05  1.353E-05  1.314E-05  1.261E-05  1.180E-05
  1.379E-05  1.347E-05  1.307E-05  1.254E-05  1.173E-05
  1.371E-05  1.339E-05  1.299E-05  1.247E-05  1.166E-05
  1.363E-05  1.331E-05  1.292E-05  1.240E-05  1.160E-05
  1.354E-05  1.323E-05  1.284E-05  1.232E-05  1.153E-05
  1.347E-05  1.315E-05  1.276E-05  1.225E-05  1.146E-05
  1.338E-05  1.307E-05  1.269E-05  1.218E-05  1.140E-05
  1.330E-05  1.300E-05  1.261E-05  1.211E-05  1.133E-05
  1.323E-05  1.292E-05  1.254E-05  1.204E-05  1.127E-05
  1.315E-05  1.284E-05  1.247E-05  1.197E-05  1.121E-05
  1.307E-05  1.277E-05  1.239E-05  1.190E-05  1.114E-05
  1.299E-05  1.269E-05  1.232E-05  1.183E-05  1.108E-05
  1.291E-05  1.261E-05  1.225E-05  1.176E-05  1.102E-05
  1.283E-05  1.254E-05  1.218E-05  1.170E-05  1.096E-05
  1.274E-05  1.245E-05  1.210E-05  1.162E-05  1.089E-05
  1.238E-05  1.213E-05  1.182E-05  1.139E-05  1.072E-05
  1.245E-05  1.219E-05  1.187E-05  1.143E-05  1.074E-05
  1.252E-05  1.224E-05  1.189E-05  1.143E-05  1.071E-05
  1.246E-05  1.218E-05  1.183E-05  1.136E-05  1.065E-05
  1.239E-05  1.211E-05  1.176E-05  1.130E-05  1.060E-05
  1.232E-05  1.204E-05  1.169E-05  1.124E-05  1.053E-05
  1.225E-05  1.197E-05  1.163E-05  1.117E-05  1.048E-05
  1.218E-05  1.190E-05  1.156E-05  1.111E-05  1.042E-05
  1.209E-05  1.181E-05  1.148E-05  1.103E-05  1.034E-05
  1.204E-05  1.177E-05  1.143E-05  1.099E-05  1.031E-05
  1.197E-05  1.170E-05  1.137E-05  1.093E-05  1.025E-05
  1.190E-05  1.164E-05  1.131E-05  1.087E-05  1.020E-05
  1.183E-05  1.156E-05  1.123E-05  1.080E-05  1.013E-05
  1.177E-05  1.151E-05  1.118E-05  1.075E-05  1.009E-05
  1.170E-05  1.144E-05  1.111E-05  1.069E-05  1.003E-05
  1.164E-05  1.138E-05  1.105E-05  1.063E-05  9.976E-06
  1.157E-05  1.131E-05  1.099E-05  1.057E-05  9.924E-06
  1.147E-05  1.122E-05  1.090E-05  1.048E-05  9.843E-06
  1.135E-05  1.109E-05  1.078E-05  1.037E-05  9.739E-06
  1.122E-05  1.097E-05  1.067E-05  1.026E-05  9.636E-06
  1.109E-05  1.085E-05  1.055E-05  1.015E-05  9.535E-06
  1.074E-05  1.053E-05  1.027E-05  9.915E-06  9.360E-06
  1.081E-05  1.058E-05  1.030E-05  9.921E-06  9.332E-06
  1.073E-05  1.049E-05  1.020E-05  9.820E-06  9.233E-06
  1.062E-05  1.039E-05  1.010E-05  9.725E-06  9.144E-06
  1.051E-05  1.028E-05  9.995E-06  9.622E-06  9.049E-06
  1.039E-05  1.017E-05  9.886E-06  9.517E-06  8.953E-06
  1.028E-05  1.006E-05  9.782E-06  9.418E-06  8.861E-06
  1.018E-05  9.958E-06  9.687E-06  9.327E-06  8.778E-06
  1.007E-05  9.855E-06  9.587E-06  9.232E-06  8.690E-06
  9.967E-06  9.752E-06  9.487E-06  9.137E-06  8.603E-06
  9.863E-06  9.651E-06  9.390E-06  9.045E-06  8.518E-06
  9.761E-06  9.552E-06  9.294E-06  8.953E-06  8.433E-06
  9.659E-06  9.452E-06  9.198E-06  8.861E-06  8.348E-06
  9.561E-06  9.357E-06  9.106E-06  8.774E-06  8.267E-06
  9.461E-06  9.260E-06  9.012E-06  8.684E-06  8.184E-06
  9.366E-06  9.167E-06  8.922E-06  8.598E-06  8.105E-06
  9.273E-06  9.076E-06  8.834E-06  8.515E-06  8.028E-06
  9.180E-06  8.986E-06  8.747E-06  8.431E-06  7.951E-06
  9.083E-06  8.892E-06  8.656E-06  8.344E-06  7.870E-06
  8.992E-06  8.803E-06  8.570E-06  8.262E-06  7.795E-06
  8.895E-06  8.709E-06  8.479E-06  8.176E-06  7.715E-06
  8.811E-06  8.628E-06  8.401E-06  8.101E-06  7.646E-06
  8.651E-06  8.484E-06  8.276E-06  7.996E-06  7.563E-06
  8.500E-06  8.339E-06  8.139E-06  7.870E-06  7.454E-06
  8.558E-06  8.381E-06  8.163E-06  7.874E-06  7.436E-06
  8.477E-06  8.302E-06  8.086E-06  7.800E-06  7.367E-06
  8.391E-06  8.218E-06  8.005E-06  7.723E-06  7.296E-06
  8.313E-06  8.142E-06  7.931E-06  7.653E-06  7.231E-06
  8.238E-06  8.069E-06  7.860E-06  7.584E-06  7.167E-06
  8.158E-06  7.990E-06  7.784E-06  7.512E-06  7.100E-06
  8.078E-06  7.913E-06  7.710E-06  7.441E-06  7.035E-06
  7.994E-06  7.831E-06  7.631E-06  7.367E-06  6.967E-06
  7.930E-06  7.768E-06  7.570E-06  7.307E-06  6.910E-06
  7.855E-06  7.695E-06  7.498E-06  7.238E-06  6.846E-06
  7.784E-06  7.626E-06  7.431E-06  7.174E-06  6.787E-06
  7.706E-06  7.550E-06  7.358E-06  7.104E-06  6.721E-06
  7.626E-06  7.473E-06  7.285E-06  7.036E-06  6.661E-06
  7.552E-06  7.402E-06  7.216E-06  6.971E-06  6.601E-06
  7.329E-06  7.203E-06  7.044E-06  6.829E-06  6.495E-06
  7.425E-06  7.277E-06  7.095E-06  6.854E-06  6.490E-06
  7.363E-06  7.215E-06  7.033E-06  6.794E-06  6.434E-06
  7.298E-06  7.152E-06  6.972E-06  6.735E-06  6.379E-06
  7.233E-06  7.089E-06  6.911E-06  6.677E-06  6.325E-06
  7.163E-06  7.021E-06  6.846E-06  6.616E-06  6.268E-06
  7.071E-06  6.933E-06  6.763E-06  6.540E-06  6.203E-06
  7.035E-06  6.897E-06  6.726E-06  6.500E-06  6.162E-06
  6.968E-06  6.830E-06  6.660E-06  6.437E-06  6.102E-06
  6.918E-06  6.781E-06  6.613E-06  6.391E-06  6.059E-06
  6.856E-06  6.721E-06  6.554E-06  6.335E-06  6.007E-06
  6.797E-06  6.663E-06  6.499E-06  6.282E-06  5.957E-06
  6.737E-06  6.604E-06  6.441E-06  6.227E-06  5.905E-06
  6.677E-06  6.545E-06  6.384E-06  6.171E-06  5.852E-06
  6.618E-06  6.488E-06  6.328E-06  6.118E-06  5.803E-06
  6.557E-06  6.429E-06  6.271E-06  6.063E-06  5.750E-06
  6.460E-06  6.337E-06  6.185E-06  5.985E-06  5.684E-06
  6.434E-06  6.310E-06  6.157E-06  5.955E-06  5.651E-06
  6.386E-06  6.261E-06  6.107E-06  5.904E-06  5.601E-06
  6.334E-06  6.210E-06  6.057E-06  5.856E-06  5.556E-06
  6.281E-06  6.158E-06  6.007E-06  5.808E-06  5.510E-06
  6.229E-06  6.107E-06  5.957E-06  5.759E-06  5.463E-06
  6.178E-06  6.057E-06  5.908E-06  5.713E-06  5.421E-06
  6.125E-06  6.005E-06  5.858E-06  5.664E-06  5.375E-06
  6.074E-06  5.956E-06  5.810E-06  5.618E-06  5.332E-06
  6.025E-06  5.908E-06  5.763E-06  5.574E-06  5.292E-06
  5.975E-06  5.860E-06  5.717E-06  5.530E-06  5.251E-06
  5.926E-06  5.811E-06  5.670E-06  5.485E-06  5.208E-06
  5.879E-06  5.765E-06  5.626E-06  5.443E-06  5.171E-06
  5.828E-06  5.717E-06  5.579E-06  5.399E-06  5.129E-06
  5.652E-06  5.562E-06  5.447E-06  5.293E-06  5.055E-06
  5.678E-06  5.577E-06  5.451E-06  5.285E-06  5.035E-06
  5.687E-06  5.580E-06  5.448E-06  5.275E-06  5.015E-06
  5.647E-06  5.540E-06  5.408E-06  5.235E-06  4.978E-06
  5.604E-06  5.497E-06  5.366E-06  5.195E-06  4.941E-06
  5.559E-06  5.453E-06  5.324E-06  5.154E-06  4.903E-06
  5.515E-06  5.411E-06  5.282E-06  5.115E-06  4.866E-06
  5.472E-06  5.369E-06  5.242E-06  5.076E-06  4.830E-06
  5.428E-06  5.326E-06  5.200E-06  5.036E-06  4.792E-06
  5.386E-06  5.285E-06  5.161E-06  4.998E-06  4.757E-06
  5.344E-06  5.243E-06  5.120E-06  4.959E-06  4.720E-06
  5.302E-06  5.203E-06  5.081E-06  4.921E-06  4.685E-06
  5.261E-06  5.163E-06  5.042E-06  4.884E-06  4.650E-06
  5.221E-06  5.123E-06  5.004E-06  4.847E-06  4.616E-06
  5.180E-06  5.084E-06  4.965E-06  4.810E-06  4.581E-06
  5.140E-06  5.045E-06  4.927E-06  4.774E-06  4.547E-06
  5.101E-06  5.006E-06  4.890E-06  4.738E-06  4.513E-06
  5.063E-06  4.970E-06  4.854E-06  4.704E-06  4.482E-06
  5.024E-06  4.931E-06  4.816E-06  4.667E-06  4.447E-06
  4.987E-06  4.895E-06  4.782E-06  4.634E-06  4.417E-06
  4.948E-06  4.857E-06  4.745E-06  4.598E-06  4.383E-06
  4.911E-06  4.821E-06  4.710E-06  4.565E-06  4.352E-06
  4.874E-06  4.785E-06  4.675E-06  4.532E-06  4.322E-06
  4.833E-06  4.746E-06  4.638E-06  4.497E-06  4.289E-06
  4.744E-06  4.664E-06  4.565E-06  4.436E-06  4.242E-06
  4.764E-06  4.678E-06  4.572E-06  4.433E-06  4.229E-06
  4.732E-06  4.646E-06  4.540E-06  4.402E-06  4.200E-06
  4.698E-06  4.612E-06  4.507E-06  4.371E-06  4.170E-06
  4.663E-06  4.578E-06  4.474E-06  4.339E-06  4.140E-06
  4.629E-06  4.545E-06  4.442E-06  4.308E-06  4.111E-06
  4.596E-06  4.513E-06  4.411E-06  4.278E-06  4.084E-06
  4.562E-06  4.480E-06  4.379E-06  4.248E-06  4.055E-06
  4.530E-06  4.448E-06  4.348E-06  4.218E-06  4.026E-06
  4.498E-06  4.417E-06  4.318E-06  4.189E-06  4.000E-06
  4.465E-06  4.385E-06  4.287E-06  4.159E-06  3.972E-06
  4.434E-06  4.354E-06  4.257E-06  4.130E-06  3.945E-06
  4.400E-06  4.322E-06  4.225E-06  4.100E-06  3.917E-06
  4.370E-06  4.292E-06  4.196E-06  4.072E-06  3.891E-06
  4.340E-06  4.263E-06  4.168E-06  4.045E-06  3.865E-06
  4.309E-06  4.232E-06  4.138E-06  4.016E-06  3.838E-06
  4.280E-06  4.204E-06  4.111E-06  3.990E-06  3.813E-06
  4.248E-06  4.172E-06  4.080E-06  3.961E-06  3.786E-06
  4.220E-06  4.145E-06  4.054E-06  3.935E-06  3.762E-06
  4.190E-06  4.116E-06  4.026E-06  3.909E-06  3.737E-06
  4.159E-06  4.086E-06  3.997E-06  3.881E-06  3.711E-06
  4.133E-06  4.060E-06  3.971E-06  3.856E-06  3.688E-06
  4.105E-06  4.033E-06  3.945E-06  3.831E-06  3.664E-06
  4.075E-06  4.003E-06  3.916E-06  3.803E-06  3.638E-06
  4.049E-06  3.978E-06  3.891E-06  3.779E-06  3.616E-06
  4.021E-06  3.951E-06  3.865E-06  3.754E-06  3.591E-06
  3.994E-06  3.925E-06  3.840E-06  3.729E-06  3.569E-06
  3.967E-06  3.898E-06  3.814E-06  3.705E-06  3.546E-06
  3.940E-06  3.871E-06  3.787E-06  3.679E-06  3.522E-06
  3.910E-06  3.842E-06  3.759E-06  3.653E-06  3.497E-06
  3.887E-06  3.820E-06  3.738E-06  3.632E-06  3.477E-06
  3.862E-06  3.795E-06  3.713E-06  3.608E-06  3.455E-06
  3.836E-06  3.770E-06  3.689E-06  3.584E-06  3.432E-06
  3.811E-06  3.745E-06  3.665E-06  3.561E-06  3.411E-06
  3.786E-06  3.720E-06  3.641E-06  3.538E-06  3.389E-06
  3.761E-06  3.696E-06  3.617E-06  3.515E-06  3.367E-06
  3.736E-06  3.672E-06  3.594E-06  3.493E-06  3.346E-06
  3.711E-06  3.648E-06  3.570E-06  3.470E-06  3.325E-06
  3.683E-06  3.621E-06  3.545E-06  3.447E-06  3.303E-06
  3.609E-06  3.555E-06  3.488E-06  3.400E-06  3.268E-06
  3.637E-06  3.576E-06  3.501E-06  3.404E-06  3.263E-06
  3.608E-06  3.547E-06  3.473E-06  3.377E-06  3.238E-06
  3.590E-06  3.529E-06  3.455E-06  3.360E-06  3.222E-06
  3.569E-06  3.509E-06  3.435E-06  3.340E-06  3.202E-06
  3.546E-06  3.486E-06  3.413E-06  3.319E-06  3.182E-06
  3.524E-06  3.464E-06  3.392E-06  3.298E-06  3.163E-06
  3.502E-06  3.443E-06  3.370E-06  3.278E-06  3.143E-06
  3.479E-06  3.420E-06  3.349E-06  3.257E-06  3.124E-06
  3.457E-06  3.398E-06  3.328E-06  3.236E-06  3.104E-06
  3.434E-06  3.376E-06  3.306E-06  3.216E-06  3.085E-06
  3.414E-06  3.356E-06  3.287E-06  3.197E-06  3.067E-06
  3.393E-06  3.336E-06  3.266E-06  3.178E-06  3.049E-06
  3.371E-06  3.315E-06  3.246E-06  3.158E-06  3.030E-06
  3.350E-06  3.294E-06  3.226E-06  3.139E-06  3.012E-06
  3.329E-06  3.274E-06  3.206E-06  3.120E-06  2.994E-06
  3.307E-06  3.252E-06  3.185E-06  3.099E-06  2.975E-06
  3.287E-06  3.233E-06  3.166E-06  3.081E-06  2.958E-06
  3.266E-06  3.212E-06  3.147E-06  3.062E-06  2.940E-06
  3.237E-06  3.184E-06  3.120E-06  3.038E-06  2.919E-06
  3.225E-06  3.172E-06  3.108E-06  3.025E-06  2.905E-06
  3.208E-06  3.155E-06  3.091E-06  3.008E-06  2.889E-06
  3.189E-06  3.136E-06  3.072E-06  2.990E-06  2.872E-06
  3.169E-06  3.117E-06  3.053E-06  2.972E-06  2.854E-06
  3.150E-06  3.098E-06  3.035E-06  2.954E-06  2.838E-06
  3.122E-06  3.070E-06  3.008E-06  2.928E-06  2.813E-06
  3.084E-06  3.033E-06  2.972E-06  2.894E-06  2.780E-06
  3.047E-06  2.997E-06  2.937E-06  2.860E-06  2.748E-06
  3.011E-06  2.962E-06  2.903E-06  2.827E-06  2.717E-06
  2.976E-06  2.928E-06  2.869E-06  2.794E-06  2.686E-06
  2.941E-06  2.893E-06  2.836E-06  2.762E-06  2.656E-06
  2.907E-06  2.860E-06  2.803E-06  2.731E-06  2.626E-06
  2.873E-06  2.827E-06  2.771E-06  2.699E-06  2.596E-06
  2.839E-06  2.794E-06  2.739E-06  2.669E-06  2.567E-06
  2.800E-06  2.756E-06  2.703E-06  2.635E-06  2.537E-06
  2.775E-06  2.731E-06  2.678E-06  2.609E-06  2.511E-06
  2.744E-06  2.700E-06  2.648E-06  2.581E-06  2.483E-06
  2.713E-06  2.670E-06  2.618E-06  2.552E-06  2.456E-06
  2.683E-06  2.640E-06  2.589E-06  2.524E-06  2.430E-06
  2.653E-06  2.611E-06  2.561E-06  2.496E-06  2.404E-06
  2.623E-06  2.582E-06  2.532E-06  2.469E-06  2.377E-06
  2.595E-06  2.554E-06  2.505E-06  2.443E-06  2.352E-06
  2.566E-06  2.526E-06  2.478E-06  2.416E-06  2.327E-06
  2.538E-06  2.499E-06  2.451E-06  2.390E-06  2.303E-06
  2.511E-06  2.472E-06  2.425E-06  2.365E-06  2.279E-06
  2.483E-06  2.445E-06  2.399E-06  2.340E-06  2.255E-06
  2.456E-06  2.419E-06  2.373E-06  2.315E-06  2.231E-06
  2.431E-06  2.393E-06  2.348E-06  2.291E-06  2.208E-06
  2.405E-06  2.368E-06  2.323E-06  2.267E-06  2.185E-06
  2.379E-06  2.343E-06  2.299E-06  2.243E-06  2.163E-06
  2.354E-06  2.318E-06  2.275E-06  2.220E-06  2.141E-06
  2.305E-06  2.274E-06  2.235E-06  2.186E-06  2.112E-06
  2.279E-06  2.248E-06  2.211E-06  2.162E-06  2.090E-06
  2.280E-06  2.246E-06  2.205E-06  2.153E-06  2.077E-06
  2.258E-06  2.224E-06  2.183E-06  2.131E-06  2.056E-06
  2.235E-06  2.201E-06  2.161E-06  2.110E-06  2.036E-06
  2.212E-06  2.179E-06  2.139E-06  2.088E-06  2.015E-06
  2.189E-06  2.157E-06  2.117E-06  2.068E-06  1.995E-06
  2.167E-06  2.135E-06  2.096E-06  2.047E-06  1.976E-06
  2.145E-06  2.113E-06  2.075E-06  2.026E-06  1.956E-06
  2.124E-06  2.093E-06  2.055E-06  2.007E-06  1.938E-06
  2.103E-06  2.072E-06  2.035E-06  1.987E-06  1.919E-06
  2.082E-06  2.051E-06  2.015E-06  1.968E-06  1.900E-06
  2.062E-06  2.031E-06  1.995E-06  1.949E-06  1.882E-06
  2.041E-06  2.011E-06  1.976E-06  1.930E-06  1.864E-06
  2.021E-06  1.992E-06  1.956E-06  1.912E-06  1.847E-06
  2.002E-06  1.972E-06  1.937E-06  1.893E-06  1.829E-06
  1.982E-06  1.954E-06  1.919E-06  1.875E-06  1.812E-06
  1.962E-06  1.934E-06  1.900E-06  1.857E-06  1.795E-06
  1.944E-06  1.916E-06  1.882E-06  1.840E-06  1.778E-06
  1.926E-06  1.898E-06  1.865E-06  1.823E-06  1.762E-06
  1.908E-06  1.880E-06  1.847E-06  1.806E-06  1.746E-06
  1.890E-06  1.862E-06  1.830E-06  1.789E-06  1.730E-06
  1.872E-06  1.845E-06  1.813E-06  1.772E-06  1.714E-06
  1.854E-06  1.828E-06  1.796E-06  1.756E-06  1.698E-06
  1.837E-06  1.811E-06  1.780E-06  1.740E-06  1.683E-06
  1.820E-06  1.794E-06  1.763E-06  1.724E-06  1.668E-06
  1.803E-06  1.778E-06  1.747E-06  1.709E-06  1.653E-06
  1.786E-06  1.761E-06  1.731E-06  1.693E-06  1.638E-06
  1.770E-06  1.745E-06  1.716E-06  1.678E-06  1.623E-06
  1.754E-06  1.729E-06  1.700E-06  1.663E-06  1.609E-06
  1.737E-06  1.712E-06  1.684E-06  1.647E-06  1.594E-06
  1.722E-06  1.698E-06  1.670E-06  1.633E-06  1.581E-06
  1.703E-06  1.680E-06  1.652E-06  1.617E-06  1.566E-06
  1.687E-06  1.665E-06  1.637E-06  1.603E-06  1.552E-06
  1.676E-06  1.653E-06  1.626E-06  1.591E-06  1.540E-06
  1.661E-06  1.639E-06  1.611E-06  1.577E-06  1.526E-06
  1.647E-06  1.624E-06  1.597E-06  1.563E-06  1.513E-06
  1.632E-06  1.610E-06  1.583E-06  1.549E-06  1.500E-06
  1.618E-06  1.596E-06  1.569E-06  1.536E-06  1.487E-06
  1.604E-06  1.582E-06  1.556E-06  1.523E-06  1.475E-06
  1.590E-06  1.568E-06  1.543E-06  1.510E-06  1.462E-06
  1.576E-06  1.555E-06  1.529E-06  1.497E-06  1.450E-06
  1.562E-06  1.541E-06  1.516E-06  1.484E-06  1.438E-06
  1.549E-06  1.528E-06  1.503E-06  1.472E-06  1.426E-06
  1.536E-06  1.515E-06  1.491E-06  1.459E-06  1.414E-06
  1.523E-06  1.502E-06  1.478E-06  1.447E-06  1.402E-06
  1.510E-06  1.490E-06  1.466E-06  1.435E-06  1.391E-06
  1.497E-06  1.477E-06  1.453E-06  1.423E-06  1.379E-06
  1.483E-06  1.463E-06  1.440E-06  1.410E-06  1.367E-06
  1.472E-06  1.452E-06  1.429E-06  1.400E-06  1.357E-06
  1.460E-06  1.441E-06  1.418E-06  1.388E-06  1.346E-06
  1.448E-06  1.429E-06  1.406E-06  1.377E-06  1.335E-06
  1.436E-06  1.417E-06  1.394E-06  1.366E-06  1.324E-06
  1.424E-06  1.405E-06  1.383E-06  1.355E-06  1.313E-06
  1.412E-06  1.394E-06  1.372E-06  1.344E-06  1.303E-06
  1.401E-06  1.382E-06  1.361E-06  1.333E-06  1.292E-06
  1.389E-06  1.371E-06  1.350E-06  1.322E-06  1.282E-06
  1.378E-06  1.360E-06  1.339E-06  1.312E-06  1.272E-06
  1.367E-06  1.349E-06  1.328E-06  1.301E-06  1.262E-06
  1.356E-06  1.338E-06  1.318E-06  1.291E-06  1.252E-06
  1.345E-06  1.328E-06  1.307E-06  1.281E-06  1.242E-06
  1.334E-06  1.317E-06  1.297E-06  1.271E-06  1.233E-06
  1.324E-06  1.307E-06  1.287E-06  1.261E-06  1.223E-06
  1.313E-06  1.297E-06  1.277E-06  1.251E-06  1.214E-06
  1.303E-06  1.286E-06  1.267E-06  1.241E-06  1.205E-06
  3.282E-07  3.254E-07  3.220E-07  3.176E-07  3.112E-07
  8.126E-08  8.077E-08  8.018E-08  7.941E-08  7.824E-08
  3.583E-08  3.565E-08  3.543E-08  3.514E-08  3.470E-08
  2.003E-08  1.994E-08  1.983E-08  1.969E-08  1.947E-08
  1.275E-08  1.270E-08  1.264E-08  1.256E-08  1.243E-08
  8.822E-09  8.788E-09  8.747E-09  8.695E-09  8.621E-09
  6.459E-09  6.436E-09  6.409E-09  6.374E-09  6.327E-09
  4.931E-09  4.915E-09  4.896E-09  4.872E-09  4.840E-09
