  2.768-138  2.762-138  2.755-138  2.749-138  2.742-138
  2.022-134  2.018-134  2.014-134  2.010-134  2.006-134
  9.106-131  9.090-131  9.074-131  9.058-131  9.042-131
  1.290-128  1.288-128  1.286-128  1.284-128  1.282-128
  3.759-126  3.753-126  3.748-126  3.743-126  3.737-126
  3.599-123  3.594-123  3.590-123  3.585-123  3.581-123
  5.025-121  5.019-121  5.013-121  5.007-121  5.002-121
  5.924-119  5.917-119  5.911-119  5.905-119  5.898-119
  1.263-116  1.262-116  1.260-116  1.259-116  1.258-116
  9.216-114  9.208-114  9.200-114  9.192-114  9.184-114
  3.716-110  3.713-110  3.710-110  3.708-110  3.705-110
  1.366-106  1.365-106  1.364-106  1.364-106  1.363-106
  1.662-103  1.661-103  1.660-103  1.659-103  1.659-103
  1.354-100  1.354-100  1.353-100  1.352-100  1.352-100
  9.056E-99  9.052E-99  9.048E-99  9.044E-99  9.040E-99
  9.108E-98  9.104E-98  9.101E-98  9.097E-98  9.093E-98
  3.439E-96  3.437E-96  3.436E-96  3.435E-96  3.433E-96
  8.313E-95  8.310E-95  8.308E-95  8.305E-95  8.302E-95
  9.639E-94  9.635E-94  9.632E-94  9.629E-94  9.626E-94
  6.924E-92  6.922E-92  6.919E-92  6.917E-92  6.915E-92
  8.850E-90  8.847E-90  8.845E-90  8.843E-90  8.840E-90
  1.389E-87  1.388E-87  1.388E-87  1.387E-87  1.387E-87
  2.919E-85  2.918E-85  2.918E-85  2.917E-85  2.916E-85
  4.093E-83  4.092E-83  4.092E-83  4.091E-83  4.090E-83
  7.272E-81  7.271E-81  7.270E-81  7.268E-81  7.267E-81
  4.948E-79  4.947E-79  4.946E-79  4.946E-79  4.945E-79
  1.797E-77  1.797E-77  1.797E-77  1.797E-77  1.796E-77
  1.317E-75  1.317E-75  1.317E-75  1.317E-75  1.316E-75
  1.061E-73  1.061E-73  1.061E-73  1.061E-73  1.061E-73
  2.193E-72  2.193E-72  2.193E-72  2.192E-72  2.192E-72
  5.370E-71  5.370E-71  5.369E-71  5.369E-71  5.368E-71
  1.164E-69  1.164E-69  1.164E-69  1.164E-69  1.164E-69
  4.359E-69  4.359E-69  4.359E-69  4.358E-69  4.358E-69
  1.852E-67  1.852E-67  1.851E-67  1.851E-67  1.851E-67
  9.808E-66  9.808E-66  9.807E-66  9.806E-66  9.806E-66
  9.343E-65  9.342E-65  9.342E-65  9.341E-65  9.341E-65
  2.706E-63  2.705E-63  2.705E-63  2.705E-63  2.705E-63
  3.112E-62  3.112E-62  3.112E-62  3.111E-62  3.111E-62
  2.877E-61  2.877E-61  2.877E-61  2.876E-61  2.876E-61
  1.121E-59  1.121E-59  1.121E-59  1.121E-59  1.121E-59
  4.093E-58  4.093E-58  4.093E-58  4.093E-58  4.092E-58
  3.602E-57  3.602E-57  3.602E-57  3.602E-57  3.602E-57
  2.346E-56  2.346E-56  2.345E-56  2.345E-56  2.345E-56
  2.025E-55  2.025E-55  2.025E-55  2.024E-55  2.024E-55
  1.176E-54  1.176E-54  1.176E-54  1.176E-54  1.176E-54
  9.900E-54  9.900E-54  9.900E-54  9.899E-54  9.899E-54
  2.114E-52  2.114E-52  2.114E-52  2.114E-52  2.114E-52
  4.913E-51  4.913E-51  4.912E-51  4.912E-51  4.912E-51
  7.409E-50  7.409E-50  7.409E-50  7.409E-50  7.409E-50
  5.163E-49  5.163E-49  5.163E-49  5.163E-49  5.163E-49
  2.032E-48  2.032E-48  2.032E-48  2.032E-48  2.032E-48
  1.074E-47  1.074E-47  1.074E-47  1.074E-47  1.074E-47
  6.587E-47  6.587E-47  6.587E-47  6.587E-47  6.587E-47
  4.602E-46  4.602E-46  4.601E-46  4.601E-46  4.601E-46
  2.995E-45  2.995E-45  2.995E-45  2.995E-45  2.995E-45
  2.176E-44  2.176E-44  2.176E-44  2.176E-44  2.176E-44
  1.735E-43  1.735E-43  1.735E-43  1.735E-43  1.735E-43
  1.271E-42  1.271E-42  1.271E-42  1.271E-42  1.271E-42
  6.279E-42  6.279E-42  6.278E-42  6.278E-42  6.278E-42
  5.380E-41  5.380E-41  5.380E-41  5.380E-41  5.380E-41
  9.797E-40  9.797E-40  9.797E-40  9.797E-40  9.797E-40
  1.491E-38  1.491E-38  1.491E-38  1.490E-38  1.490E-38
  1.925E-37  1.925E-37  1.925E-37  1.925E-37  1.925E-37
  2.141E-36  2.141E-36  2.141E-36  2.141E-36  2.141E-36
  1.664E-35  1.664E-35  1.664E-35  1.664E-35  1.664E-35
  1.167E-34  1.167E-34  1.167E-34  1.167E-34  1.167E-34
  7.440E-34  7.440E-34  7.440E-34  7.440E-34  7.440E-34
  5.255E-33  5.255E-33  5.255E-33  5.255E-33  5.255E-33
  3.355E-32  3.355E-32  3.355E-32  3.355E-32  3.355E-32
  1.951E-31  1.951E-31  1.951E-31  1.951E-31  1.951E-31
  8.833E-31  8.833E-31  8.832E-31  8.832E-31  8.832E-31
  3.199E-30  3.199E-30  3.199E-30  3.199E-30  3.199E-30
  1.104E-29  1.104E-29  1.104E-29  1.104E-29  1.104E-29
  5.618E-29  5.618E-29  5.618E-29  5.618E-29  5.618E-29
  2.299E-28  2.299E-28  2.299E-28  2.299E-28  2.299E-28
  7.745E-28  7.745E-28  7.745E-28  7.745E-28  7.745E-28
  2.824E-27  2.824E-27  2.824E-27  2.824E-27  2.824E-27
  9.742E-27  9.742E-27  9.742E-27  9.742E-27  9.742E-27
  3.191E-26  3.191E-26  3.191E-26  3.191E-26  3.191E-26
  9.957E-26  9.957E-26  9.957E-26  9.957E-26  9.957E-26
  1.927E-25  1.927E-25  1.927E-25  1.927E-25  1.927E-25
  3.673E-25  3.673E-25  3.673E-25  3.673E-25  3.673E-25
  8.471E-25  8.471E-25  8.471E-25  8.471E-25  8.471E-25
  2.322E-24  2.322E-24  2.322E-24  2.322E-24  2.322E-24
  6.124E-24  6.124E-24  6.124E-24  6.124E-24  6.124E-24
  1.558E-23  1.558E-23  1.558E-23  1.558E-23  1.558E-23
  3.829E-23  3.829E-23  3.829E-23  3.829E-23  3.829E-23
  9.109E-23  9.109E-23  9.109E-23  9.109E-23  9.109E-23
  2.102E-22  2.102E-22  2.102E-22  2.102E-22  2.102E-22
  4.709E-22  4.709E-22  4.709E-22  4.709E-22  4.709E-22
  1.026E-21  1.026E-21  1.026E-21  1.026E-21  1.026E-21
  2.178E-21  2.178E-21  2.178E-21  2.178E-21  2.178E-21
  4.509E-21  4.509E-21  4.509E-21  4.509E-21  4.509E-21
  9.115E-21  9.115E-21  9.115E-21  9.115E-21  9.115E-21
  1.801E-20  1.801E-20  1.801E-20  1.801E-20  1.801E-20
  3.482E-20  3.482E-20  3.482E-20  3.482E-20  3.482E-20
  5.813E-20  5.813E-20  5.813E-20  5.813E-20  5.813E-20
  9.008E-20  9.008E-20  9.008E-20  9.008E-20  9.008E-20
  1.657E-19  1.657E-19  1.657E-19  1.657E-19  1.657E-19
  2.992E-19  2.992E-19  2.992E-19  2.992E-19  2.992E-19
  5.307E-19  5.307E-19  5.307E-19  5.307E-19  5.307E-19
  9.258E-19  9.258E-19  9.258E-19  9.258E-19  9.258E-19
  1.676E-18  1.676E-18  1.676E-18  1.676E-18  1.676E-18
  2.828E-18  2.828E-18  2.828E-18  2.828E-18  2.828E-18
  4.472E-18  4.472E-18  4.472E-18  4.472E-18  4.472E-18
  7.342E-18  7.342E-18  7.342E-18  7.342E-18  7.342E-18
  1.189E-17  1.189E-17  1.189E-17  1.189E-17  1.189E-17
  1.900E-17  1.900E-17  1.900E-17  1.900E-17  1.900E-17
  2.999E-17  2.999E-17  2.999E-17  2.999E-17  2.999E-17
  4.676E-17  4.676E-17  4.676E-17  4.676E-17  4.676E-17
  7.206E-17  7.206E-17  7.206E-17  7.206E-17  7.206E-17
  1.098E-16  1.098E-16  1.098E-16  1.098E-16  1.098E-16
  1.656E-16  1.656E-16  1.656E-16  1.656E-16  1.656E-16
  2.470E-16  2.470E-16  2.470E-16  2.470E-16  2.470E-16
  3.649E-16  3.649E-16  3.649E-16  3.649E-16  3.649E-16
  5.338E-16  5.338E-16  5.338E-16  5.338E-16  5.338E-16
  7.736E-16  7.736E-16  7.736E-16  7.736E-16  7.736E-16
  1.111E-15  1.111E-15  1.111E-15  1.111E-15  1.111E-15
  1.582E-15  1.582E-15  1.582E-15  1.582E-15  1.582E-15
  2.234E-15  2.234E-15  2.234E-15  2.234E-15  2.234E-15
  3.130E-15  3.130E-15  3.130E-15  3.130E-15  3.130E-15
  4.350E-15  4.350E-15  4.350E-15  4.350E-15  4.350E-15
  6.001E-15  6.001E-15  6.001E-15  6.001E-15  6.000E-15
  8.224E-15  8.223E-15  8.221E-15  8.219E-15  8.218E-15
  1.118E-14  1.118E-14  1.118E-14  1.118E-14  1.117E-14
  1.510E-14  1.510E-14  1.510E-14  1.509E-14  1.509E-14
  2.026E-14  2.026E-14  2.025E-14  2.025E-14  2.024E-14
  2.701E-14  2.700E-14  2.699E-14  2.699E-14  2.698E-14
  3.577E-14  3.576E-14  3.575E-14  3.575E-14  3.574E-14
  4.710E-14  4.709E-14  4.708E-14  4.707E-14  4.706E-14
  6.166E-14  6.164E-14  6.163E-14  6.162E-14  6.160E-14
  8.026E-14  8.024E-14  8.022E-14  8.020E-14  8.019E-14
  1.039E-13  1.039E-13  1.038E-13  1.038E-13  1.038E-13
  1.338E-13  1.337E-13  1.337E-13  1.337E-13  1.337E-13
  1.714E-13  1.713E-13  1.713E-13  1.713E-13  1.712E-13
  2.184E-13  2.184E-13  2.183E-13  2.183E-13  2.182E-13
  2.770E-13  2.770E-13  2.769E-13  2.769E-13  2.768E-13
  3.498E-13  3.497E-13  3.496E-13  3.495E-13  3.495E-13
  4.395E-13  4.394E-13  4.393E-13  4.392E-13  4.391E-13
  5.499E-13  5.498E-13  5.496E-13  5.495E-13  5.494E-13
  6.849E-13  6.847E-13  6.846E-13  6.844E-13  6.843E-13
  8.492E-13  8.490E-13  8.489E-13  8.487E-13  8.485E-13
  1.049E-12  1.048E-12  1.048E-12  1.048E-12  1.047E-12
  1.291E-12  1.290E-12  1.289E-12  1.288E-12  1.288E-12
  1.581E-12  1.580E-12  1.578E-12  1.577E-12  1.576E-12
  1.929E-12  1.927E-12  1.925E-12  1.923E-12  1.921E-12
  2.344E-12  2.342E-12  2.339E-12  2.337E-12  2.334E-12
  2.836E-12  2.832E-12  2.829E-12  2.824E-12  2.818E-12
  3.413E-12  3.408E-12  3.401E-12  3.393E-12  3.381E-12
  4.140E-12  4.138E-12  4.138E-12  4.137E-12  4.137E-12
  4.965E-12  4.964E-12  4.964E-12  4.964E-12  4.964E-12
  5.937E-12  5.937E-12  5.937E-12  5.937E-12  5.936E-12
  7.079E-12  7.079E-12  7.079E-12  7.078E-12  7.078E-12
  8.413E-12  8.412E-12  8.412E-12  8.412E-12  8.411E-12
  9.968E-12  9.967E-12  9.967E-12  9.967E-12  9.967E-12
  1.153E-11  1.150E-11  1.145E-11  1.138E-11  1.127E-11
  1.370E-11  1.367E-11  1.362E-11  1.357E-11  1.348E-11
  1.620E-11  1.617E-11  1.613E-11  1.609E-11  1.603E-11
  1.902E-11  1.898E-11  1.894E-11  1.890E-11  1.885E-11
  2.226E-11  2.222E-11  2.218E-11  2.213E-11  2.208E-11
  2.597E-11  2.592E-11  2.588E-11  2.584E-11  2.579E-11
  3.022E-11  3.017E-11  3.013E-11  3.009E-11  3.004E-11
  3.506E-11  3.501E-11  3.496E-11  3.492E-11  3.488E-11
  4.058E-11  4.052E-11  4.047E-11  4.043E-11  4.039E-11
  4.685E-11  4.679E-11  4.674E-11  4.670E-11  4.666E-11
  5.396E-11  5.389E-11  5.384E-11  5.380E-11  5.375E-11
  6.201E-11  6.194E-11  6.188E-11  6.184E-11  6.180E-11
  7.110E-11  7.102E-11  7.096E-11  7.091E-11  7.087E-11
  8.134E-11  8.126E-11  8.119E-11  8.115E-11  8.111E-11
  9.286E-11  9.277E-11  9.271E-11  9.266E-11  9.262E-11
  1.058E-10  1.057E-10  1.056E-10  1.056E-10  1.055E-10
  1.203E-10  1.202E-10  1.201E-10  1.201E-10  1.200E-10
  1.365E-10  1.364E-10  1.363E-10  1.363E-10  1.362E-10
  1.546E-10  1.545E-10  1.544E-10  1.543E-10  1.543E-10
  1.748E-10  1.746E-10  1.745E-10  1.745E-10  1.744E-10
  1.903E-10  1.901E-10  1.900E-10  1.899E-10  1.899E-10
  2.020E-10  2.018E-10  2.017E-10  2.017E-10  2.016E-10
  2.222E-10  2.220E-10  2.219E-10  2.218E-10  2.217E-10
  2.498E-10  2.496E-10  2.494E-10  2.494E-10  2.493E-10
  2.803E-10  2.801E-10  2.800E-10  2.799E-10  2.799E-10
  3.141E-10  3.139E-10  3.137E-10  3.137E-10  3.136E-10
  3.514E-10  3.512E-10  3.510E-10  3.509E-10  3.508E-10
  3.925E-10  3.922E-10  3.920E-10  3.919E-10  3.918E-10
  4.236E-10  4.233E-10  4.231E-10  4.230E-10  4.230E-10
  4.473E-10  4.469E-10  4.467E-10  4.465E-10  4.465E-10
  4.884E-10  4.876E-10  4.870E-10  4.865E-10  4.863E-10
  5.589E-10  5.539E-10  5.491E-10  5.447E-10  5.410E-10
  6.244E-10  6.181E-10  6.119E-10  6.060E-10  6.010E-10
  7.004E-10  6.914E-10  6.826E-10  6.742E-10  6.667E-10
  7.676E-10  7.595E-10  7.516E-10  7.441E-10  7.375E-10
  8.679E-10  8.545E-10  8.412E-10  8.283E-10  8.167E-10
  9.610E-10  9.455E-10  9.301E-10  9.152E-10  9.017E-10
  1.062E-09  1.045E-09  1.027E-09  1.010E-09  9.943E-10
  1.168E-09  1.149E-09  1.130E-09  1.111E-09  1.095E-09
  1.292E-09  1.269E-09  1.246E-09  1.224E-09  1.204E-09
  1.422E-09  1.397E-09  1.371E-09  1.346E-09  1.323E-09
  1.586E-09  1.552E-09  1.518E-09  1.485E-09  1.454E-09
  1.793E-09  1.743E-09  1.694E-09  1.645E-09  1.599E-09
  1.863E-09  1.830E-09  1.798E-09  1.767E-09  1.738E-09
  2.149E-09  2.089E-09  2.029E-09  1.970E-09  1.913E-09
  2.184E-09  2.142E-09  2.100E-09  2.059E-09  2.022E-09
  2.373E-09  2.309E-09  2.246E-09  2.183E-09  2.124E-09
  2.766E-09  2.654E-09  2.542E-09  2.429E-09  2.315E-09
  3.445E-09  3.238E-09  3.035E-09  2.831E-09  2.620E-09
  4.613E-09  4.132E-09  3.708E-09  3.329E-09  2.973E-09
  6.313E-09  5.261E-09  4.455E-09  3.835E-09  3.336E-09
  7.481E-09  6.087E-09  5.059E-09  4.293E-09  3.685E-09
  9.801E-09  7.574E-09  6.000E-09  4.906E-09  4.110E-09
  1.114E-08  8.602E-09  6.780E-09  5.491E-09  4.538E-09
  1.605E-08  1.168E-08  8.641E-09  6.614E-09  5.226E-09
  1.191E-08  9.464E-09  7.635E-09  6.290E-09  5.257E-09
  1.540E-08  1.172E-08  9.063E-09  7.203E-09  5.857E-09
  2.018E-08  1.479E-08  1.098E-08  8.381E-09  6.590E-09
  2.733E-08  1.922E-08  1.357E-08  9.890E-09  7.501E-09
  2.336E-08  1.726E-08  1.287E-08  9.834E-09  7.704E-09
  2.191E-08  1.667E-08  1.286E-08  1.014E-08  8.103E-09
  2.433E-08  1.854E-08  1.424E-08  1.113E-08  8.827E-09
  2.718E-08  2.065E-08  1.577E-08  1.223E-08  9.607E-09
  1.854E-08  1.545E-08  1.300E-08  1.103E-08  9.355E-09
  2.990E-08  2.272E-08  1.740E-08  1.359E-08  1.082E-08
  4.084E-08  2.951E-08  2.139E-08  1.589E-08  1.216E-08
  4.201E-08  3.080E-08  2.261E-08  1.693E-08  1.300E-08
  4.558E-08  3.333E-08  2.438E-08  1.819E-08  1.393E-08
  5.451E-08  3.953E-08  2.849E-08  2.081E-08  1.553E-08
  5.131E-08  3.787E-08  2.792E-08  2.092E-08  1.600E-08
  5.811E-08  4.244E-08  3.093E-08  2.289E-08  1.730E-08
  4.953E-08  3.785E-08  2.904E-08  2.257E-08  1.767E-08
  2.807E-08  2.438E-08  2.130E-08  1.868E-08  1.629E-08
  6.840E-08  5.083E-08  3.761E-08  2.808E-08  2.119E-08
  7.456E-08  5.497E-08  4.038E-08  3.000E-08  2.258E-08
  9.240E-08  6.724E-08  4.840E-08  3.502E-08  2.556E-08
  8.515E-08  6.328E-08  4.681E-08  3.488E-08  2.612E-08
  8.371E-08  6.316E-08  4.744E-08  3.582E-08  2.709E-08
  9.563E-08  7.118E-08  5.259E-08  3.906E-08  2.921E-08
  9.379E-08  7.123E-08  5.363E-08  4.043E-08  3.058E-08
  1.047E-07  7.898E-08  5.883E-08  4.379E-08  3.271E-08
  8.587E-08  6.719E-08  5.242E-08  4.108E-08  3.231E-08
  1.250E-07  9.319E-08  6.846E-08  5.026E-08  3.714E-08
  1.430E-07  1.058E-07  7.690E-08  5.563E-08  4.040E-08
  1.374E-07  1.032E-07  7.649E-08  5.649E-08  4.173E-08
  1.370E-07  1.036E-07  7.734E-08  5.767E-08  4.311E-08
  1.399E-07  1.060E-07  7.978E-08  6.021E-08  4.536E-08
  1.889E-07  1.385E-07  9.941E-08  7.072E-08  5.031E-08
  1.829E-07  1.361E-07  9.938E-08  7.196E-08  5.192E-08
  2.335E-07  1.781E-07  1.309E-07  9.238E-08  6.264E-08
  3.394E-07  2.610E-07  1.901E-07  1.286E-07  7.980E-08
  4.373E-07  3.334E-07  2.386E-07  1.564E-07  9.225E-08
  3.863E-07  2.931E-07  2.098E-07  1.391E-07  8.519E-08
  3.799E-07  2.910E-07  2.106E-07  1.415E-07  8.765E-08
  5.108E-07  3.893E-07  2.784E-07  1.820E-07  1.067E-07
  5.220E-07  3.987E-07  2.859E-07  1.876E-07  1.107E-07
  4.521E-07  3.478E-07  2.529E-07  1.705E-07  1.053E-07
  4.754E-07  3.667E-07  2.671E-07  1.801E-07  1.110E-07
  6.159E-07  4.720E-07  3.394E-07  2.229E-07  1.305E-07
  6.359E-07  4.866E-07  3.498E-07  2.303E-07  1.358E-07
  5.991E-07  4.616E-07  3.350E-07  2.238E-07  1.348E-07
  4.601E-07  3.571E-07  2.636E-07  1.827E-07  1.182E-07
  5.671E-07  4.412E-07  3.248E-07  2.215E-07  1.374E-07
  7.508E-07  5.825E-07  4.251E-07  2.837E-07  1.674E-07
  7.163E-07  5.576E-07  4.090E-07  2.756E-07  1.656E-07
  5.437E-07  4.276E-07  3.203E-07  2.246E-07  1.452E-07
  5.082E-07  4.012E-07  3.027E-07  2.156E-07  1.435E-07
  5.911E-07  4.663E-07  3.506E-07  2.471E-07  1.609E-07
  7.571E-07  5.944E-07  4.417E-07  3.034E-07  1.876E-07
  6.261E-07  4.964E-07  3.752E-07  2.657E-07  1.735E-07
  7.954E-07  6.278E-07  4.694E-07  3.247E-07  2.021E-07
  6.997E-07  5.525E-07  4.155E-07  2.924E-07  1.892E-07
  6.655E-07  5.268E-07  3.983E-07  2.836E-07  1.878E-07
  4.910E-07  3.957E-07  3.087E-07  2.316E-07  1.663E-07
  3.338E-07  2.795E-07  2.302E-07  1.863E-07  1.479E-07
  6.759E-07  5.392E-07  4.125E-07  2.988E-07  2.023E-07
  3.814E-07  3.180E-07  2.601E-07  2.085E-07  1.634E-07
  5.182E-07  4.220E-07  3.340E-07  2.558E-07  1.884E-07
  2.991E-07  2.586E-07  2.218E-07  1.887E-07  1.590E-07
  3.941E-07  3.311E-07  2.741E-07  2.232E-07  1.784E-07
  3.962E-07  3.343E-07  2.782E-07  2.281E-07  1.837E-07
  4.912E-07  4.100E-07  3.344E-07  2.656E-07  2.048E-07
  8.707E-07  7.046E-07  5.465E-07  4.001E-07  2.713E-07
  8.659E-07  7.064E-07  5.532E-07  4.096E-07  2.809E-07
  1.041E-06  8.442E-07  6.542E-07  4.753E-07  3.151E-07
  1.109E-06  8.986E-07  6.948E-07  5.025E-07  3.305E-07
  9.983E-07  8.104E-07  6.310E-07  4.641E-07  3.160E-07
  9.120E-07  7.457E-07  5.867E-07  4.386E-07  3.071E-07
  5.978E-07  4.989E-07  4.083E-07  3.277E-07  2.578E-07
  7.446E-07  6.200E-07  5.015E-07  3.914E-07  2.927E-07
  1.073E-06  8.737E-07  6.836E-07  5.073E-07  3.516E-07
  5.838E-07  4.965E-07  4.165E-07  3.445E-07  2.792E-07
  4.259E-07  3.798E-07  3.373E-07  2.976E-07  2.587E-07
  4.339E-07  3.839E-07  3.386E-07  2.976E-07  2.597E-07
  5.093E-07  4.513E-07  3.962E-07  3.431E-07  2.903E-07
  6.215E-07  5.480E-07  4.748E-07  4.016E-07  3.270E-07
  1.081E-06  9.332E-07  7.798E-07  6.201E-07  4.525E-07
  9.710E-07  8.313E-07  6.909E-07  5.501E-07  4.095E-07
  1.290E-06  1.087E-06  8.840E-07  6.812E-07  4.803E-07
  1.183E-06  9.927E-07  8.054E-07  6.233E-07  4.485E-07
  1.081E-06  9.092E-07  7.425E-07  5.823E-07  4.304E-07
  9.123E-07  7.739E-07  6.417E-07  5.170E-07  4.005E-07
  8.552E-07  7.325E-07  6.149E-07  5.036E-07  3.989E-07
  1.175E-06  9.852E-07  8.026E-07  6.288E-07  4.662E-07
  1.904E-06  1.599E-06  1.288E-06  9.728E-07  6.569E-07
  2.603E-06  2.186E-06  1.756E-06  1.311E-06  8.527E-07
  3.215E-06  2.710E-06  2.182E-06  1.628E-06  1.042E-06
  2.288E-06  1.932E-06  1.565E-06  1.188E-06  7.992E-07
  2.613E-06  2.199E-06  1.773E-06  1.333E-06  8.809E-07
  2.969E-06  2.501E-06  2.017E-06  1.514E-06  9.883E-07
  2.349E-06  1.988E-06  1.617E-06  1.234E-06  8.387E-07
  2.784E-06  2.353E-06  1.906E-06  1.443E-06  9.596E-07
  2.098E-06  1.779E-06  1.455E-06  1.123E-06  7.850E-07
  1.928E-06  1.622E-06  1.316E-06  1.015E-06  7.233E-07
  2.210E-06  1.862E-06  1.510E-06  1.158E-06  8.076E-07
  1.284E-06  1.109E-06  9.377E-07  7.708E-07  6.079E-07
  1.737E-06  1.480E-06  1.225E-06  9.710E-07  7.202E-07
  2.270E-06  1.921E-06  1.568E-06  1.211E-06  8.534E-07
  2.420E-06  2.039E-06  1.656E-06  1.273E-06  8.923E-07
  1.433E-06  1.243E-06  1.057E-06  8.753E-07  6.927E-07
  6.765E-07  6.416E-07  6.066E-07  5.710E-07  5.340E-07
  7.980E-07  7.408E-07  6.843E-07  6.279E-07  5.702E-07
  2.279E-06  1.919E-06  1.565E-06  1.220E-06  8.853E-07
  3.365E-06  2.820E-06  2.266E-06  1.707E-06  1.149E-06
  3.262E-06  2.747E-06  2.222E-06  1.688E-06  1.152E-06
  2.406E-06  2.036E-06  1.670E-06  1.313E-06  9.656E-07
  1.284E-06  1.145E-06  1.011E-06  8.793E-07  7.478E-07
  3.258E-06  2.746E-06  2.225E-06  1.702E-06  1.182E-06
  4.027E-06  3.425E-06  2.796E-06  2.133E-06  1.437E-06
  3.641E-06  3.112E-06  2.560E-06  1.982E-06  1.371E-06
  4.182E-06  3.584E-06  2.951E-06  2.276E-06  1.547E-06
  5.223E-06  4.476E-06  3.680E-06  2.819E-06  1.875E-06
  4.817E-06  4.143E-06  3.425E-06  2.652E-06  1.803E-06
  4.798E-06  4.126E-06  3.412E-06  2.645E-06  1.807E-06
  5.265E-06  4.527E-06  3.742E-06  2.895E-06  1.966E-06
  5.290E-06  4.558E-06  3.778E-06  2.937E-06  2.012E-06
  5.599E-06  4.824E-06  3.996E-06  3.100E-06  2.114E-06
  5.796E-06  5.013E-06  4.172E-06  3.257E-06  2.236E-06
  6.124E-06  5.299E-06  4.412E-06  3.443E-06  2.361E-06
  6.312E-06  5.458E-06  4.542E-06  3.548E-06  2.439E-06
  6.321E-06  5.467E-06  4.553E-06  3.564E-06  2.468E-06
  6.668E-06  5.794E-06  4.853E-06  3.822E-06  2.659E-06
  6.771E-06  5.872E-06  4.905E-06  3.848E-06  2.666E-06
  6.602E-06  5.731E-06  4.800E-06  3.790E-06  2.664E-06
  7.063E-06  6.142E-06  5.152E-06  4.072E-06  2.857E-06
  6.571E-06  5.728E-06  4.824E-06  3.839E-06  2.737E-06
  7.294E-06  6.368E-06  5.365E-06  4.260E-06  3.006E-06
  6.498E-06  5.676E-06  4.795E-06  3.836E-06  2.765E-06
  7.896E-06  6.935E-06  5.885E-06  4.712E-06  3.350E-06
  8.935E-06  7.859E-06  6.673E-06  5.336E-06  3.762E-06
  8.865E-06  7.796E-06  6.622E-06  5.303E-06  3.760E-06
  8.974E-06  7.870E-06  6.665E-06  5.322E-06  3.769E-06
  9.069E-06  7.972E-06  6.771E-06  5.428E-06  3.866E-06
  9.101E-06  8.003E-06  6.800E-06  5.453E-06  3.890E-06
  8.062E-06  7.064E-06  5.990E-06  4.820E-06  3.508E-06
  8.977E-06  7.886E-06  6.698E-06  5.380E-06  3.873E-06
  9.167E-06  8.081E-06  6.892E-06  5.564E-06  4.028E-06
  9.507E-06  8.395E-06  7.176E-06  5.809E-06  4.216E-06
  9.815E-06  8.694E-06  7.458E-06  6.062E-06  4.416E-06
  1.010E-05  8.956E-06  7.692E-06  6.259E-06  4.562E-06
  1.066E-05  9.466E-06  8.146E-06  6.640E-06  4.838E-06
  1.111E-05  9.883E-06  8.519E-06  6.957E-06  5.074E-06
  1.076E-05  9.588E-06  8.286E-06  6.796E-06  4.999E-06
  1.208E-05  1.077E-05  9.301E-06  7.605E-06  5.535E-06
  1.044E-05  9.294E-06  8.023E-06  6.583E-06  4.876E-06
  1.053E-05  9.397E-06  8.141E-06  6.711E-06  5.007E-06
  1.116E-05  9.981E-06  8.671E-06  7.170E-06  5.356E-06
  1.138E-05  1.019E-05  8.865E-06  7.344E-06  5.502E-06
  1.154E-05  1.033E-05  8.978E-06  7.432E-06  5.564E-06
  1.274E-05  1.139E-05  9.887E-06  8.150E-06  6.035E-06
  1.294E-05  1.159E-05  1.008E-05  8.332E-06  6.189E-06
  1.281E-05  1.148E-05  9.991E-06  8.277E-06  6.187E-06
  1.332E-05  1.198E-05  1.046E-05  8.698E-06  6.507E-06
  1.178E-05  1.060E-05  9.261E-06  7.721E-06  5.853E-06
  1.276E-05  1.144E-05  9.955E-06  8.246E-06  6.185E-06
  1.428E-05  1.281E-05  1.114E-05  9.206E-06  6.831E-06
  1.496E-05  1.334E-05  1.153E-05  9.459E-06  6.968E-06
  1.562E-05  1.387E-05  1.194E-05  9.735E-06  7.121E-06
  1.181E-05  1.055E-05  9.184E-06  7.660E-06  5.902E-06
  1.530E-05  1.350E-05  1.154E-05  9.349E-06  6.835E-06
  1.557E-05  1.370E-05  1.166E-05  9.415E-06  6.871E-06
  1.526E-05  1.366E-05  1.185E-05  9.765E-06  7.286E-06
  1.668E-05  1.480E-05  1.274E-05  1.044E-05  7.746E-06
  1.063E-05  9.523E-06  8.350E-06  7.089E-06  5.686E-06
  1.586E-05  1.406E-05  1.211E-05  9.950E-06  7.469E-06
  1.198E-05  1.076E-05  9.428E-06  7.964E-06  6.296E-06
  1.912E-05  1.704E-05  1.474E-05  1.212E-05  8.984E-06
  2.011E-05  1.793E-05  1.553E-05  1.279E-05  9.481E-06
  2.031E-05  1.812E-05  1.569E-05  1.293E-05  9.591E-06
  2.004E-05  1.790E-05  1.553E-05  1.283E-05  9.573E-06
  2.006E-05  1.792E-05  1.555E-05  1.286E-05  9.608E-06
  2.158E-05  1.939E-05  1.693E-05  1.405E-05  1.049E-05
  2.078E-05  1.885E-05  1.663E-05  1.398E-05  1.058E-05
  2.198E-05  1.969E-05  1.714E-05  1.420E-05  1.060E-05
  2.248E-05  2.014E-05  1.753E-05  1.452E-05  1.083E-05
  2.265E-05  2.030E-05  1.768E-05  1.466E-05  1.095E-05
  2.234E-05  2.002E-05  1.744E-05  1.448E-05  1.087E-05
  2.258E-05  2.025E-05  1.766E-05  1.470E-05  1.107E-05
  2.190E-05  1.968E-05  1.722E-05  1.439E-05  1.094E-05
  2.267E-05  2.033E-05  1.773E-05  1.476E-05  1.117E-05
  2.221E-05  1.991E-05  1.736E-05  1.447E-05  1.099E-05
  2.124E-05  1.902E-05  1.659E-05  1.386E-05  1.062E-05
  1.922E-05  1.719E-05  1.500E-05  1.258E-05  9.800E-06
  2.361E-05  2.134E-05  1.877E-05  1.576E-05  1.202E-05
  2.274E-05  2.067E-05  1.829E-05  1.547E-05  1.190E-05
  2.517E-05  2.264E-05  1.982E-05  1.656E-05  1.255E-05
  2.408E-05  2.165E-05  1.895E-05  1.587E-05  1.212E-05
  2.501E-05  2.256E-05  1.982E-05  1.664E-05  1.272E-05
  2.585E-05  2.337E-05  2.059E-05  1.735E-05  1.328E-05
  2.584E-05  2.338E-05  2.062E-05  1.740E-05  1.337E-05
  2.668E-05  2.418E-05  2.135E-05  1.804E-05  1.387E-05
  2.706E-05  2.453E-05  2.168E-05  1.833E-05  1.411E-05
  2.873E-05  2.607E-05  2.306E-05  1.950E-05  1.497E-05
  2.730E-05  2.478E-05  2.194E-05  1.860E-05  1.438E-05
  2.800E-05  2.543E-05  2.252E-05  1.910E-05  1.475E-05
  2.932E-05  2.664E-05  2.359E-05  2.000E-05  1.541E-05
  2.848E-05  2.588E-05  2.295E-05  1.950E-05  1.510E-05
  2.921E-05  2.657E-05  2.357E-05  2.004E-05  1.552E-05
  2.914E-05  2.652E-05  2.354E-05  2.003E-05  1.554E-05
  2.960E-05  2.695E-05  2.394E-05  2.038E-05  1.582E-05
  3.029E-05  2.758E-05  2.450E-05  2.085E-05  1.617E-05
  3.016E-05  2.749E-05  2.445E-05  2.085E-05  1.622E-05
  2.948E-05  2.691E-05  2.398E-05  2.051E-05  1.604E-05
  3.074E-05  2.803E-05  2.495E-05  2.130E-05  1.659E-05
  3.115E-05  2.843E-05  2.533E-05  2.165E-05  1.689E-05
  3.134E-05  2.862E-05  2.551E-05  2.182E-05  1.706E-05
  3.150E-05  2.878E-05  2.567E-05  2.197E-05  1.719E-05
  3.162E-05  2.888E-05  2.577E-05  2.205E-05  1.727E-05
  3.207E-05  2.933E-05  2.620E-05  2.245E-05  1.759E-05
  3.103E-05  2.851E-05  2.557E-05  2.202E-05  1.737E-05
  2.823E-05  2.614E-05  2.368E-05  2.066E-05  1.661E-05
  3.176E-05  2.910E-05  2.605E-05  2.241E-05  1.769E-05
  3.195E-05  2.926E-05  2.620E-05  2.254E-05  1.781E-05
  3.169E-05  2.905E-05  2.604E-05  2.244E-05  1.779E-05
  3.262E-05  2.992E-05  2.683E-05  2.314E-05  1.833E-05
  3.319E-05  3.043E-05  2.727E-05  2.349E-05  1.857E-05
  3.195E-05  2.932E-05  2.632E-05  2.273E-05  1.808E-05
  3.133E-05  2.876E-05  2.584E-05  2.236E-05  1.786E-05
  3.280E-05  3.010E-05  2.701E-05  2.333E-05  1.856E-05
  3.290E-05  3.023E-05  2.716E-05  2.350E-05  1.873E-05
  3.395E-05  3.119E-05  2.803E-05  2.423E-05  1.927E-05
  3.347E-05  3.075E-05  2.764E-05  2.392E-05  1.907E-05
  3.397E-05  3.122E-05  2.807E-05  2.430E-05  1.937E-05
  3.370E-05  3.098E-05  2.786E-05  2.413E-05  1.927E-05
  3.320E-05  3.055E-05  2.750E-05  2.386E-05  1.913E-05
  3.146E-05  2.899E-05  2.617E-05  2.281E-05  1.847E-05
  3.174E-05  2.926E-05  2.642E-05  2.304E-05  1.868E-05
  3.370E-05  3.105E-05  2.802E-05  2.438E-05  1.963E-05
  3.422E-05  3.154E-05  2.845E-05  2.475E-05  1.991E-05
  3.510E-05  3.234E-05  2.916E-05  2.535E-05  2.036E-05
  3.275E-05  3.022E-05  2.733E-05  2.388E-05  1.938E-05
  3.525E-05  3.251E-05  2.936E-05  2.557E-05  2.060E-05
  3.598E-05  3.320E-05  3.000E-05  2.613E-05  2.104E-05
  3.415E-05  3.154E-05  2.855E-05  2.495E-05  2.024E-05
  3.581E-05  3.307E-05  2.991E-05  2.611E-05  2.110E-05
  3.590E-05  3.318E-05  3.004E-05  2.624E-05  2.124E-05
  3.598E-05  3.325E-05  3.010E-05  2.630E-05  2.129E-05
  3.537E-05  3.271E-05  2.965E-05  2.596E-05  2.109E-05
  3.624E-05  3.351E-05  3.035E-05  2.654E-05  2.152E-05
  3.689E-05  3.413E-05  3.094E-05  2.709E-05  2.198E-05
  3.672E-05  3.397E-05  3.080E-05  2.697E-05  2.190E-05
  3.681E-05  3.405E-05  3.087E-05  2.703E-05  2.196E-05
  3.710E-05  3.432E-05  3.112E-05  2.725E-05  2.214E-05
  3.727E-05  3.451E-05  3.132E-05  2.746E-05  2.234E-05
  3.782E-05  3.502E-05  3.179E-05  2.786E-05  2.266E-05
  3.730E-05  3.456E-05  3.140E-05  2.758E-05  2.251E-05
  3.711E-05  3.439E-05  3.126E-05  2.746E-05  2.245E-05
  3.776E-05  3.502E-05  3.185E-05  2.800E-05  2.289E-05
  3.823E-05  3.544E-05  3.221E-05  2.830E-05  2.310E-05
  3.830E-05  3.551E-05  3.229E-05  2.837E-05  2.318E-05
  3.794E-05  3.519E-05  3.201E-05  2.816E-05  2.306E-05
  3.844E-05  3.567E-05  3.246E-05  2.857E-05  2.340E-05
  3.825E-05  3.550E-05  3.232E-05  2.846E-05  2.334E-05
  3.962E-05  3.680E-05  3.351E-05  2.950E-05  2.415E-05
  3.911E-05  3.633E-05  3.309E-05  2.916E-05  2.391E-05
  3.949E-05  3.669E-05  3.344E-05  2.947E-05  2.418E-05
  3.920E-05  3.641E-05  3.317E-05  2.924E-05  2.401E-05
  3.973E-05  3.692E-05  3.367E-05  2.970E-05  2.439E-05
  4.011E-05  3.730E-05  3.403E-05  3.004E-05  2.468E-05
  3.977E-05  3.699E-05  3.376E-05  2.982E-05  2.455E-05
  3.999E-05  3.721E-05  3.397E-05  3.002E-05  2.473E-05
  3.862E-05  3.595E-05  3.285E-05  2.909E-05  2.409E-05
  4.014E-05  3.736E-05  3.413E-05  3.019E-05  2.490E-05
  4.025E-05  3.747E-05  3.424E-05  3.029E-05  2.501E-05
  4.047E-05  3.769E-05  3.444E-05  3.048E-05  2.517E-05
  4.062E-05  3.784E-05  3.460E-05  3.064E-05  2.533E-05
  4.058E-05  3.780E-05  3.457E-05  3.063E-05  2.533E-05
  4.039E-05  3.764E-05  3.444E-05  3.053E-05  2.529E-05
  4.053E-05  3.780E-05  3.461E-05  3.071E-05  2.547E-05
  4.115E-05  3.837E-05  3.513E-05  3.117E-05  2.582E-05
  4.121E-05  3.843E-05  3.519E-05  3.122E-05  2.589E-05
  4.091E-05  3.815E-05  3.493E-05  3.100E-05  2.572E-05
  4.080E-05  3.807E-05  3.488E-05  3.098E-05  2.574E-05
  4.014E-05  3.747E-05  3.436E-05  3.056E-05  2.547E-05
  4.050E-05  3.781E-05  3.468E-05  3.085E-05  2.571E-05
  4.000E-05  3.736E-05  3.428E-05  3.053E-05  2.551E-05
  4.130E-05  3.857E-05  3.539E-05  3.149E-05  2.623E-05
  4.152E-05  3.878E-05  3.559E-05  3.167E-05  2.639E-05
  4.109E-05  3.839E-05  3.524E-05  3.138E-05  2.619E-05
  4.043E-05  3.779E-05  3.471E-05  3.095E-05  2.590E-05
  4.169E-05  3.896E-05  3.577E-05  3.186E-05  2.660E-05
  4.190E-05  3.916E-05  3.597E-05  3.205E-05  2.676E-05
  4.132E-05  3.864E-05  3.551E-05  3.167E-05  2.651E-05
  4.155E-05  3.886E-05  3.573E-05  3.188E-05  2.669E-05
  4.177E-05  3.908E-05  3.592E-05  3.206E-05  2.684E-05
  4.183E-05  3.913E-05  3.598E-05  3.212E-05  2.690E-05
  4.208E-05  3.939E-05  3.624E-05  3.236E-05  2.713E-05
  4.164E-05  3.899E-05  3.589E-05  3.209E-05  2.695E-05
  4.204E-05  3.937E-05  3.624E-05  3.241E-05  2.721E-05
  4.182E-05  3.918E-05  3.609E-05  3.229E-05  2.716E-05
  4.196E-05  3.931E-05  3.622E-05  3.241E-05  2.727E-05
  4.175E-05  3.913E-05  3.606E-05  3.230E-05  2.721E-05
  4.242E-05  3.976E-05  3.665E-05  3.281E-05  2.761E-05
  4.257E-05  3.993E-05  3.682E-05  3.298E-05  2.776E-05
  4.166E-05  3.923E-05  3.634E-05  3.270E-05  2.767E-05
  3.742E-05  3.558E-05  3.334E-05  3.047E-05  2.636E-05
  4.240E-05  3.982E-05  3.678E-05  3.302E-05  2.787E-05
  4.293E-05  4.028E-05  3.716E-05  3.332E-05  2.809E-05
  4.291E-05  4.026E-05  3.714E-05  3.331E-05  2.810E-05
  4.299E-05  4.034E-05  3.723E-05  3.340E-05  2.819E-05
  4.280E-05  4.017E-05  3.709E-05  3.330E-05  2.814E-05
  4.324E-05  4.059E-05  3.748E-05  3.365E-05  2.842E-05
  4.297E-05  4.034E-05  3.725E-05  3.344E-05  2.828E-05
  4.328E-05  4.064E-05  3.755E-05  3.372E-05  2.853E-05
  4.317E-05  4.055E-05  3.747E-05  3.367E-05  2.850E-05
  4.326E-05  4.063E-05  3.755E-05  3.375E-05  2.858E-05
  4.330E-05  4.067E-05  3.759E-05  3.379E-05  2.863E-05
  4.325E-05  4.064E-05  3.757E-05  3.379E-05  2.865E-05
  4.348E-05  4.086E-05  3.779E-05  3.400E-05  2.884E-05
  4.314E-05  4.055E-05  3.751E-05  3.376E-05  2.867E-05
  4.345E-05  4.085E-05  3.779E-05  3.402E-05  2.889E-05
  4.358E-05  4.098E-05  3.792E-05  3.415E-05  2.901E-05
  4.355E-05  4.095E-05  3.791E-05  3.414E-05  2.902E-05
  4.360E-05  4.101E-05  3.797E-05  3.421E-05  2.909E-05
  4.363E-05  4.105E-05  3.801E-05  3.426E-05  2.914E-05
  4.371E-05  4.113E-05  3.810E-05  3.435E-05  2.923E-05
  4.379E-05  4.121E-05  3.817E-05  3.442E-05  2.930E-05
  4.319E-05  4.065E-05  3.767E-05  3.400E-05  2.899E-05
  4.366E-05  4.111E-05  3.810E-05  3.438E-05  2.930E-05
  4.384E-05  4.127E-05  3.826E-05  3.453E-05  2.945E-05
  4.376E-05  4.121E-05  3.821E-05  3.449E-05  2.943E-05
  4.377E-05  4.122E-05  3.822E-05  3.452E-05  2.947E-05
  4.382E-05  4.130E-05  3.833E-05  3.464E-05  2.959E-05
  4.367E-05  4.115E-05  3.819E-05  3.452E-05  2.951E-05
  4.362E-05  4.111E-05  3.816E-05  3.451E-05  2.952E-05
  4.366E-05  4.115E-05  3.821E-05  3.456E-05  2.958E-05
  4.321E-05  4.073E-05  3.781E-05  3.422E-05  2.933E-05
  4.370E-05  4.120E-05  3.827E-05  3.464E-05  2.967E-05
  4.378E-05  4.128E-05  3.834E-05  3.470E-05  2.973E-05
  4.400E-05  4.150E-05  3.856E-05  3.491E-05  2.991E-05
  4.404E-05  4.154E-05  3.859E-05  3.495E-05  2.995E-05
  4.350E-05  4.103E-05  3.814E-05  3.456E-05  2.967E-05
  4.395E-05  4.147E-05  3.854E-05  3.492E-05  2.996E-05
  4.393E-05  4.146E-05  3.855E-05  3.495E-05  3.001E-05
  4.418E-05  4.169E-05  3.876E-05  3.513E-05  3.015E-05
  4.423E-05  4.175E-05  3.883E-05  3.520E-05  3.023E-05
  4.371E-05  4.127E-05  3.840E-05  3.484E-05  2.998E-05
  4.343E-05  4.102E-05  3.819E-05  3.468E-05  2.988E-05
  4.383E-05  4.140E-05  3.853E-05  3.498E-05  3.012E-05
  4.398E-05  4.155E-05  3.868E-05  3.512E-05  3.024E-05
  4.425E-05  4.181E-05  3.893E-05  3.535E-05  3.043E-05
  4.408E-05  4.166E-05  3.880E-05  3.524E-05  3.037E-05
  4.418E-05  4.176E-05  3.889E-05  3.534E-05  3.045E-05
  4.428E-05  4.186E-05  3.899E-05  3.543E-05  3.054E-05
  4.444E-05  4.200E-05  3.913E-05  3.556E-05  3.065E-05
  4.426E-05  4.184E-05  3.899E-05  3.545E-05  3.058E-05
  4.431E-05  4.190E-05  3.905E-05  3.551E-05  3.064E-05
  4.424E-05  4.184E-05  3.900E-05  3.547E-05  3.063E-05
  4.444E-05  4.203E-05  3.919E-05  3.565E-05  3.079E-05
  4.437E-05  4.197E-05  3.914E-05  3.562E-05  3.078E-05
  4.382E-05  4.147E-05  3.869E-05  3.525E-05  3.052E-05
  4.435E-05  4.198E-05  3.917E-05  3.567E-05  3.086E-05
  4.420E-05  4.183E-05  3.903E-05  3.555E-05  3.077E-05
  4.435E-05  4.197E-05  3.916E-05  3.566E-05  3.086E-05
  4.409E-05  4.174E-05  3.896E-05  3.551E-05  3.077E-05
  4.435E-05  4.201E-05  3.923E-05  3.578E-05  3.100E-05
  4.459E-05  4.222E-05  3.941E-05  3.592E-05  3.110E-05
  4.450E-05  4.214E-05  3.935E-05  3.588E-05  3.109E-05
  4.429E-05  4.196E-05  3.920E-05  3.576E-05  3.102E-05
  4.437E-05  4.203E-05  3.927E-05  3.582E-05  3.107E-05
  4.463E-05  4.229E-05  3.951E-05  3.604E-05  3.125E-05
  4.462E-05  4.227E-05  3.950E-05  3.604E-05  3.126E-05
  4.446E-05  4.213E-05  3.937E-05  3.592E-05  3.117E-05
  4.396E-05  4.168E-05  3.898E-05  3.562E-05  3.098E-05
  4.416E-05  4.187E-05  3.915E-05  3.576E-05  3.108E-05
  4.463E-05  4.230E-05  3.955E-05  3.611E-05  3.135E-05
  4.470E-05  4.238E-05  3.962E-05  3.619E-05  3.143E-05
  4.443E-05  4.213E-05  3.940E-05  3.600E-05  3.130E-05
  4.446E-05  4.216E-05  3.944E-05  3.604E-05  3.134E-05
  4.432E-05  4.203E-05  3.932E-05  3.595E-05  3.129E-05
  4.462E-05  4.232E-05  3.959E-05  3.618E-05  3.147E-05
  4.427E-05  4.200E-05  3.930E-05  3.594E-05  3.129E-05
  4.458E-05  4.229E-05  3.958E-05  3.619E-05  3.150E-05
  4.473E-05  4.244E-05  3.972E-05  3.632E-05  3.161E-05
  4.465E-05  4.237E-05  3.966E-05  3.627E-05  3.158E-05
  4.464E-05  4.237E-05  3.966E-05  3.629E-05  3.161E-05
  4.386E-05  4.165E-05  3.903E-05  3.576E-05  3.125E-05
  4.407E-05  4.184E-05  3.920E-05  3.590E-05  3.135E-05
  4.410E-05  4.188E-05  3.925E-05  3.596E-05  3.141E-05
  4.433E-05  4.209E-05  3.944E-05  3.613E-05  3.154E-05
  4.466E-05  4.240E-05  3.973E-05  3.638E-05  3.174E-05
  4.460E-05  4.235E-05  3.968E-05  3.635E-05  3.172E-05
  4.420E-05  4.198E-05  3.934E-05  3.606E-05  3.151E-05
  4.406E-05  4.186E-05  3.926E-05  3.601E-05  3.150E-05
  4.432E-05  4.210E-05  3.948E-05  3.619E-05  3.163E-05
  4.454E-05  4.231E-05  3.966E-05  3.635E-05  3.176E-05
  4.415E-05  4.195E-05  3.935E-05  3.609E-05  3.157E-05
  4.455E-05  4.232E-05  3.969E-05  3.639E-05  3.181E-05
  4.418E-05  4.198E-05  3.937E-05  3.611E-05  3.161E-05
  4.422E-05  4.204E-05  3.945E-05  3.621E-05  3.172E-05
  4.414E-05  4.196E-05  3.938E-05  3.615E-05  3.168E-05
  4.387E-05  4.171E-05  3.915E-05  3.595E-05  3.152E-05
  4.254E-05  4.048E-05  3.805E-05  3.503E-05  3.087E-05
  4.369E-05  4.154E-05  3.899E-05  3.581E-05  3.142E-05
  3.897E-05  3.718E-05  3.508E-05  3.250E-05  2.901E-05
  4.446E-05  4.228E-05  3.969E-05  3.644E-05  3.192E-05
  4.398E-05  4.185E-05  3.931E-05  3.614E-05  3.173E-05
  4.393E-05  4.181E-05  3.929E-05  3.613E-05  3.174E-05
  4.442E-05  4.224E-05  3.966E-05  3.643E-05  3.195E-05
  4.403E-05  4.190E-05  3.936E-05  3.618E-05  3.176E-05
  3.957E-05  3.778E-05  3.568E-05  3.308E-05  2.951E-05
  4.367E-05  4.157E-05  3.907E-05  3.595E-05  3.162E-05
  4.418E-05  4.203E-05  3.948E-05  3.629E-05  3.187E-05
  4.407E-05  4.195E-05  3.943E-05  3.628E-05  3.189E-05
  4.307E-05  4.112E-05  3.879E-05  3.584E-05  3.166E-05
  4.423E-05  4.212E-05  3.961E-05  3.645E-05  3.204E-05
  4.418E-05  4.205E-05  3.951E-05  3.635E-05  3.195E-05
  4.365E-05  4.156E-05  3.907E-05  3.597E-05  3.168E-05
  4.407E-05  4.196E-05  3.946E-05  3.632E-05  3.196E-05
  4.395E-05  4.190E-05  3.945E-05  3.636E-05  3.201E-05
  4.270E-05  4.083E-05  3.858E-05  3.572E-05  3.165E-05
  4.426E-05  4.216E-05  3.965E-05  3.649E-05  3.211E-05
  4.429E-05  4.218E-05  3.967E-05  3.653E-05  3.215E-05
  4.389E-05  4.180E-05  3.932E-05  3.622E-05  3.191E-05
  4.410E-05  4.199E-05  3.949E-05  3.636E-05  3.201E-05
  4.418E-05  4.207E-05  3.956E-05  3.643E-05  3.208E-05
  4.423E-05  4.214E-05  3.964E-05  3.651E-05  3.215E-05
  4.220E-05  4.039E-05  3.821E-05  3.543E-05  3.148E-05
  4.371E-05  4.174E-05  3.936E-05  3.634E-05  3.208E-05
  4.435E-05  4.225E-05  3.976E-05  3.664E-05  3.228E-05
  4.373E-05  4.169E-05  3.926E-05  3.622E-05  3.198E-05
  4.304E-05  4.105E-05  3.869E-05  3.573E-05  3.162E-05
  4.363E-05  4.158E-05  3.915E-05  3.611E-05  3.189E-05
  4.418E-05  4.210E-05  3.962E-05  3.653E-05  3.222E-05
  4.413E-05  4.205E-05  3.958E-05  3.648E-05  3.216E-05
  4.408E-05  4.201E-05  3.954E-05  3.645E-05  3.214E-05
  4.419E-05  4.212E-05  3.966E-05  3.657E-05  3.225E-05
  4.352E-05  4.152E-05  3.914E-05  3.613E-05  3.193E-05
  4.171E-05  4.007E-05  3.806E-05  3.544E-05  3.163E-05
  4.314E-05  4.119E-05  3.887E-05  3.593E-05  3.181E-05
  4.373E-05  4.171E-05  3.931E-05  3.630E-05  3.208E-05
  4.395E-05  4.191E-05  3.947E-05  3.642E-05  3.216E-05
  4.404E-05  4.199E-05  3.955E-05  3.650E-05  3.223E-05
  4.393E-05  4.189E-05  3.947E-05  3.643E-05  3.219E-05
  4.391E-05  4.187E-05  3.945E-05  3.642E-05  3.218E-05
  4.387E-05  4.184E-05  3.942E-05  3.639E-05  3.216E-05
  4.388E-05  4.186E-05  3.944E-05  3.642E-05  3.219E-05
  4.259E-05  4.068E-05  3.841E-05  3.556E-05  3.159E-05
  4.360E-05  4.161E-05  3.923E-05  3.625E-05  3.208E-05
  4.342E-05  4.143E-05  3.906E-05  3.609E-05  3.196E-05
  4.382E-05  4.181E-05  3.942E-05  3.641E-05  3.221E-05
  4.389E-05  4.188E-05  3.949E-05  3.648E-05  3.227E-05
  4.373E-05  4.174E-05  3.937E-05  3.638E-05  3.220E-05
  4.353E-05  4.160E-05  3.928E-05  3.633E-05  3.218E-05
  4.134E-05  3.981E-05  3.791E-05  3.541E-05  3.173E-05
  4.345E-05  4.151E-05  3.919E-05  3.625E-05  3.212E-05
  4.371E-05  4.173E-05  3.938E-05  3.641E-05  3.225E-05
  4.342E-05  4.147E-05  3.914E-05  3.620E-05  3.210E-05
  4.324E-05  4.130E-05  3.899E-05  3.608E-05  3.202E-05
  4.334E-05  4.138E-05  3.906E-05  3.613E-05  3.205E-05
  4.318E-05  4.124E-05  3.894E-05  3.604E-05  3.198E-05
  4.346E-05  4.152E-05  3.919E-05  3.627E-05  3.217E-05
  4.351E-05  4.155E-05  3.922E-05  3.628E-05  3.217E-05
  4.351E-05  4.156E-05  3.923E-05  3.629E-05  3.219E-05
  4.323E-05  4.130E-05  3.900E-05  3.610E-05  3.205E-05
  4.335E-05  4.141E-05  3.910E-05  3.619E-05  3.212E-05
  4.329E-05  4.135E-05  3.904E-05  3.613E-05  3.207E-05
  4.340E-05  4.147E-05  3.916E-05  3.626E-05  3.219E-05
  4.331E-05  4.138E-05  3.908E-05  3.619E-05  3.214E-05
  4.331E-05  4.139E-05  3.910E-05  3.622E-05  3.217E-05
  4.316E-05  4.125E-05  3.897E-05  3.611E-05  3.209E-05
  4.307E-05  4.118E-05  3.892E-05  3.607E-05  3.207E-05
  4.301E-05  4.112E-05  3.887E-05  3.603E-05  3.204E-05
  4.327E-05  4.137E-05  3.909E-05  3.622E-05  3.219E-05
  4.325E-05  4.135E-05  3.908E-05  3.621E-05  3.219E-05
  4.323E-05  4.133E-05  3.906E-05  3.621E-05  3.219E-05
  4.316E-05  4.127E-05  3.901E-05  3.616E-05  3.215E-05
  4.282E-05  4.102E-05  3.885E-05  3.607E-05  3.213E-05
  4.214E-05  4.043E-05  3.837E-05  3.572E-05  3.193E-05
  4.289E-05  4.103E-05  3.882E-05  3.602E-05  3.207E-05
  4.263E-05  4.080E-05  3.860E-05  3.584E-05  3.194E-05
  4.275E-05  4.091E-05  3.871E-05  3.593E-05  3.201E-05
  4.281E-05  4.097E-05  3.877E-05  3.600E-05  3.208E-05
  4.250E-05  4.068E-05  3.851E-05  3.577E-05  3.191E-05
  4.248E-05  4.067E-05  3.850E-05  3.577E-05  3.192E-05
  4.254E-05  4.073E-05  3.857E-05  3.584E-05  3.198E-05
  4.219E-05  4.042E-05  3.830E-05  3.561E-05  3.182E-05
  4.233E-05  4.055E-05  3.842E-05  3.572E-05  3.190E-05
  4.213E-05  4.037E-05  3.826E-05  3.559E-05  3.182E-05
  4.201E-05  4.026E-05  3.817E-05  3.552E-05  3.177E-05
  4.138E-05  3.969E-05  3.767E-05  3.511E-05  3.148E-05
  4.172E-05  4.000E-05  3.794E-05  3.533E-05  3.163E-05
  4.159E-05  3.988E-05  3.783E-05  3.524E-05  3.157E-05
  4.121E-05  3.953E-05  3.752E-05  3.498E-05  3.138E-05
  4.128E-05  3.960E-05  3.759E-05  3.504E-05  3.142E-05
  4.028E-05  3.884E-05  3.706E-05  3.474E-05  3.133E-05
  4.092E-05  3.930E-05  3.735E-05  3.485E-05  3.128E-05
  4.136E-05  3.968E-05  3.765E-05  3.509E-05  3.143E-05
  4.148E-05  3.979E-05  3.776E-05  3.518E-05  3.150E-05
  4.129E-05  3.962E-05  3.760E-05  3.505E-05  3.141E-05
  4.114E-05  3.948E-05  3.749E-05  3.496E-05  3.135E-05
  4.122E-05  3.956E-05  3.756E-05  3.502E-05  3.140E-05
  4.071E-05  3.909E-05  3.715E-05  3.468E-05  3.115E-05
  4.079E-05  3.917E-05  3.723E-05  3.475E-05  3.121E-05
  4.079E-05  3.917E-05  3.722E-05  3.473E-05  3.119E-05
  4.050E-05  3.891E-05  3.699E-05  3.455E-05  3.106E-05
  4.086E-05  3.925E-05  3.730E-05  3.482E-05  3.126E-05
  4.077E-05  3.916E-05  3.723E-05  3.476E-05  3.122E-05
  4.056E-05  3.896E-05  3.704E-05  3.459E-05  3.109E-05
  4.019E-05  3.863E-05  3.676E-05  3.436E-05  3.093E-05
  4.015E-05  3.860E-05  3.673E-05  3.435E-05  3.092E-05
  4.049E-05  3.892E-05  3.702E-05  3.459E-05  3.110E-05
  3.987E-05  3.835E-05  3.652E-05  3.418E-05  3.080E-05
  3.983E-05  3.831E-05  3.647E-05  3.413E-05  3.076E-05
  3.974E-05  3.822E-05  3.640E-05  3.407E-05  3.071E-05
  4.022E-05  3.867E-05  3.681E-05  3.442E-05  3.097E-05
  3.936E-05  3.788E-05  3.609E-05  3.380E-05  3.050E-05
  3.967E-05  3.817E-05  3.636E-05  3.404E-05  3.069E-05
  3.946E-05  3.797E-05  3.618E-05  3.388E-05  3.057E-05
  3.960E-05  3.811E-05  3.630E-05  3.399E-05  3.064E-05
  3.979E-05  3.829E-05  3.647E-05  3.414E-05  3.075E-05
  3.969E-05  3.820E-05  3.639E-05  3.407E-05  3.071E-05
  3.948E-05  3.800E-05  3.622E-05  3.392E-05  3.060E-05
  3.948E-05  3.801E-05  3.622E-05  3.393E-05  3.059E-05
  3.940E-05  3.793E-05  3.615E-05  3.386E-05  3.054E-05
  3.926E-05  3.780E-05  3.603E-05  3.376E-05  3.046E-05
  3.930E-05  3.784E-05  3.608E-05  3.381E-05  3.050E-05
  3.914E-05  3.770E-05  3.595E-05  3.369E-05  3.041E-05
  3.902E-05  3.759E-05  3.585E-05  3.362E-05  3.036E-05
  3.894E-05  3.752E-05  3.580E-05  3.357E-05  3.032E-05
  3.883E-05  3.741E-05  3.569E-05  3.347E-05  3.023E-05
  3.887E-05  3.746E-05  3.574E-05  3.352E-05  3.028E-05
  3.873E-05  3.737E-05  3.569E-05  3.350E-05  3.028E-05
  3.655E-05  3.550E-05  3.417E-05  3.237E-05  2.959E-05
  3.851E-05  3.715E-05  3.548E-05  3.331E-05  3.011E-05
  3.844E-05  3.706E-05  3.538E-05  3.320E-05  3.002E-05
  3.848E-05  3.710E-05  3.543E-05  3.326E-05  3.007E-05
  3.829E-05  3.692E-05  3.525E-05  3.310E-05  2.993E-05
  3.833E-05  3.697E-05  3.530E-05  3.315E-05  2.998E-05
  3.798E-05  3.664E-05  3.500E-05  3.289E-05  2.978E-05
  3.788E-05  3.654E-05  3.492E-05  3.282E-05  2.973E-05
  3.809E-05  3.674E-05  3.510E-05  3.298E-05  2.985E-05
  3.780E-05  3.646E-05  3.484E-05  3.274E-05  2.965E-05
  3.784E-05  3.651E-05  3.490E-05  3.280E-05  2.971E-05
  3.773E-05  3.641E-05  3.481E-05  3.272E-05  2.964E-05
  3.777E-05  3.645E-05  3.485E-05  3.277E-05  2.968E-05
  3.767E-05  3.636E-05  3.477E-05  3.269E-05  2.962E-05
  3.758E-05  3.628E-05  3.470E-05  3.264E-05  2.959E-05
  3.731E-05  3.602E-05  3.446E-05  3.242E-05  2.940E-05
  3.735E-05  3.607E-05  3.450E-05  3.245E-05  2.942E-05
  3.724E-05  3.597E-05  3.441E-05  3.238E-05  2.938E-05
  3.708E-05  3.583E-05  3.429E-05  3.229E-05  2.932E-05
  3.708E-05  3.582E-05  3.429E-05  3.229E-05  2.930E-05
  3.705E-05  3.580E-05  3.427E-05  3.227E-05  2.929E-05
  3.704E-05  3.579E-05  3.426E-05  3.226E-05  2.927E-05
  3.691E-05  3.568E-05  3.417E-05  3.219E-05  2.923E-05
  3.682E-05  3.559E-05  3.409E-05  3.212E-05  2.918E-05
  3.664E-05  3.542E-05  3.392E-05  3.197E-05  2.905E-05
  3.669E-05  3.548E-05  3.398E-05  3.203E-05  2.909E-05
  3.641E-05  3.521E-05  3.374E-05  3.181E-05  2.891E-05
  3.656E-05  3.536E-05  3.388E-05  3.194E-05  2.903E-05
  3.618E-05  3.499E-05  3.354E-05  3.164E-05  2.878E-05
  3.592E-05  3.475E-05  3.331E-05  3.143E-05  2.862E-05
  3.623E-05  3.505E-05  3.360E-05  3.169E-05  2.883E-05
  3.628E-05  3.510E-05  3.366E-05  3.176E-05  2.888E-05
  3.545E-05  3.432E-05  3.294E-05  3.112E-05  2.838E-05
  3.604E-05  3.488E-05  3.346E-05  3.158E-05  2.874E-05
  3.556E-05  3.443E-05  3.305E-05  3.122E-05  2.847E-05
  3.574E-05  3.461E-05  3.321E-05  3.137E-05  2.858E-05
  3.567E-05  3.454E-05  3.315E-05  3.131E-05  2.853E-05
  3.566E-05  3.453E-05  3.314E-05  3.131E-05  2.853E-05
  3.530E-05  3.419E-05  3.283E-05  3.103E-05  2.830E-05
  3.526E-05  3.416E-05  3.280E-05  3.101E-05  2.829E-05
  3.529E-05  3.419E-05  3.283E-05  3.104E-05  2.831E-05
  3.466E-05  3.360E-05  3.229E-05  3.057E-05  2.796E-05
  3.536E-05  3.426E-05  3.291E-05  3.112E-05  2.839E-05
  3.509E-05  3.401E-05  3.267E-05  3.091E-05  2.822E-05
  3.444E-05  3.339E-05  3.211E-05  3.041E-05  2.783E-05
  3.452E-05  3.347E-05  3.218E-05  3.047E-05  2.787E-05
  3.491E-05  3.384E-05  3.253E-05  3.078E-05  2.812E-05
  3.491E-05  3.385E-05  3.254E-05  3.080E-05  2.814E-05
  3.457E-05  3.352E-05  3.223E-05  3.053E-05  2.792E-05
  3.469E-05  3.364E-05  3.236E-05  3.065E-05  2.803E-05
  3.454E-05  3.351E-05  3.223E-05  3.053E-05  2.793E-05
  3.446E-05  3.344E-05  3.217E-05  3.049E-05  2.791E-05
  3.437E-05  3.335E-05  3.210E-05  3.043E-05  2.787E-05
  3.432E-05  3.331E-05  3.206E-05  3.040E-05  2.784E-05
  3.413E-05  3.312E-05  3.188E-05  3.023E-05  2.769E-05
  3.397E-05  3.297E-05  3.173E-05  3.009E-05  2.758E-05
  3.414E-05  3.315E-05  3.192E-05  3.029E-05  2.776E-05
  3.370E-05  3.271E-05  3.150E-05  2.989E-05  2.742E-05
  3.367E-05  3.270E-05  3.151E-05  2.993E-05  2.748E-05
  3.303E-05  3.209E-05  3.093E-05  2.938E-05  2.701E-05
  3.344E-05  3.248E-05  3.130E-05  2.972E-05  2.729E-05
  3.262E-05  3.169E-05  3.055E-05  2.904E-05  2.673E-05
  3.319E-05  3.225E-05  3.108E-05  2.953E-05  2.712E-05
  3.322E-05  3.228E-05  3.112E-05  2.957E-05  2.717E-05
  3.305E-05  3.213E-05  3.098E-05  2.946E-05  2.709E-05
  3.258E-05  3.169E-05  3.057E-05  2.909E-05  2.681E-05
  3.286E-05  3.194E-05  3.079E-05  2.927E-05  2.692E-05
  3.232E-05  3.145E-05  3.036E-05  2.892E-05  2.665E-05
  3.177E-05  3.093E-05  2.989E-05  2.850E-05  2.633E-05
  3.218E-05  3.129E-05  3.018E-05  2.871E-05  2.642E-05
  3.193E-05  3.105E-05  2.996E-05  2.850E-05  2.624E-05
  3.127E-05  3.046E-05  2.944E-05  2.808E-05  2.593E-05
  3.057E-05  2.980E-05  2.883E-05  2.754E-05  2.551E-05
  3.124E-05  3.039E-05  2.934E-05  2.793E-05  2.575E-05
  3.078E-05  2.994E-05  2.890E-05  2.751E-05  2.537E-05
  3.053E-05  2.970E-05  2.868E-05  2.732E-05  2.521E-05
  3.015E-05  2.934E-05  2.834E-05  2.700E-05  2.493E-05
  2.888E-05  2.821E-05  2.736E-05  2.622E-05  2.439E-05
  2.955E-05  2.878E-05  2.783E-05  2.655E-05  2.455E-05
  2.955E-05  2.876E-05  2.778E-05  2.648E-05  2.446E-05
  2.928E-05  2.850E-05  2.753E-05  2.625E-05  2.426E-05
  2.906E-05  2.828E-05  2.732E-05  2.604E-05  2.406E-05
  2.889E-05  2.812E-05  2.717E-05  2.591E-05  2.395E-05
  2.869E-05  2.793E-05  2.698E-05  2.573E-05  2.378E-05
  2.836E-05  2.762E-05  2.670E-05  2.547E-05  2.356E-05
  2.717E-05  2.656E-05  2.580E-05  2.475E-05  2.309E-05
  2.767E-05  2.699E-05  2.612E-05  2.496E-05  2.314E-05
  2.765E-05  2.693E-05  2.604E-05  2.485E-05  2.300E-05
  2.731E-05  2.659E-05  2.571E-05  2.454E-05  2.273E-05
  2.720E-05  2.650E-05  2.562E-05  2.446E-05  2.266E-05
  2.686E-05  2.617E-05  2.531E-05  2.417E-05  2.240E-05
  2.538E-05  2.486E-05  2.420E-05  2.329E-05  2.181E-05
  2.645E-05  2.578E-05  2.495E-05  2.385E-05  2.212E-05
  2.598E-05  2.531E-05  2.449E-05  2.339E-05  2.171E-05
  2.617E-05  2.549E-05  2.466E-05  2.356E-05  2.185E-05
  2.590E-05  2.524E-05  2.442E-05  2.333E-05  2.164E-05
  2.571E-05  2.506E-05  2.425E-05  2.317E-05  2.150E-05
  2.538E-05  2.474E-05  2.395E-05  2.290E-05  2.127E-05
  2.415E-05  2.366E-05  2.304E-05  2.218E-05  2.079E-05
  2.506E-05  2.444E-05  2.367E-05  2.264E-05  2.103E-05
  2.488E-05  2.426E-05  2.348E-05  2.245E-05  2.085E-05
  2.461E-05  2.399E-05  2.323E-05  2.221E-05  2.065E-05
  2.453E-05  2.391E-05  2.315E-05  2.214E-05  2.057E-05
  2.433E-05  2.372E-05  2.297E-05  2.197E-05  2.042E-05
  2.421E-05  2.361E-05  2.286E-05  2.187E-05  2.033E-05
  2.408E-05  2.349E-05  2.274E-05  2.176E-05  2.024E-05
  2.379E-05  2.320E-05  2.246E-05  2.149E-05  1.999E-05
  2.351E-05  2.292E-05  2.220E-05  2.125E-05  1.978E-05
  2.353E-05  2.295E-05  2.223E-05  2.127E-05  1.980E-05
  2.330E-05  2.273E-05  2.202E-05  2.107E-05  1.961E-05
  2.303E-05  2.247E-05  2.177E-05  2.085E-05  1.942E-05
  2.293E-05  2.237E-05  2.167E-05  2.075E-05  1.933E-05
  2.275E-05  2.220E-05  2.151E-05  2.059E-05  1.918E-05
  2.250E-05  2.195E-05  2.128E-05  2.038E-05  1.899E-05
  2.244E-05  2.190E-05  2.122E-05  2.033E-05  1.895E-05
  2.224E-05  2.170E-05  2.104E-05  2.015E-05  1.879E-05
  2.206E-05  2.153E-05  2.087E-05  2.000E-05  1.865E-05
  2.193E-05  2.140E-05  2.075E-05  1.989E-05  1.855E-05
  2.180E-05  2.128E-05  2.063E-05  1.977E-05  1.844E-05
  2.161E-05  2.110E-05  2.047E-05  1.962E-05  1.831E-05
  2.050E-05  2.012E-05  1.963E-05  1.896E-05  1.786E-05
  2.116E-05  2.067E-05  2.006E-05  1.925E-05  1.798E-05
  2.107E-05  2.057E-05  1.995E-05  1.914E-05  1.787E-05
  2.103E-05  2.053E-05  1.991E-05  1.909E-05  1.782E-05
  2.073E-05  2.025E-05  1.964E-05  1.884E-05  1.761E-05
  2.069E-05  2.020E-05  1.960E-05  1.880E-05  1.756E-05
  2.055E-05  2.006E-05  1.946E-05  1.866E-05  1.744E-05
  2.040E-05  1.992E-05  1.932E-05  1.853E-05  1.731E-05
  2.025E-05  1.977E-05  1.919E-05  1.840E-05  1.720E-05
  2.005E-05  1.959E-05  1.901E-05  1.824E-05  1.706E-05
  1.992E-05  1.946E-05  1.888E-05  1.811E-05  1.694E-05
  1.983E-05  1.937E-05  1.880E-05  1.804E-05  1.687E-05
  1.960E-05  1.915E-05  1.858E-05  1.784E-05  1.669E-05
  1.951E-05  1.906E-05  1.850E-05  1.775E-05  1.660E-05
  1.942E-05  1.897E-05  1.841E-05  1.767E-05  1.653E-05
  1.925E-05  1.880E-05  1.825E-05  1.752E-05  1.640E-05
  1.913E-05  1.869E-05  1.814E-05  1.741E-05  1.628E-05
  1.896E-05  1.852E-05  1.798E-05  1.726E-05  1.616E-05
  1.888E-05  1.845E-05  1.791E-05  1.720E-05  1.610E-05
  1.872E-05  1.829E-05  1.775E-05  1.704E-05  1.595E-05
  1.863E-05  1.820E-05  1.767E-05  1.697E-05  1.589E-05
  1.840E-05  1.797E-05  1.745E-05  1.676E-05  1.571E-05
  1.828E-05  1.786E-05  1.734E-05  1.665E-05  1.560E-05
  1.823E-05  1.782E-05  1.730E-05  1.662E-05  1.557E-05
  1.808E-05  1.767E-05  1.716E-05  1.649E-05  1.545E-05
  1.790E-05  1.750E-05  1.699E-05  1.632E-05  1.530E-05
  1.784E-05  1.743E-05  1.693E-05  1.626E-05  1.525E-05
  1.769E-05  1.729E-05  1.679E-05  1.614E-05  1.513E-05
  1.760E-05  1.720E-05  1.671E-05  1.605E-05  1.505E-05
  1.736E-05  1.697E-05  1.649E-05  1.585E-05  1.487E-05
  1.736E-05  1.697E-05  1.649E-05  1.585E-05  1.488E-05
  1.720E-05  1.681E-05  1.633E-05  1.570E-05  1.474E-05
  1.700E-05  1.662E-05  1.616E-05  1.554E-05  1.460E-05
  1.699E-05  1.661E-05  1.614E-05  1.552E-05  1.457E-05
  1.689E-05  1.651E-05  1.605E-05  1.543E-05  1.449E-05
  1.678E-05  1.641E-05  1.595E-05  1.534E-05  1.440E-05
  1.669E-05  1.632E-05  1.586E-05  1.525E-05  1.433E-05
  1.657E-05  1.620E-05  1.575E-05  1.515E-05  1.423E-05
  1.641E-05  1.605E-05  1.560E-05  1.501E-05  1.410E-05
  1.631E-05  1.595E-05  1.551E-05  1.492E-05  1.403E-05
  1.617E-05  1.581E-05  1.538E-05  1.480E-05  1.392E-05
  1.616E-05  1.580E-05  1.537E-05  1.479E-05  1.390E-05
  1.594E-05  1.559E-05  1.516E-05  1.458E-05  1.372E-05
  1.593E-05  1.558E-05  1.515E-05  1.458E-05  1.371E-05
  1.583E-05  1.549E-05  1.506E-05  1.450E-05  1.364E-05
  1.565E-05  1.532E-05  1.491E-05  1.436E-05  1.352E-05
  1.495E-05  1.470E-05  1.438E-05  1.394E-05  1.324E-05
  1.546E-05  1.514E-05  1.473E-05  1.419E-05  1.336E-05
  1.537E-05  1.504E-05  1.463E-05  1.408E-05  1.326E-05
  1.529E-05  1.496E-05  1.456E-05  1.402E-05  1.319E-05
  1.513E-05  1.481E-05  1.441E-05  1.388E-05  1.308E-05
  1.504E-05  1.473E-05  1.434E-05  1.382E-05  1.303E-05
  1.506E-05  1.474E-05  1.434E-05  1.381E-05  1.301E-05
  1.497E-05  1.465E-05  1.426E-05  1.373E-05  1.293E-05
  1.488E-05  1.456E-05  1.416E-05  1.364E-05  1.285E-05
  1.478E-05  1.446E-05  1.407E-05  1.355E-05  1.277E-05
  1.469E-05  1.437E-05  1.399E-05  1.347E-05  1.269E-05
  1.460E-05  1.429E-05  1.391E-05  1.340E-05  1.263E-05
  1.452E-05  1.421E-05  1.383E-05  1.333E-05  1.256E-05
  1.427E-05  1.398E-05  1.362E-05  1.314E-05  1.242E-05
  1.426E-05  1.397E-05  1.360E-05  1.312E-05  1.238E-05
  1.423E-05  1.393E-05  1.356E-05  1.307E-05  1.232E-05
  1.415E-05  1.385E-05  1.348E-05  1.299E-05  1.225E-05
  1.409E-05  1.379E-05  1.342E-05  1.293E-05  1.220E-05
  1.400E-05  1.370E-05  1.334E-05  1.285E-05  1.212E-05
  1.392E-05  1.362E-05  1.326E-05  1.278E-05  1.206E-05
  1.383E-05  1.354E-05  1.318E-05  1.270E-05  1.198E-05
  1.375E-05  1.346E-05  1.311E-05  1.264E-05  1.193E-05
  1.364E-05  1.335E-05  1.300E-05  1.254E-05  1.183E-05
  1.357E-05  1.329E-05  1.294E-05  1.248E-05  1.178E-05
  1.345E-05  1.318E-05  1.284E-05  1.239E-05  1.171E-05
  1.319E-05  1.294E-05  1.263E-05  1.221E-05  1.157E-05
  1.331E-05  1.304E-05  1.270E-05  1.226E-05  1.158E-05
  1.326E-05  1.298E-05  1.264E-05  1.220E-05  1.152E-05
  1.318E-05  1.290E-05  1.257E-05  1.212E-05  1.145E-05
  1.310E-05  1.283E-05  1.249E-05  1.205E-05  1.139E-05
  1.299E-05  1.272E-05  1.239E-05  1.196E-05  1.130E-05
  1.295E-05  1.268E-05  1.235E-05  1.192E-05  1.126E-05
  1.286E-05  1.259E-05  1.227E-05  1.184E-05  1.119E-05
  1.280E-05  1.253E-05  1.221E-05  1.178E-05  1.113E-05
  1.272E-05  1.246E-05  1.214E-05  1.172E-05  1.107E-05
  1.265E-05  1.239E-05  1.207E-05  1.165E-05  1.101E-05
  1.258E-05  1.232E-05  1.200E-05  1.158E-05  1.095E-05
  1.249E-05  1.223E-05  1.192E-05  1.150E-05  1.088E-05
  1.242E-05  1.216E-05  1.185E-05  1.144E-05  1.082E-05
  1.235E-05  1.210E-05  1.180E-05  1.139E-05  1.077E-05
  1.227E-05  1.202E-05  1.172E-05  1.132E-05  1.071E-05
  1.200E-05  1.178E-05  1.150E-05  1.113E-05  1.057E-05
  1.204E-05  1.182E-05  1.153E-05  1.116E-05  1.058E-05
  1.206E-05  1.182E-05  1.152E-05  1.113E-05  1.053E-05
  1.199E-05  1.174E-05  1.145E-05  1.106E-05  1.047E-05
  1.194E-05  1.170E-05  1.141E-05  1.102E-05  1.043E-05
  1.185E-05  1.161E-05  1.132E-05  1.093E-05  1.035E-05
  1.179E-05  1.155E-05  1.126E-05  1.088E-05  1.030E-05
  1.174E-05  1.150E-05  1.121E-05  1.083E-05  1.026E-05
  1.160E-05  1.137E-05  1.109E-05  1.072E-05  1.016E-05
  1.160E-05  1.136E-05  1.108E-05  1.071E-05  1.014E-05
  1.154E-05  1.131E-05  1.102E-05  1.065E-05  1.009E-05
  1.147E-05  1.125E-05  1.097E-05  1.060E-05  1.004E-05
  1.138E-05  1.116E-05  1.088E-05  1.051E-05  9.968E-06
  1.134E-05  1.111E-05  1.084E-05  1.047E-05  9.925E-06
  1.127E-05  1.105E-05  1.078E-05  1.042E-05  9.874E-06
  1.122E-05  1.100E-05  1.072E-05  1.036E-05  9.825E-06
  1.117E-05  1.094E-05  1.067E-05  1.032E-05  9.780E-06
  1.106E-05  1.084E-05  1.057E-05  1.022E-05  9.694E-06
  1.095E-05  1.073E-05  1.047E-05  1.012E-05  9.597E-06
  1.082E-05  1.061E-05  1.035E-05  1.001E-05  9.494E-06
  1.070E-05  1.050E-05  1.024E-05  9.901E-06  9.396E-06
  1.043E-05  1.024E-05  1.001E-05  9.709E-06  9.246E-06
  1.044E-05  1.024E-05  1.000E-05  9.679E-06  9.195E-06
  1.034E-05  1.014E-05  9.895E-06  9.574E-06  9.095E-06
  1.025E-05  1.005E-05  9.812E-06  9.493E-06  9.016E-06
  1.013E-05  9.937E-06  9.699E-06  9.386E-06  8.919E-06
  1.002E-05  9.827E-06  9.592E-06  9.283E-06  8.823E-06
  9.906E-06  9.717E-06  9.485E-06  9.182E-06  8.730E-06
  9.832E-06  9.644E-06  9.414E-06  9.112E-06  8.663E-06
  9.740E-06  9.554E-06  9.326E-06  9.028E-06  8.583E-06
  9.634E-06  9.451E-06  9.227E-06  8.933E-06  8.495E-06
  9.538E-06  9.357E-06  9.136E-06  8.845E-06  8.413E-06
  9.443E-06  9.265E-06  9.046E-06  8.760E-06  8.333E-06
  9.338E-06  9.162E-06  8.946E-06  8.664E-06  8.244E-06
  9.251E-06  9.078E-06  8.865E-06  8.586E-06  8.171E-06
  9.151E-06  8.980E-06  8.770E-06  8.496E-06  8.088E-06
  9.059E-06  8.890E-06  8.682E-06  8.411E-06  8.009E-06
  8.981E-06  8.814E-06  8.609E-06  8.341E-06  7.943E-06
  8.891E-06  8.726E-06  8.524E-06  8.260E-06  7.867E-06
  8.778E-06  8.615E-06  8.416E-06  8.157E-06  7.773E-06
  8.691E-06  8.531E-06  8.335E-06  8.080E-06  7.702E-06
  8.579E-06  8.422E-06  8.230E-06  7.980E-06  7.611E-06
  8.502E-06  8.346E-06  8.156E-06  7.908E-06  7.541E-06
  8.393E-06  8.248E-06  8.068E-06  7.832E-06  7.478E-06
  8.229E-06  8.090E-06  7.918E-06  7.693E-06  7.357E-06
  8.279E-06  8.129E-06  7.944E-06  7.705E-06  7.350E-06
  8.200E-06  8.051E-06  7.869E-06  7.632E-06  7.282E-06
  8.124E-06  7.977E-06  7.797E-06  7.563E-06  7.217E-06
  8.059E-06  7.914E-06  7.736E-06  7.504E-06  7.162E-06
  7.991E-06  7.847E-06  7.671E-06  7.441E-06  7.101E-06
  7.902E-06  7.761E-06  7.587E-06  7.362E-06  7.028E-06
  7.824E-06  7.684E-06  7.513E-06  7.290E-06  6.962E-06
  7.761E-06  7.623E-06  7.454E-06  7.234E-06  6.909E-06
  7.696E-06  7.559E-06  7.391E-06  7.173E-06  6.850E-06
  7.608E-06  7.473E-06  7.307E-06  7.092E-06  6.776E-06
  7.553E-06  7.419E-06  7.254E-06  7.041E-06  6.727E-06
  7.455E-06  7.324E-06  7.163E-06  6.954E-06  6.648E-06
  7.392E-06  7.262E-06  7.104E-06  6.899E-06  6.597E-06
  7.339E-06  7.211E-06  7.054E-06  6.850E-06  6.550E-06
  7.157E-06  7.047E-06  6.910E-06  6.729E-06  6.455E-06
  7.204E-06  7.079E-06  6.925E-06  6.726E-06  6.433E-06
  7.144E-06  7.019E-06  6.868E-06  6.670E-06  6.381E-06
  7.089E-06  6.965E-06  6.814E-06  6.619E-06  6.331E-06
  7.032E-06  6.910E-06  6.760E-06  6.567E-06  6.281E-06
  6.956E-06  6.836E-06  6.689E-06  6.499E-06  6.219E-06
  6.885E-06  6.768E-06  6.625E-06  6.439E-06  6.166E-06
  6.838E-06  6.720E-06  6.577E-06  6.391E-06  6.118E-06
  6.755E-06  6.640E-06  6.500E-06  6.319E-06  6.053E-06
  6.734E-06  6.618E-06  6.477E-06  6.294E-06  6.024E-06
  6.666E-06  6.551E-06  6.412E-06  6.231E-06  5.967E-06
  6.616E-06  6.503E-06  6.364E-06  6.185E-06  5.923E-06
  6.547E-06  6.434E-06  6.296E-06  6.118E-06  5.857E-06
  6.477E-06  6.365E-06  6.228E-06  6.052E-06  5.795E-06
  6.419E-06  6.308E-06  6.174E-06  6.002E-06  5.751E-06
  6.345E-06  6.235E-06  6.102E-06  5.930E-06  5.683E-06
  6.256E-06  6.150E-06  6.023E-06  5.859E-06  5.623E-06
  6.232E-06  6.127E-06  5.999E-06  5.835E-06  5.597E-06
  6.157E-06  6.050E-06  5.922E-06  5.757E-06  5.522E-06
  6.117E-06  6.012E-06  5.885E-06  5.724E-06  5.492E-06
  6.070E-06  5.967E-06  5.842E-06  5.682E-06  5.453E-06
  6.008E-06  5.904E-06  5.779E-06  5.619E-06  5.391E-06
  5.969E-06  5.867E-06  5.744E-06  5.587E-06  5.363E-06
  5.916E-06  5.816E-06  5.695E-06  5.540E-06  5.319E-06
  5.861E-06  5.760E-06  5.639E-06  5.485E-06  5.264E-06
  5.820E-06  5.721E-06  5.602E-06  5.450E-06  5.233E-06
  5.776E-06  5.678E-06  5.560E-06  5.410E-06  5.196E-06
  5.720E-06  5.623E-06  5.505E-06  5.355E-06  5.142E-06
  5.686E-06  5.589E-06  5.473E-06  5.325E-06  5.114E-06
  5.638E-06  5.543E-06  5.428E-06  5.283E-06  5.074E-06
  5.509E-06  5.429E-06  5.330E-06  5.201E-06  5.010E-06
  5.518E-06  5.431E-06  5.324E-06  5.187E-06  4.989E-06
  5.515E-06  5.423E-06  5.312E-06  5.170E-06  4.966E-06
  5.474E-06  5.382E-06  5.271E-06  5.130E-06  4.927E-06
  5.439E-06  5.348E-06  5.238E-06  5.098E-06  4.897E-06
  5.395E-06  5.305E-06  5.196E-06  5.058E-06  4.859E-06
  5.352E-06  5.263E-06  5.155E-06  5.018E-06  4.821E-06
  5.314E-06  5.226E-06  5.120E-06  4.983E-06  4.788E-06
  5.268E-06  5.181E-06  5.076E-06  4.941E-06  4.748E-06
  5.235E-06  5.149E-06  5.045E-06  4.912E-06  4.721E-06
  5.190E-06  5.104E-06  5.002E-06  4.870E-06  4.682E-06
  5.151E-06  5.067E-06  4.965E-06  4.835E-06  4.649E-06
  5.114E-06  5.030E-06  4.930E-06  4.801E-06  4.617E-06
  5.076E-06  4.993E-06  4.894E-06  4.766E-06  4.584E-06
  5.037E-06  4.955E-06  4.857E-06  4.731E-06  4.551E-06
  4.996E-06  4.916E-06  4.818E-06  4.694E-06  4.516E-06
  4.960E-06  4.880E-06  4.783E-06  4.661E-06  4.484E-06
  4.929E-06  4.850E-06  4.755E-06  4.633E-06  4.457E-06
  4.886E-06  4.807E-06  4.713E-06  4.592E-06  4.420E-06
  4.855E-06  4.778E-06  4.684E-06  4.565E-06  4.393E-06
  4.813E-06  4.736E-06  4.644E-06  4.526E-06  4.357E-06
  4.780E-06  4.704E-06  4.612E-06  4.496E-06  4.328E-06
  4.747E-06  4.672E-06  4.582E-06  4.466E-06  4.300E-06
  4.704E-06  4.630E-06  4.542E-06  4.428E-06  4.265E-06
  4.639E-06  4.571E-06  4.488E-06  4.382E-06  4.227E-06
  4.642E-06  4.569E-06  4.482E-06  4.370E-06  4.209E-06
  4.614E-06  4.542E-06  4.455E-06  4.344E-06  4.184E-06
  4.578E-06  4.506E-06  4.420E-06  4.310E-06  4.152E-06
  4.542E-06  4.471E-06  4.385E-06  4.276E-06  4.121E-06
  4.510E-06  4.439E-06  4.354E-06  4.247E-06  4.092E-06
  4.483E-06  4.413E-06  4.329E-06  4.222E-06  4.068E-06
  4.452E-06  4.383E-06  4.300E-06  4.194E-06  4.042E-06
  4.416E-06  4.348E-06  4.265E-06  4.160E-06  4.010E-06
  4.389E-06  4.321E-06  4.239E-06  4.135E-06  3.986E-06
  4.357E-06  4.289E-06  4.208E-06  4.105E-06  3.958E-06
  4.327E-06  4.261E-06  4.180E-06  4.078E-06  3.932E-06
  4.291E-06  4.225E-06  4.146E-06  4.046E-06  3.902E-06
  4.266E-06  4.201E-06  4.123E-06  4.023E-06  3.879E-06
  4.240E-06  4.175E-06  4.097E-06  3.998E-06  3.855E-06
  4.204E-06  4.140E-06  4.063E-06  3.965E-06  3.824E-06
  4.182E-06  4.119E-06  4.042E-06  3.944E-06  3.804E-06
  4.147E-06  4.084E-06  4.009E-06  3.913E-06  3.775E-06
  4.123E-06  4.060E-06  3.985E-06  3.889E-06  3.752E-06
  4.098E-06  4.036E-06  3.961E-06  3.866E-06  3.730E-06
  4.069E-06  4.008E-06  3.934E-06  3.840E-06  3.706E-06
  4.042E-06  3.981E-06  3.908E-06  3.814E-06  3.680E-06
  4.018E-06  3.958E-06  3.885E-06  3.793E-06  3.660E-06
  3.979E-06  3.919E-06  3.848E-06  3.758E-06  3.628E-06
  3.963E-06  3.903E-06  3.832E-06  3.741E-06  3.611E-06
  3.934E-06  3.875E-06  3.805E-06  3.715E-06  3.586E-06
  3.913E-06  3.855E-06  3.785E-06  3.695E-06  3.567E-06
  3.887E-06  3.829E-06  3.760E-06  3.671E-06  3.545E-06
  3.857E-06  3.799E-06  3.731E-06  3.643E-06  3.518E-06
  3.832E-06  3.776E-06  3.708E-06  3.622E-06  3.498E-06
  3.811E-06  3.755E-06  3.687E-06  3.601E-06  3.478E-06
  3.785E-06  3.730E-06  3.663E-06  3.577E-06  3.455E-06
  3.760E-06  3.705E-06  3.639E-06  3.554E-06  3.433E-06
  3.735E-06  3.681E-06  3.615E-06  3.531E-06  3.411E-06
  3.712E-06  3.657E-06  3.592E-06  3.509E-06  3.390E-06
  3.689E-06  3.635E-06  3.570E-06  3.488E-06  3.370E-06
  3.666E-06  3.613E-06  3.549E-06  3.467E-06  3.350E-06
  3.640E-06  3.587E-06  3.524E-06  3.443E-06  3.327E-06
  3.609E-06  3.558E-06  3.496E-06  3.417E-06  3.303E-06
  3.559E-06  3.513E-06  3.456E-06  3.383E-06  3.276E-06
  3.571E-06  3.520E-06  3.458E-06  3.380E-06  3.267E-06
  3.538E-06  3.488E-06  3.427E-06  3.351E-06  3.241E-06
  3.525E-06  3.475E-06  3.414E-06  3.337E-06  3.227E-06
  3.505E-06  3.455E-06  3.394E-06  3.318E-06  3.208E-06
  3.480E-06  3.430E-06  3.371E-06  3.295E-06  3.187E-06
  3.462E-06  3.412E-06  3.353E-06  3.278E-06  3.169E-06
  3.440E-06  3.391E-06  3.333E-06  3.258E-06  3.150E-06
  3.417E-06  3.368E-06  3.310E-06  3.236E-06  3.130E-06
  3.393E-06  3.345E-06  3.288E-06  3.215E-06  3.110E-06
  3.368E-06  3.321E-06  3.264E-06  3.192E-06  3.089E-06
  3.354E-06  3.307E-06  3.250E-06  3.178E-06  3.075E-06
  3.335E-06  3.288E-06  3.232E-06  3.160E-06  3.057E-06
  3.314E-06  3.267E-06  3.212E-06  3.141E-06  3.039E-06
  3.294E-06  3.248E-06  3.192E-06  3.122E-06  3.021E-06
  3.274E-06  3.228E-06  3.173E-06  3.103E-06  3.003E-06
  3.245E-06  3.200E-06  3.146E-06  3.078E-06  2.981E-06
  3.231E-06  3.186E-06  3.132E-06  3.064E-06  2.966E-06
  3.211E-06  3.167E-06  3.113E-06  3.046E-06  2.949E-06
  3.188E-06  3.144E-06  3.092E-06  3.026E-06  2.930E-06
  3.169E-06  3.125E-06  3.073E-06  3.007E-06  2.912E-06
  3.157E-06  3.114E-06  3.061E-06  2.995E-06  2.900E-06
  3.138E-06  3.094E-06  3.043E-06  2.977E-06  2.882E-06
  3.118E-06  3.075E-06  3.024E-06  2.959E-06  2.865E-06
  3.100E-06  3.057E-06  3.006E-06  2.941E-06  2.849E-06
  3.073E-06  3.031E-06  2.981E-06  2.916E-06  2.825E-06
  3.035E-06  2.993E-06  2.944E-06  2.881E-06  2.791E-06
  2.998E-06  2.957E-06  2.909E-06  2.847E-06  2.759E-06
  2.966E-06  2.926E-06  2.878E-06  2.817E-06  2.730E-06
  2.932E-06  2.893E-06  2.845E-06  2.785E-06  2.699E-06
  2.897E-06  2.859E-06  2.812E-06  2.753E-06  2.669E-06
  2.865E-06  2.827E-06  2.781E-06  2.723E-06  2.640E-06
  2.831E-06  2.794E-06  2.749E-06  2.691E-06  2.610E-06
  2.798E-06  2.761E-06  2.717E-06  2.660E-06  2.580E-06
  2.763E-06  2.728E-06  2.684E-06  2.630E-06  2.552E-06
  2.737E-06  2.701E-06  2.658E-06  2.603E-06  2.525E-06
  2.707E-06  2.671E-06  2.629E-06  2.575E-06  2.498E-06
  2.676E-06  2.641E-06  2.600E-06  2.547E-06  2.471E-06
  2.646E-06  2.612E-06  2.570E-06  2.518E-06  2.444E-06
  2.618E-06  2.584E-06  2.544E-06  2.492E-06  2.419E-06
  2.587E-06  2.554E-06  2.514E-06  2.463E-06  2.392E-06
  2.561E-06  2.528E-06  2.489E-06  2.439E-06  2.368E-06
  2.534E-06  2.501E-06  2.462E-06  2.413E-06  2.343E-06
  2.506E-06  2.474E-06  2.436E-06  2.387E-06  2.319E-06
  2.479E-06  2.448E-06  2.410E-06  2.362E-06  2.294E-06
  2.452E-06  2.421E-06  2.384E-06  2.337E-06  2.270E-06
  2.426E-06  2.396E-06  2.359E-06  2.313E-06  2.247E-06
  2.402E-06  2.372E-06  2.335E-06  2.289E-06  2.225E-06
  2.375E-06  2.345E-06  2.310E-06  2.265E-06  2.201E-06
  2.352E-06  2.322E-06  2.287E-06  2.243E-06  2.180E-06
  2.326E-06  2.297E-06  2.263E-06  2.219E-06  2.157E-06
  2.284E-06  2.258E-06  2.227E-06  2.187E-06  2.129E-06
  2.262E-06  2.236E-06  2.205E-06  2.166E-06  2.109E-06
  2.255E-06  2.227E-06  2.194E-06  2.152E-06  2.093E-06
  2.233E-06  2.206E-06  2.173E-06  2.131E-06  2.073E-06
  2.211E-06  2.184E-06  2.151E-06  2.110E-06  2.053E-06
  2.189E-06  2.162E-06  2.130E-06  2.089E-06  2.033E-06
  2.166E-06  2.139E-06  2.108E-06  2.068E-06  2.012E-06
  2.145E-06  2.119E-06  2.088E-06  2.049E-06  1.993E-06
  2.124E-06  2.098E-06  2.067E-06  2.028E-06  1.974E-06
  2.103E-06  2.077E-06  2.047E-06  2.009E-06  1.955E-06
  2.082E-06  2.057E-06  2.027E-06  1.990E-06  1.937E-06
  2.062E-06  2.037E-06  2.008E-06  1.970E-06  1.918E-06
  2.042E-06  2.017E-06  1.988E-06  1.951E-06  1.900E-06
  2.022E-06  1.998E-06  1.969E-06  1.933E-06  1.882E-06
  2.002E-06  1.978E-06  1.950E-06  1.914E-06  1.864E-06
  1.982E-06  1.959E-06  1.931E-06  1.896E-06  1.846E-06
  1.964E-06  1.941E-06  1.914E-06  1.879E-06  1.830E-06
  1.944E-06  1.921E-06  1.894E-06  1.860E-06  1.812E-06
  1.926E-06  1.904E-06  1.877E-06  1.843E-06  1.796E-06
  1.909E-06  1.887E-06  1.860E-06  1.827E-06  1.780E-06
  1.891E-06  1.869E-06  1.843E-06  1.810E-06  1.763E-06
  1.874E-06  1.852E-06  1.826E-06  1.793E-06  1.747E-06
  1.855E-06  1.834E-06  1.808E-06  1.776E-06  1.731E-06
  1.838E-06  1.817E-06  1.792E-06  1.760E-06  1.716E-06
  1.822E-06  1.801E-06  1.776E-06  1.745E-06  1.701E-06
  1.805E-06  1.785E-06  1.760E-06  1.729E-06  1.686E-06
  1.789E-06  1.768E-06  1.744E-06  1.713E-06  1.671E-06
  1.773E-06  1.752E-06  1.728E-06  1.698E-06  1.656E-06
  1.757E-06  1.737E-06  1.713E-06  1.683E-06  1.641E-06
  1.740E-06  1.721E-06  1.697E-06  1.668E-06  1.627E-06
  1.724E-06  1.705E-06  1.682E-06  1.653E-06  1.612E-06
  1.710E-06  1.691E-06  1.668E-06  1.639E-06  1.599E-06
  1.692E-06  1.673E-06  1.651E-06  1.623E-06  1.584E-06
  1.677E-06  1.659E-06  1.637E-06  1.609E-06  1.570E-06
  1.664E-06  1.645E-06  1.623E-06  1.596E-06  1.557E-06
  1.650E-06  1.631E-06  1.609E-06  1.582E-06  1.544E-06
  1.635E-06  1.617E-06  1.595E-06  1.568E-06  1.531E-06
  1.621E-06  1.603E-06  1.582E-06  1.555E-06  1.518E-06
  1.606E-06  1.589E-06  1.568E-06  1.541E-06  1.505E-06
  1.593E-06  1.576E-06  1.555E-06  1.529E-06  1.493E-06
  1.580E-06  1.563E-06  1.542E-06  1.516E-06  1.480E-06
  1.566E-06  1.549E-06  1.528E-06  1.503E-06  1.468E-06
  1.552E-06  1.536E-06  1.515E-06  1.490E-06  1.455E-06
  1.540E-06  1.523E-06  1.503E-06  1.478E-06  1.444E-06
  1.527E-06  1.511E-06  1.491E-06  1.466E-06  1.432E-06
  1.514E-06  1.498E-06  1.478E-06  1.454E-06  1.420E-06
  1.502E-06  1.485E-06  1.466E-06  1.442E-06  1.409E-06
  1.489E-06  1.473E-06  1.454E-06  1.430E-06  1.397E-06
  1.475E-06  1.460E-06  1.441E-06  1.418E-06  1.385E-06
  1.464E-06  1.449E-06  1.430E-06  1.407E-06  1.375E-06
  1.452E-06  1.437E-06  1.418E-06  1.395E-06  1.364E-06
  1.440E-06  1.425E-06  1.407E-06  1.384E-06  1.353E-06
  1.428E-06  1.413E-06  1.395E-06  1.373E-06  1.342E-06
  1.417E-06  1.402E-06  1.384E-06  1.362E-06  1.331E-06
  1.405E-06  1.390E-06  1.373E-06  1.351E-06  1.321E-06
  1.394E-06  1.379E-06  1.362E-06  1.340E-06  1.310E-06
  1.383E-06  1.369E-06  1.351E-06  1.330E-06  1.300E-06
  1.371E-06  1.357E-06  1.340E-06  1.319E-06  1.289E-06
  1.360E-06  1.346E-06  1.329E-06  1.308E-06  1.280E-06
  1.350E-06  1.336E-06  1.319E-06  1.299E-06  1.270E-06
  1.339E-06  1.326E-06  1.309E-06  1.289E-06  1.260E-06
  1.329E-06  1.315E-06  1.299E-06  1.279E-06  1.251E-06
  1.318E-06  1.305E-06  1.288E-06  1.268E-06  1.241E-06
  1.308E-06  1.295E-06  1.279E-06  1.259E-06  1.231E-06
  1.298E-06  1.285E-06  1.269E-06  1.249E-06  1.222E-06
  3.318E-07  3.298E-07  3.275E-07  3.247E-07  3.209E-07
  8.349E-08  8.321E-08  8.290E-08  8.253E-08  8.205E-08
  3.717E-08  3.709E-08  3.700E-08  3.689E-08  3.677E-08
  2.093E-08  2.089E-08  2.086E-08  2.082E-08  2.078E-08
  1.340E-08  1.339E-08  1.337E-08  1.336E-08  1.334E-08
  9.314E-09  9.306E-09  9.298E-09  9.290E-09  9.284E-09
  6.847E-09  6.843E-09  6.839E-09  6.835E-09  6.832E-09
  5.245E-09  5.243E-09  5.241E-09  5.238E-09  5.237E-09
