  6.693-175  5.649-175  4.606-175  3.562-175  2.518-175
  4.675-170  3.975-170  3.274-170  2.574-170  1.874-170
  1.790-165  1.533-165  1.276-165  1.019-165  7.624-166
  8.958-163  7.708-163  6.458-163  5.208-163  3.958-163
  1.111-159  9.611-160  8.114-160  6.616-160  5.119-160
  6.146-156  5.355-156  4.564-156  3.773-156  2.982-156
  3.039-153  2.662-153  2.285-153  1.908-153  1.530-153
  1.217-150  1.072-150  9.263-151  7.807-151  6.352-151
  1.029-147  9.110-148  7.935-148  6.760-148  5.584-148
  4.097-144  3.656-144  3.215-144  2.774-144  2.333-144
  1.407-139  1.268-139  1.129-139  9.895-140  8.502-140
  4.335-135  3.943-135  3.552-135  3.160-135  2.769-135
  3.337-131  3.061-131  2.784-131  2.508-131  2.232-131
  1.558-127  1.440-127  1.322-127  1.204-127  1.086-127
  3.119-125  2.896-125  2.673-125  2.451-125  2.228-125
  5.735-124  5.339-124  4.943-124  4.547-124  4.151-124
  5.601-122  5.234-122  4.868-122  4.502-122  4.135-122
  3.120-120  2.926-120  2.732-120  2.537-120  2.343-120
  6.881-119  6.469-119  6.057-119  5.645-119  5.233-119
  1.520-116  1.435-116  1.350-116  1.265-116  1.180-116
  6.965-114  6.607-114  6.249-114  5.891-114  5.533-114
  4.145-111  3.951-111  3.756-111  3.562-111  3.367-111
  3.581-108  3.429-108  3.277-108  3.126-108  2.974-108
  1.860-105  1.788-105  1.716-105  1.645-105  1.573-105
  1.306-102  1.261-102  1.216-102  1.170-102  1.125-102
  2.728-100  2.642-100  2.555-100  2.469-100  2.383-100
  2.578E-98  2.503E-98  2.427E-98  2.352E-98  2.276E-98
  5.934E-96  5.777E-96  5.619E-96  5.462E-96  5.304E-96
  1.544E-93  1.507E-93  1.470E-93  1.433E-93  1.396E-93
  7.166E-92  7.006E-92  6.846E-92  6.687E-92  6.527E-92
  4.129E-90  4.044E-90  3.959E-90  3.874E-90  3.789E-90
  2.041E-88  2.002E-88  1.963E-88  1.924E-88  1.885E-88
  1.088E-87  1.068E-87  1.048E-87  1.028E-87  1.008E-87
  1.264E-85  1.243E-85  1.222E-85  1.200E-85  1.179E-85
  1.945E-83  1.915E-83  1.886E-83  1.857E-83  1.827E-83
  3.395E-82  3.347E-82  3.299E-82  3.251E-82  3.203E-82
  2.432E-80  2.400E-80  2.369E-80  2.338E-80  2.307E-80
  5.400E-79  5.335E-79  5.270E-79  5.206E-79  5.141E-79
  9.092E-78  8.990E-78  8.887E-78  8.785E-78  8.682E-78
  9.519E-76  9.423E-76  9.327E-76  9.230E-76  9.134E-76
  9.180E-74  9.097E-74  9.014E-74  8.931E-74  8.847E-74
  1.454E-72  1.442E-72  1.430E-72  1.417E-72  1.405E-72
  1.572E-71  1.559E-71  1.547E-71  1.534E-71  1.522E-71
  2.431E-70  2.413E-70  2.395E-70  2.377E-70  2.359E-70
  2.274E-69  2.258E-69  2.242E-69  2.226E-69  2.210E-69
  3.410E-68  3.387E-68  3.365E-68  3.343E-68  3.320E-68
  1.670E-66  1.660E-66  1.650E-66  1.640E-66  1.630E-66
  9.115E-65  9.066E-65  9.018E-65  8.970E-65  8.922E-65
  2.873E-63  2.859E-63  2.846E-63  2.832E-63  2.818E-63
  3.395E-62  3.379E-62  3.364E-62  3.349E-62  3.334E-62
  1.940E-61  1.931E-61  1.923E-61  1.915E-61  1.906E-61
  1.614E-60  1.607E-60  1.601E-60  1.594E-60  1.588E-60
  1.621E-59  1.615E-59  1.609E-59  1.603E-59  1.597E-59
  1.923E-58  1.917E-58  1.910E-58  1.903E-58  1.897E-58
  2.086E-57  2.080E-57  2.073E-57  2.066E-57  2.059E-57
  2.604E-56  2.596E-56  2.589E-56  2.581E-56  2.573E-56
  3.662E-55  3.652E-55  3.642E-55  3.632E-55  3.621E-55
  4.620E-54  4.609E-54  4.597E-54  4.585E-54  4.573E-54
  3.534E-53  3.525E-53  3.517E-53  3.509E-53  3.500E-53
  5.451E-52  5.439E-52  5.427E-52  5.415E-52  5.404E-52
  2.199E-50  2.194E-50  2.190E-50  2.186E-50  2.182E-50
  7.058E-49  7.046E-49  7.034E-49  7.022E-49  7.010E-49
  1.841E-47  1.838E-47  1.835E-47  1.832E-47  1.829E-47
  3.970E-46  3.964E-46  3.959E-46  3.954E-46  3.948E-46
  5.425E-45  5.419E-45  5.412E-45  5.405E-45  5.399E-45
  6.508E-44  6.501E-44  6.493E-44  6.486E-44  6.479E-44
  6.917E-43  6.910E-43  6.903E-43  6.896E-43  6.889E-43
  8.381E-42  8.374E-42  8.366E-42  8.359E-42  8.351E-42
  8.933E-41  8.926E-41  8.919E-41  8.911E-41  8.904E-41
  8.456E-40  8.450E-40  8.444E-40  8.437E-40  8.431E-40
  5.818E-39  5.814E-39  5.810E-39  5.806E-39  5.802E-39
  3.011E-38  3.009E-38  3.007E-38  3.005E-38  3.004E-38
  1.465E-37  1.464E-37  1.463E-37  1.462E-37  1.461E-37
  1.172E-36  1.171E-36  1.171E-36  1.170E-36  1.169E-36
  7.097E-36  7.094E-36  7.090E-36  7.087E-36  7.083E-36
  3.353E-35  3.352E-35  3.350E-35  3.349E-35  3.347E-35
  1.753E-34  1.753E-34  1.752E-34  1.751E-34  1.750E-34
  8.546E-34  8.543E-34  8.540E-34  8.536E-34  8.533E-34
  3.900E-33  3.899E-33  3.897E-33  3.896E-33  3.894E-33
  1.673E-32  1.672E-32  1.672E-32  1.671E-32  1.671E-32
  3.898E-32  3.897E-32  3.895E-32  3.893E-32  3.892E-32
  8.900E-32  8.895E-32  8.891E-32  8.887E-32  8.883E-32
  2.595E-31  2.594E-31  2.592E-31  2.591E-31  2.590E-31
  9.437E-31  9.433E-31  9.429E-31  9.425E-31  9.421E-31
  3.268E-30  3.267E-30  3.266E-30  3.265E-30  3.263E-30
  1.081E-29  1.081E-29  1.080E-29  1.080E-29  1.079E-29
  3.422E-29  3.421E-29  3.420E-29  3.419E-29  3.418E-29
  1.039E-28  1.039E-28  1.039E-28  1.039E-28  1.038E-28
  3.036E-28  3.035E-28  3.034E-28  3.033E-28  3.033E-28
  8.543E-28  8.541E-28  8.539E-28  8.537E-28  8.534E-28
  2.321E-27  2.320E-27  2.320E-27  2.319E-27  2.318E-27
  6.096E-27  6.094E-27  6.093E-27  6.091E-27  6.090E-27
  1.551E-26  1.550E-26  1.550E-26  1.550E-26  1.549E-26
  3.827E-26  3.826E-26  3.826E-26  3.825E-26  3.824E-26
  9.175E-26  9.174E-26  9.172E-26  9.170E-26  9.169E-26
  2.140E-25  2.139E-25  2.139E-25  2.139E-25  2.138E-25
  4.133E-25  4.133E-25  4.132E-25  4.131E-25  4.131E-25
  7.256E-25  7.255E-25  7.254E-25  7.253E-25  7.251E-25
  1.588E-24  1.588E-24  1.587E-24  1.587E-24  1.587E-24
  3.394E-24  3.393E-24  3.393E-24  3.392E-24  3.392E-24
  7.092E-24  7.091E-24  7.090E-24  7.090E-24  7.089E-24
  1.451E-23  1.450E-23  1.450E-23  1.450E-23  1.450E-23
  3.112E-23  3.112E-23  3.112E-23  3.111E-23  3.111E-23
  6.102E-23  6.102E-23  6.101E-23  6.100E-23  6.099E-23
  1.101E-22  1.101E-22  1.100E-22  1.100E-22  1.100E-22
  2.083E-22  2.083E-22  2.083E-22  2.083E-22  2.083E-22
  3.876E-22  3.875E-22  3.875E-22  3.874E-22  3.874E-22
  7.090E-22  7.089E-22  7.088E-22  7.088E-22  7.087E-22
  1.276E-21  1.276E-21  1.276E-21  1.276E-21  1.276E-21
  2.262E-21  2.262E-21  2.262E-21  2.261E-21  2.261E-21
  3.950E-21  3.950E-21  3.949E-21  3.949E-21  3.949E-21
  6.800E-21  6.799E-21  6.799E-21  6.798E-21  6.798E-21
  1.155E-20  1.154E-20  1.154E-20  1.154E-20  1.154E-20
  1.934E-20  1.934E-20  1.934E-20  1.934E-20  1.934E-20
  3.200E-20  3.200E-20  3.200E-20  3.199E-20  3.199E-20
  5.229E-20  5.228E-20  5.228E-20  5.228E-20  5.227E-20
  8.442E-20  8.441E-20  8.441E-20  8.440E-20  8.440E-20
  1.347E-19  1.347E-19  1.347E-19  1.347E-19  1.347E-19
  2.127E-19  2.127E-19  2.127E-19  2.127E-19  2.127E-19
  3.322E-19  3.322E-19  3.322E-19  3.321E-19  3.321E-19
  5.135E-19  5.134E-19  5.134E-19  5.134E-19  5.134E-19
  7.858E-19  7.857E-19  7.857E-19  7.856E-19  7.856E-19
  2.189E-18  1.873E-18  1.593E-18  1.362E-18  1.215E-18
  4.694E-18  3.760E-18  2.936E-18  2.267E-18  1.854E-18
  5.921E-18  4.845E-18  3.907E-18  3.162E-18  2.724E-18
  8.716E-18  7.138E-18  5.758E-18  4.660E-18  4.015E-18
  1.310E-17  1.070E-17  8.589E-18  6.896E-18  5.885E-18
  1.925E-17  1.570E-17  1.258E-17  1.007E-17  8.550E-18
  2.541E-17  2.102E-17  1.717E-17  1.408E-17  1.224E-17
  3.890E-17  3.190E-17  2.570E-17  2.066E-17  1.757E-17
  5.521E-17  4.531E-17  3.651E-17  2.934E-17  2.492E-17
  7.784E-17  6.392E-17  5.150E-17  4.134E-17  3.508E-17
  1.042E-16  8.613E-17  7.000E-17  5.686E-17  4.886E-17
  1.369E-16  1.139E-16  9.372E-17  7.742E-17  6.763E-17
  2.053E-16  1.697E-16  1.375E-16  1.107E-16  9.386E-17
  2.897E-16  2.383E-16  1.919E-16  1.532E-16  1.288E-16
  3.604E-16  3.008E-16  2.470E-16  2.022E-16  1.744E-16
  5.128E-16  4.249E-16  3.453E-16  2.788E-16  2.368E-16
  6.915E-16  5.734E-16  4.661E-16  3.761E-16  3.188E-16
  9.568E-16  7.900E-16  6.381E-16  5.100E-16  4.277E-16
  1.204E-15  1.003E-15  8.195E-16  6.653E-16  5.669E-16
  4.337E-15  3.536E-15  2.743E-15  1.970E-15  1.249E-15
  1.277E-14  1.056E-14  8.281E-15  5.905E-15  3.435E-15
  2.070E-14  1.717E-14  1.350E-14  9.651E-15  5.623E-15
  3.270E-14  2.714E-14  2.134E-14  1.527E-14  8.924E-15
  4.206E-14  3.497E-14  2.757E-14  1.984E-14  1.182E-14
  4.649E-14  3.872E-14  3.064E-14  2.225E-14  1.365E-14
  5.310E-14  4.437E-14  3.532E-14  2.597E-14  1.648E-14
  6.359E-14  5.323E-14  4.259E-14  3.174E-14  2.096E-14
  6.574E-14  5.487E-14  4.341E-14  3.122E-14  1.808E-14
  3.553E-14  2.915E-14  2.274E-14  1.636E-14  1.036E-14
  2.155E-14  1.815E-14  1.491E-14  1.197E-14  9.760E-15
  1.169E-14  1.162E-14  1.157E-14  1.155E-14  1.154E-14
  2.821E-14  2.426E-14  2.054E-14  1.727E-14  1.495E-14
  9.596E-14  7.857E-14  6.099E-14  4.341E-14  2.666E-14
  2.133E-13  1.806E-13  1.475E-13  1.145E-13  8.265E-14
  3.565E-13  3.015E-13  2.448E-13  1.867E-13  1.287E-13
  4.934E-13  4.157E-13  3.348E-13  2.508E-13  1.652E-13
  7.080E-13  5.969E-13  4.804E-13  3.583E-13  2.317E-13
  1.074E-12  8.996E-13  7.172E-13  5.262E-13  3.279E-13
  1.319E-12  1.105E-12  8.807E-13  6.439E-13  3.944E-13
  1.821E-12  1.515E-12  1.195E-12  8.599E-13  5.093E-13
  2.229E-12  1.859E-12  1.471E-12  1.060E-12  6.242E-13
  2.727E-12  2.272E-12  1.792E-12  1.285E-12  7.455E-13
  3.143E-12  2.617E-12  2.063E-12  1.475E-12  8.492E-13
  3.845E-12  3.199E-12  2.518E-12  1.795E-12  1.024E-12
  4.455E-12  3.710E-12  2.923E-12  2.086E-12  1.188E-12
  5.409E-12  4.492E-12  3.526E-12  2.501E-12  1.406E-12
  6.043E-12  5.022E-12  3.944E-12  2.800E-12  1.576E-12
  6.847E-12  5.695E-12  4.478E-12  3.183E-12  1.794E-12
  7.868E-12  6.538E-12  5.137E-12  3.647E-12  2.052E-12
  9.241E-12  7.700E-12  6.069E-12  4.326E-12  2.442E-12
  1.104E-11  9.184E-12  7.221E-12  5.129E-12  2.881E-12
  1.208E-11  1.007E-11  7.937E-12  5.663E-12  3.206E-12
  1.405E-11  1.171E-11  9.242E-12  6.596E-12  3.733E-12
  1.727E-11  1.443E-11  1.142E-11  8.172E-12  4.631E-12
  1.619E-11  1.353E-11  1.070E-11  7.665E-12  4.368E-12
  1.929E-11  1.611E-11  1.274E-11  9.118E-12  5.177E-12
  2.177E-11  1.825E-11  1.449E-11  1.044E-11  5.974E-12
  2.350E-11  1.963E-11  1.552E-11  1.112E-11  6.342E-12
  2.698E-11  2.261E-11  1.795E-11  1.293E-11  7.428E-12
  3.397E-11  2.855E-11  2.275E-11  1.644E-11  9.452E-12
  4.016E-11  3.379E-11  2.696E-11  1.952E-11  1.124E-11
  3.737E-11  3.128E-11  2.482E-11  1.787E-11  1.028E-11
  4.327E-11  3.650E-11  2.922E-11  2.128E-11  1.239E-11
  6.306E-11  5.363E-11  4.338E-11  3.198E-11  1.884E-11
  1.199E-10  1.048E-10  8.797E-11  6.863E-11  4.461E-11
  1.199E-10  1.044E-10  8.735E-11  6.779E-11  4.383E-11
  1.471E-10  1.293E-10  1.095E-10  8.649E-11  5.757E-11
  1.455E-10  1.280E-10  1.084E-10  8.554E-11  5.680E-11
  1.893E-10  1.679E-10  1.437E-10  1.151E-10  7.825E-11
  2.138E-10  1.903E-10  1.636E-10  1.318E-10  9.045E-11
  2.372E-10  2.113E-10  1.819E-10  1.468E-10  1.011E-10
  2.567E-10  2.291E-10  1.977E-10  1.603E-10  1.113E-10
  3.227E-10  2.879E-10  2.485E-10  2.015E-10  1.401E-10
  3.948E-10  3.510E-10  3.020E-10  2.443E-10  1.697E-10
  5.423E-10  4.785E-10  4.086E-10  3.279E-10  2.252E-10
  8.140E-10  7.087E-10  5.979E-10  4.754E-10  3.257E-10
  7.140E-10  6.100E-10  5.034E-10  3.887E-10  2.539E-10
  1.372E-09  1.137E-09  9.153E-10  6.969E-10  4.592E-10
  1.249E-09  1.011E-09  7.969E-10  5.924E-10  3.763E-10
  1.933E-09  1.500E-09  1.151E-09  8.440E-10  5.410E-10
  3.908E-09  2.739E-09  1.954E-09  1.373E-09  8.789E-10
  8.371E-09  5.303E-09  3.403E-09  2.227E-09  1.431E-09
  2.882E-08  1.644E-08  8.885E-09  4.902E-09  3.085E-09
  7.190E-08  4.154E-08  2.159E-08  1.088E-08  6.712E-09
  1.243E-07  7.553E-08  4.091E-08  2.075E-08  1.254E-08
  1.960E-07  1.224E-07  6.785E-08  3.458E-08  2.051E-08
  2.344E-07  1.501E-07  8.569E-08  4.472E-08  2.654E-08
  3.406E-07  2.242E-07  1.320E-07  7.048E-08  4.169E-08
  2.360E-07  1.558E-07  9.253E-08  5.011E-08  2.979E-08
  3.402E-07  2.270E-07  1.358E-07  7.316E-08  4.222E-08
  4.273E-07  2.888E-07  1.752E-07  9.546E-08  5.509E-08
  5.548E-07  3.816E-07  2.360E-07  1.303E-07  7.462E-08
  4.706E-07  3.211E-07  1.968E-07  1.075E-07  6.093E-08
  5.037E-07  3.439E-07  2.103E-07  1.137E-07  6.246E-08
  4.676E-07  3.213E-07  1.985E-07  1.088E-07  6.071E-08
  5.331E-07  3.690E-07  2.302E-07  1.275E-07  7.083E-08
  3.339E-07  2.242E-07  1.349E-07  7.175E-08  3.868E-08
  4.999E-07  3.474E-07  2.176E-07  1.206E-07  6.608E-08
  6.925E-07  4.891E-07  3.114E-07  1.741E-07  9.396E-08
  6.820E-07  4.812E-07  3.062E-07  1.713E-07  9.228E-08
  7.296E-07  5.165E-07  3.297E-07  1.845E-07  9.815E-08
  8.171E-07  5.826E-07  3.751E-07  2.117E-07  1.128E-07
  7.686E-07  5.472E-07  3.517E-07  1.977E-07  1.038E-07
  8.932E-07  6.380E-07  4.112E-07  2.309E-07  1.198E-07
  8.560E-07  6.033E-07  3.825E-07  2.106E-07  1.066E-07
  4.874E-07  3.262E-07  1.949E-07  1.009E-07  4.897E-08
  1.011E-06  7.241E-07  4.680E-07  2.625E-07  1.329E-07
  1.091E-06  7.854E-07  5.105E-07  2.875E-07  1.443E-07
  1.267E-06  9.197E-07  6.036E-07  3.432E-07  1.722E-07
  1.223E-06  8.840E-07  5.767E-07  3.248E-07  1.604E-07
  1.169E-06  8.445E-07  5.509E-07  3.105E-07  1.529E-07
  1.245E-06  9.065E-07  5.973E-07  3.407E-07  1.686E-07
  1.147E-06  8.361E-07  5.530E-07  3.175E-07  1.580E-07
  1.260E-06  9.209E-07  6.112E-07  3.523E-07  1.749E-07
  1.026E-06  7.441E-07  4.888E-07  2.781E-07  1.359E-07
  1.409E-06  1.040E-06  6.982E-07  4.071E-07  2.015E-07
  1.569E-06  1.163E-06  7.859E-07  4.620E-07  2.295E-07
  1.557E-06  1.152E-06  7.749E-07  4.525E-07  2.220E-07
  1.523E-06  1.126E-06  7.572E-07  4.418E-07  2.155E-07
  1.806E-06  1.340E-06  9.033E-07  5.260E-07  2.526E-07
  1.938E-06  1.459E-06  1.003E-06  6.007E-07  2.985E-07
  1.872E-06  1.404E-06  9.622E-07  5.744E-07  2.858E-07
  1.807E-06  1.363E-06  9.448E-07  5.781E-07  3.019E-07
  1.812E-06  1.383E-06  9.756E-07  6.126E-07  3.297E-07
  2.038E-06  1.570E-06  1.121E-06  7.136E-07  3.875E-07
  1.933E-06  1.476E-06  1.040E-06  6.497E-07  3.425E-07
  1.816E-06  1.392E-06  9.877E-07  6.225E-07  3.309E-07
  2.197E-06  1.700E-06  1.219E-06  7.778E-07  4.183E-07
  2.188E-06  1.697E-06  1.221E-06  7.832E-07  4.227E-07
  2.027E-06  1.568E-06  1.125E-06  7.176E-07  3.826E-07
  2.076E-06  1.611E-06  1.161E-06  7.453E-07  3.996E-07
  2.380E-06  1.859E-06  1.349E-06  8.734E-07  4.725E-07
  2.642E-06  2.062E-06  1.495E-06  9.656E-07  5.182E-07
  2.506E-06  1.955E-06  1.417E-06  9.160E-07  4.906E-07
  2.214E-06  1.713E-06  1.229E-06  7.815E-07  4.076E-07
  2.446E-06  1.907E-06  1.383E-06  8.942E-07  4.775E-07
  2.956E-06  2.321E-06  1.697E-06  1.110E-06  5.995E-07
  2.771E-06  2.181E-06  1.600E-06  1.050E-06  5.685E-07
  2.450E-06  1.906E-06  1.378E-06  8.855E-07  4.651E-07
  2.331E-06  1.816E-06  1.314E-06  8.462E-07  4.431E-07
  2.578E-06  2.015E-06  1.466E-06  9.507E-07  5.036E-07
  2.909E-06  2.294E-06  1.686E-06  1.108E-06  5.945E-07
  2.607E-06  2.047E-06  1.500E-06  9.815E-07  5.240E-07
  2.976E-06  2.355E-06  1.742E-06  1.154E-06  6.252E-07
  2.967E-06  2.337E-06  1.716E-06  1.125E-06  5.962E-07
  2.878E-06  2.263E-06  1.658E-06  1.082E-06  5.696E-07
  2.447E-06  1.896E-06  1.363E-06  8.669E-07  4.394E-07
  1.824E-06  1.393E-06  9.855E-07  6.157E-07  3.069E-07
  3.033E-06  2.382E-06  1.743E-06  1.136E-06  5.920E-07
  2.039E-06  1.560E-06  1.106E-06  6.924E-07  3.448E-07
  2.673E-06  2.079E-06  1.502E-06  9.610E-07  4.865E-07
  1.580E-06  1.191E-06  8.302E-07  5.095E-07  2.496E-07
  2.133E-06  1.633E-06  1.158E-06  7.235E-07  3.574E-07
  2.120E-06  1.624E-06  1.153E-06  7.210E-07  3.557E-07
  2.327E-06  1.813E-06  1.317E-06  8.527E-07  4.423E-07
  3.453E-06  2.758E-06  2.065E-06  1.389E-06  7.532E-07
  3.336E-06  2.669E-06  2.005E-06  1.356E-06  7.424E-07
  3.733E-06  3.005E-06  2.273E-06  1.551E-06  8.570E-07
  3.822E-06  3.080E-06  2.334E-06  1.595E-06  8.829E-07
  3.847E-06  3.089E-06  2.328E-06  1.577E-06  8.585E-07
  3.489E-06  2.796E-06  2.104E-06  1.424E-06  7.756E-07
  2.862E-06  2.246E-06  1.644E-06  1.071E-06  5.535E-07
  3.003E-06  2.388E-06  1.781E-06  1.195E-06  6.464E-07
  4.026E-06  3.236E-06  2.444E-06  1.661E-06  9.068E-07
  3.016E-06  2.367E-06  1.733E-06  1.130E-06  5.847E-07
  2.309E-06  1.766E-06  1.251E-06  7.833E-07  3.942E-07
  2.298E-06  1.771E-06  1.269E-06  8.061E-07  4.110E-07
  2.574E-06  2.016E-06  1.480E-06  9.777E-07  5.303E-07
  2.637E-06  2.108E-06  1.593E-06  1.095E-06  6.207E-07
  3.435E-06  2.808E-06  2.177E-06  1.542E-06  8.988E-07
  3.335E-06  2.694E-06  2.054E-06  1.422E-06  8.027E-07
  4.118E-06  3.332E-06  2.544E-06  1.760E-06  9.890E-07
  4.062E-06  3.266E-06  2.470E-06  1.683E-06  9.214E-07
  3.897E-06  3.120E-06  2.345E-06  1.582E-06  8.516E-07
  3.499E-06  2.778E-06  2.066E-06  1.374E-06  7.261E-07
  3.193E-06  2.532E-06  1.884E-06  1.257E-06  6.717E-07
  4.227E-06  3.386E-06  2.545E-06  1.714E-06  9.171E-07
  4.994E-06  4.092E-06  3.171E-06  2.233E-06  1.278E-06
  6.286E-06  5.196E-06  4.073E-06  2.915E-06  1.706E-06
  6.888E-06  5.736E-06  4.537E-06  3.286E-06  1.954E-06
  5.927E-06  4.899E-06  3.841E-06  2.749E-06  1.608E-06
  6.465E-06  5.361E-06  4.217E-06  3.030E-06  1.778E-06
  6.926E-06  5.758E-06  4.546E-06  3.282E-06  1.939E-06
  5.917E-06  4.893E-06  3.840E-06  2.751E-06  1.612E-06
  6.465E-06  5.376E-06  4.247E-06  3.070E-06  1.818E-06
  5.500E-06  4.535E-06  3.543E-06  2.524E-06  1.467E-06
  5.601E-06  4.609E-06  3.589E-06  2.539E-06  1.454E-06
  6.099E-06  5.033E-06  3.934E-06  2.799E-06  1.615E-06
  4.306E-06  3.490E-06  2.668E-06  1.845E-06  1.030E-06
  5.198E-06  4.267E-06  3.315E-06  2.341E-06  1.339E-06
  6.256E-06  5.176E-06  4.059E-06  2.898E-06  1.677E-06
  6.711E-06  5.571E-06  4.386E-06  3.145E-06  1.822E-06
  5.351E-06  4.341E-06  3.314E-06  2.277E-06  1.252E-06
  1.458E-06  1.152E-06  8.679E-07  6.091E-07  3.791E-07
  2.198E-06  1.736E-06  1.298E-06  8.886E-07  5.208E-07
  7.248E-06  5.968E-06  4.639E-06  3.255E-06  1.814E-06
  8.073E-06  6.762E-06  5.382E-06  3.912E-06  2.302E-06
  7.873E-06  6.588E-06  5.239E-06  3.806E-06  2.245E-06
  6.990E-06  5.794E-06  4.550E-06  3.247E-06  1.870E-06
  3.982E-06  3.220E-06  2.464E-06  1.721E-06  1.007E-06
  7.865E-06  6.595E-06  5.259E-06  3.836E-06  2.275E-06
  8.254E-06  6.968E-06  5.609E-06  4.151E-06  2.522E-06
  8.048E-06  6.764E-06  5.416E-06  3.982E-06  2.405E-06
  8.425E-06  7.118E-06  5.738E-06  4.258E-06  2.604E-06
  9.595E-06  8.154E-06  6.620E-06  4.958E-06  3.069E-06
  9.328E-06  7.921E-06  6.425E-06  4.805E-06  2.972E-06
  9.294E-06  7.895E-06  6.407E-06  4.796E-06  2.970E-06
  9.803E-06  8.349E-06  6.797E-06  5.105E-06  3.174E-06
  9.883E-06  8.424E-06  6.868E-06  5.171E-06  3.227E-06
  1.019E-05  8.706E-06  7.119E-06  5.382E-06  3.379E-06
  1.038E-05  8.879E-06  7.271E-06  5.508E-06  3.472E-06
  1.085E-05  9.305E-06  7.646E-06  5.817E-06  3.686E-06
  1.109E-05  9.497E-06  7.783E-06  5.895E-06  3.703E-06
  1.113E-05  9.533E-06  7.815E-06  5.920E-06  3.717E-06
  1.135E-05  9.738E-06  8.006E-06  6.092E-06  3.861E-06
  1.156E-05  9.927E-06  8.161E-06  6.206E-06  3.919E-06
  1.161E-05  9.939E-06  8.141E-06  6.161E-06  3.870E-06
  1.219E-05  1.048E-05  8.639E-06  6.587E-06  4.177E-06
  1.159E-05  9.970E-06  8.220E-06  6.276E-06  3.992E-06
  1.231E-05  1.065E-05  8.831E-06  6.797E-06  4.374E-06
  1.176E-05  1.015E-05  8.410E-06  6.464E-06  4.152E-06
  1.292E-05  1.122E-05  9.364E-06  7.279E-06  4.763E-06
  1.394E-05  1.215E-05  1.020E-05  7.979E-06  5.269E-06
  1.416E-05  1.234E-05  1.036E-05  8.100E-06  5.345E-06
  1.450E-05  1.264E-05  1.060E-05  8.277E-06  5.436E-06
  1.443E-05  1.259E-05  1.057E-05  8.272E-06  5.453E-06
  1.452E-05  1.268E-05  1.065E-05  8.334E-06  5.497E-06
  1.375E-05  1.192E-05  9.917E-06  7.655E-06  4.947E-06
  1.461E-05  1.276E-05  1.073E-05  8.397E-06  5.532E-06
  1.467E-05  1.284E-05  1.082E-05  8.514E-06  5.666E-06
  1.537E-05  1.349E-05  1.141E-05  9.016E-06  6.044E-06
  1.532E-05  1.345E-05  1.139E-05  9.021E-06  6.073E-06
  1.564E-05  1.375E-05  1.166E-05  9.257E-06  6.256E-06
  1.608E-05  1.417E-05  1.205E-05  9.595E-06  6.519E-06
  1.648E-05  1.454E-05  1.240E-05  9.910E-06  6.774E-06
  1.621E-05  1.430E-05  1.218E-05  9.731E-06  6.654E-06
  1.742E-05  1.543E-05  1.321E-05  1.062E-05  7.326E-06
  1.634E-05  1.442E-05  1.228E-05  9.819E-06  6.723E-06
  1.634E-05  1.443E-05  1.231E-05  9.857E-06  6.775E-06
  1.691E-05  1.496E-05  1.279E-05  1.027E-05  7.093E-06
  1.736E-05  1.537E-05  1.314E-05  1.056E-05  7.293E-06
  1.751E-05  1.552E-05  1.330E-05  1.070E-05  7.403E-06
  1.849E-05  1.642E-05  1.409E-05  1.137E-05  7.883E-06
  1.866E-05  1.657E-05  1.424E-05  1.150E-05  8.004E-06
  1.837E-05  1.632E-05  1.404E-05  1.136E-05  7.941E-06
  1.871E-05  1.671E-05  1.446E-05  1.180E-05  8.343E-06
  1.749E-05  1.566E-05  1.357E-05  1.107E-05  7.790E-06
  1.939E-05  1.730E-05  1.490E-05  1.203E-05  8.335E-06
  2.080E-05  1.860E-05  1.607E-05  1.303E-05  9.074E-06
  2.242E-05  1.987E-05  1.699E-05  1.363E-05  9.407E-06
  2.398E-05  2.115E-05  1.798E-05  1.433E-05  9.831E-06
  2.021E-05  1.790E-05  1.530E-05  1.226E-05  8.477E-06
  2.503E-05  2.196E-05  1.855E-05  1.470E-05  1.000E-05
  2.550E-05  2.226E-05  1.871E-05  1.475E-05  1.000E-05
  2.238E-05  2.005E-05  1.735E-05  1.409E-05  9.840E-06
  2.616E-05  2.285E-05  1.924E-05  1.520E-05  1.035E-05
  1.996E-05  1.719E-05  1.424E-05  1.106E-05  7.434E-06
  2.653E-05  2.316E-05  1.948E-05  1.538E-05  1.046E-05
  2.015E-05  1.787E-05  1.528E-05  1.222E-05  8.420E-06
  2.844E-05  2.498E-05  2.119E-05  1.692E-05  1.171E-05
  2.942E-05  2.581E-05  2.188E-05  1.749E-05  1.215E-05
  2.956E-05  2.594E-05  2.201E-05  1.761E-05  1.225E-05
  2.959E-05  2.598E-05  2.205E-05  1.765E-05  1.230E-05
  2.939E-05  2.585E-05  2.198E-05  1.763E-05  1.232E-05
  2.967E-05  2.639E-05  2.271E-05  1.843E-05  1.303E-05
  2.692E-05  2.429E-05  2.126E-05  1.761E-05  1.276E-05
  3.084E-05  2.723E-05  2.326E-05  1.877E-05  1.324E-05
  3.118E-05  2.752E-05  2.351E-05  1.899E-05  1.341E-05
  3.164E-05  2.792E-05  2.385E-05  1.926E-05  1.362E-05
  3.130E-05  2.764E-05  2.362E-05  1.909E-05  1.351E-05
  3.153E-05  2.784E-05  2.380E-05  1.923E-05  1.361E-05
  3.109E-05  2.746E-05  2.348E-05  1.898E-05  1.344E-05
  3.181E-05  2.809E-05  2.402E-05  1.941E-05  1.372E-05
  3.182E-05  2.810E-05  2.401E-05  1.939E-05  1.368E-05
  3.134E-05  2.759E-05  2.348E-05  1.885E-05  1.319E-05
  2.962E-05  2.598E-05  2.199E-05  1.750E-05  1.210E-05
  3.141E-05  2.819E-05  2.451E-05  2.015E-05  1.449E-05
  2.943E-05  2.663E-05  2.339E-05  1.947E-05  1.423E-05
  3.378E-05  3.002E-05  2.585E-05  2.107E-05  1.505E-05
  3.353E-05  2.974E-05  2.557E-05  2.079E-05  1.483E-05
  3.388E-05  3.012E-05  2.598E-05  2.124E-05  1.529E-05
  3.463E-05  3.085E-05  2.668E-05  2.191E-05  1.589E-05
  3.464E-05  3.086E-05  2.669E-05  2.193E-05  1.592E-05
  3.497E-05  3.119E-05  2.702E-05  2.224E-05  1.621E-05
  3.554E-05  3.172E-05  2.751E-05  2.268E-05  1.656E-05
  3.633E-05  3.248E-05  2.822E-05  2.332E-05  1.708E-05
  3.567E-05  3.187E-05  2.766E-05  2.283E-05  1.671E-05
  3.604E-05  3.223E-05  2.802E-05  2.317E-05  1.700E-05
  3.694E-05  3.307E-05  2.880E-05  2.387E-05  1.757E-05
  3.675E-05  3.290E-05  2.864E-05  2.373E-05  1.747E-05
  3.721E-05  3.334E-05  2.906E-05  2.411E-05  1.779E-05
  3.733E-05  3.346E-05  2.918E-05  2.423E-05  1.790E-05
  3.756E-05  3.370E-05  2.941E-05  2.445E-05  1.809E-05
  3.809E-05  3.420E-05  2.988E-05  2.488E-05  1.844E-05
  3.815E-05  3.429E-05  2.999E-05  2.499E-05  1.856E-05
  3.780E-05  3.399E-05  2.976E-05  2.483E-05  1.848E-05
  3.853E-05  3.465E-05  3.033E-05  2.532E-05  1.885E-05
  3.877E-05  3.489E-05  3.057E-05  2.555E-05  1.906E-05
  3.897E-05  3.508E-05  3.076E-05  2.572E-05  1.920E-05
  3.904E-05  3.517E-05  3.086E-05  2.583E-05  1.931E-05
  3.930E-05  3.544E-05  3.112E-05  2.608E-05  1.952E-05
  3.931E-05  3.550E-05  3.122E-05  2.620E-05  1.965E-05
  3.774E-05  3.444E-05  3.061E-05  2.593E-05  1.960E-05
  3.365E-05  3.100E-05  2.787E-05  2.395E-05  1.849E-05
  3.925E-05  3.552E-05  3.132E-05  2.636E-05  1.985E-05
  3.979E-05  3.596E-05  3.166E-05  2.662E-05  2.005E-05
  3.941E-05  3.562E-05  3.137E-05  2.640E-05  1.992E-05
  3.994E-05  3.613E-05  3.185E-05  2.684E-05  2.029E-05
  4.064E-05  3.677E-05  3.244E-05  2.735E-05  2.070E-05
  3.999E-05  3.617E-05  3.189E-05  2.688E-05  2.035E-05
  3.961E-05  3.583E-05  3.160E-05  2.665E-05  2.019E-05
  4.081E-05  3.695E-05  3.262E-05  2.754E-05  2.088E-05
  4.056E-05  3.675E-05  3.248E-05  2.745E-05  2.086E-05
  4.128E-05  3.743E-05  3.310E-05  2.802E-05  2.132E-05
  4.114E-05  3.729E-05  3.298E-05  2.791E-05  2.125E-05
  4.135E-05  3.751E-05  3.320E-05  2.812E-05  2.144E-05
  4.136E-05  3.753E-05  3.323E-05  2.816E-05  2.148E-05
  4.103E-05  3.724E-05  3.298E-05  2.796E-05  2.136E-05
  3.977E-05  3.611E-05  3.199E-05  2.715E-05  2.079E-05
  4.021E-05  3.652E-05  3.237E-05  2.749E-05  2.107E-05
  4.110E-05  3.735E-05  3.313E-05  2.816E-05  2.160E-05
  4.157E-05  3.780E-05  3.357E-05  2.856E-05  2.194E-05
  4.256E-05  3.872E-05  3.440E-05  2.928E-05  2.249E-05
  4.114E-05  3.742E-05  3.323E-05  2.828E-05  2.176E-05
  4.260E-05  3.879E-05  3.450E-05  2.941E-05  2.266E-05
  4.293E-05  3.912E-05  3.482E-05  2.972E-05  2.293E-05
  4.204E-05  3.831E-05  3.410E-05  2.910E-05  2.246E-05
  4.298E-05  3.919E-05  3.491E-05  2.983E-05  2.307E-05
  4.287E-05  3.911E-05  3.487E-05  2.982E-05  2.310E-05
  4.303E-05  3.927E-05  3.502E-05  2.996E-05  2.322E-05
  4.277E-05  3.904E-05  3.483E-05  2.981E-05  2.313E-05
  4.321E-05  3.946E-05  3.523E-05  3.017E-05  2.342E-05
  4.343E-05  3.969E-05  3.546E-05  3.041E-05  2.365E-05
  4.364E-05  3.988E-05  3.563E-05  3.056E-05  2.378E-05
  4.398E-05  4.020E-05  3.593E-05  3.083E-05  2.400E-05
  4.407E-05  4.029E-05  3.602E-05  3.092E-05  2.410E-05
  4.414E-05  4.039E-05  3.614E-05  3.105E-05  2.423E-05
  4.454E-05  4.077E-05  3.650E-05  3.139E-05  2.452E-05
  4.420E-05  4.046E-05  3.623E-05  3.117E-05  2.437E-05
  4.418E-05  4.046E-05  3.624E-05  3.119E-05  2.441E-05
  4.440E-05  4.068E-05  3.645E-05  3.140E-05  2.460E-05
  4.489E-05  4.115E-05  3.690E-05  3.180E-05  2.493E-05
  4.501E-05  4.127E-05  3.702E-05  3.192E-05  2.504E-05
  4.489E-05  4.117E-05  3.693E-05  3.185E-05  2.501E-05
  4.517E-05  4.145E-05  3.721E-05  3.212E-05  2.525E-05
  4.510E-05  4.138E-05  3.715E-05  3.207E-05  2.522E-05
  4.556E-05  4.184E-05  3.761E-05  3.251E-05  2.562E-05
  4.552E-05  4.181E-05  3.759E-05  3.251E-05  2.563E-05
  4.566E-05  4.196E-05  3.774E-05  3.266E-05  2.577E-05
  4.570E-05  4.200E-05  3.779E-05  3.271E-05  2.582E-05
  4.586E-05  4.217E-05  3.795E-05  3.288E-05  2.599E-05
  4.599E-05  4.230E-05  3.810E-05  3.302E-05  2.614E-05
  4.593E-05  4.225E-05  3.805E-05  3.299E-05  2.612E-05
  4.605E-05  4.238E-05  3.819E-05  3.313E-05  2.626E-05
  4.523E-05  4.163E-05  3.752E-05  3.255E-05  2.583E-05
  4.621E-05  4.255E-05  3.837E-05  3.332E-05  2.645E-05
  4.630E-05  4.265E-05  3.847E-05  3.342E-05  2.655E-05
  4.642E-05  4.277E-05  3.860E-05  3.356E-05  2.668E-05
  4.649E-05  4.285E-05  3.869E-05  3.364E-05  2.677E-05
  4.654E-05  4.291E-05  3.875E-05  3.372E-05  2.685E-05
  4.654E-05  4.291E-05  3.876E-05  3.373E-05  2.688E-05
  4.658E-05  4.297E-05  3.883E-05  3.381E-05  2.697E-05
  4.682E-05  4.321E-05  3.907E-05  3.405E-05  2.719E-05
  4.688E-05  4.327E-05  3.914E-05  3.412E-05  2.726E-05
  4.689E-05  4.329E-05  3.917E-05  3.415E-05  2.730E-05
  4.688E-05  4.329E-05  3.917E-05  3.417E-05  2.734E-05
  4.649E-05  4.293E-05  3.885E-05  3.390E-05  2.715E-05
  4.683E-05  4.326E-05  3.916E-05  3.419E-05  2.738E-05
  4.657E-05  4.302E-05  3.896E-05  3.402E-05  2.728E-05
  4.714E-05  4.357E-05  3.948E-05  3.450E-05  2.768E-05
  4.727E-05  4.371E-05  3.962E-05  3.464E-05  2.782E-05
  4.712E-05  4.357E-05  3.950E-05  3.454E-05  2.775E-05
  4.693E-05  4.340E-05  3.934E-05  3.440E-05  2.764E-05
  4.743E-05  4.389E-05  3.982E-05  3.486E-05  2.805E-05
  4.752E-05  4.399E-05  3.992E-05  3.497E-05  2.816E-05
  4.734E-05  4.382E-05  3.977E-05  3.483E-05  2.806E-05
  4.746E-05  4.395E-05  3.991E-05  3.497E-05  2.820E-05
  4.762E-05  4.412E-05  4.009E-05  3.516E-05  2.838E-05
  4.767E-05  4.418E-05  4.015E-05  3.523E-05  2.846E-05
  4.771E-05  4.422E-05  4.020E-05  3.528E-05  2.851E-05
  4.751E-05  4.403E-05  4.003E-05  3.514E-05  2.842E-05
  4.765E-05  4.418E-05  4.018E-05  3.529E-05  2.856E-05
  4.755E-05  4.411E-05  4.014E-05  3.528E-05  2.859E-05
  4.766E-05  4.422E-05  4.025E-05  3.539E-05  2.869E-05
  4.744E-05  4.403E-05  4.009E-05  3.526E-05  2.860E-05
  4.785E-05  4.445E-05  4.050E-05  3.565E-05  2.894E-05
  4.777E-05  4.444E-05  4.055E-05  3.575E-05  2.907E-05
  4.606E-05  4.315E-05  3.966E-05  3.522E-05  2.886E-05
  3.989E-05  3.776E-05  3.514E-05  3.172E-05  2.667E-05
  4.749E-05  4.427E-05  4.048E-05  3.576E-05  2.916E-05
  4.809E-05  4.473E-05  4.084E-05  3.603E-05  2.935E-05
  4.821E-05  4.484E-05  4.092E-05  3.610E-05  2.942E-05
  4.828E-05  4.490E-05  4.098E-05  3.617E-05  2.949E-05
  4.824E-05  4.486E-05  4.094E-05  3.613E-05  2.947E-05
  4.840E-05  4.503E-05  4.112E-05  3.632E-05  2.965E-05
  4.838E-05  4.501E-05  4.111E-05  3.631E-05  2.965E-05
  4.847E-05  4.511E-05  4.121E-05  3.642E-05  2.976E-05
  4.847E-05  4.512E-05  4.123E-05  3.645E-05  2.980E-05
  4.851E-05  4.516E-05  4.128E-05  3.650E-05  2.986E-05
  4.855E-05  4.521E-05  4.133E-05  3.656E-05  2.993E-05
  4.855E-05  4.522E-05  4.136E-05  3.659E-05  2.997E-05
  4.861E-05  4.529E-05  4.143E-05  3.668E-05  3.006E-05
  4.856E-05  4.524E-05  4.139E-05  3.665E-05  3.005E-05
  4.864E-05  4.533E-05  4.148E-05  3.674E-05  3.015E-05
  4.869E-05  4.539E-05  4.155E-05  3.682E-05  3.024E-05
  4.870E-05  4.541E-05  4.158E-05  3.686E-05  3.028E-05
  4.873E-05  4.544E-05  4.162E-05  3.691E-05  3.034E-05
  4.874E-05  4.546E-05  4.165E-05  3.694E-05  3.038E-05
  4.878E-05  4.550E-05  4.170E-05  3.701E-05  3.046E-05
  4.880E-05  4.553E-05  4.174E-05  3.705E-05  3.051E-05
  4.871E-05  4.546E-05  4.167E-05  3.700E-05  3.047E-05
  4.880E-05  4.556E-05  4.178E-05  3.711E-05  3.059E-05
  4.885E-05  4.561E-05  4.184E-05  3.717E-05  3.066E-05
  4.885E-05  4.562E-05  4.185E-05  3.720E-05  3.069E-05
  4.886E-05  4.564E-05  4.188E-05  3.723E-05  3.074E-05
  4.887E-05  4.566E-05  4.192E-05  3.728E-05  3.081E-05
  4.883E-05  4.562E-05  4.188E-05  3.725E-05  3.079E-05
  4.880E-05  4.560E-05  4.187E-05  3.725E-05  3.080E-05
  4.885E-05  4.566E-05  4.194E-05  3.733E-05  3.089E-05
  4.874E-05  4.555E-05  4.184E-05  3.724E-05  3.082E-05
  4.882E-05  4.564E-05  4.194E-05  3.735E-05  3.093E-05
  4.892E-05  4.575E-05  4.205E-05  3.746E-05  3.104E-05
  4.896E-05  4.580E-05  4.211E-05  3.753E-05  3.112E-05
  4.897E-05  4.581E-05  4.213E-05  3.756E-05  3.116E-05
  4.884E-05  4.569E-05  4.202E-05  3.747E-05  3.109E-05
  4.896E-05  4.581E-05  4.215E-05  3.759E-05  3.121E-05
  4.892E-05  4.578E-05  4.213E-05  3.759E-05  3.123E-05
  4.901E-05  4.589E-05  4.224E-05  3.770E-05  3.133E-05
  4.903E-05  4.591E-05  4.227E-05  3.775E-05  3.139E-05
  4.891E-05  4.580E-05  4.217E-05  3.765E-05  3.132E-05
  4.878E-05  4.568E-05  4.206E-05  3.756E-05  3.126E-05
  4.890E-05  4.580E-05  4.219E-05  3.770E-05  3.139E-05
  4.895E-05  4.587E-05  4.226E-05  3.777E-05  3.147E-05
  4.902E-05  4.595E-05  4.235E-05  3.787E-05  3.156E-05
  4.895E-05  4.588E-05  4.229E-05  3.782E-05  3.154E-05
  4.897E-05  4.591E-05  4.233E-05  3.786E-05  3.159E-05
  4.902E-05  4.596E-05  4.238E-05  3.793E-05  3.166E-05
  4.906E-05  4.601E-05  4.244E-05  3.799E-05  3.173E-05
  4.903E-05  4.598E-05  4.242E-05  3.798E-05  3.173E-05
  4.902E-05  4.598E-05  4.243E-05  3.800E-05  3.176E-05
  4.902E-05  4.599E-05  4.244E-05  3.803E-05  3.180E-05
  4.903E-05  4.601E-05  4.248E-05  3.806E-05  3.185E-05
  4.902E-05  4.601E-05  4.248E-05  3.808E-05  3.188E-05
  4.879E-05  4.579E-05  4.228E-05  3.790E-05  3.173E-05
  4.900E-05  4.601E-05  4.250E-05  3.812E-05  3.194E-05
  4.891E-05  4.592E-05  4.241E-05  3.804E-05  3.187E-05
  4.900E-05  4.602E-05  4.252E-05  3.815E-05  3.198E-05
  4.889E-05  4.592E-05  4.243E-05  3.808E-05  3.194E-05
  4.892E-05  4.597E-05  4.251E-05  3.818E-05  3.206E-05
  4.901E-05  4.605E-05  4.258E-05  3.824E-05  3.210E-05
  4.901E-05  4.605E-05  4.259E-05  3.826E-05  3.214E-05
  4.891E-05  4.597E-05  4.252E-05  3.820E-05  3.210E-05
  4.894E-05  4.601E-05  4.256E-05  3.825E-05  3.216E-05
  4.899E-05  4.607E-05  4.263E-05  3.833E-05  3.224E-05
  4.898E-05  4.606E-05  4.263E-05  3.834E-05  3.226E-05
  4.895E-05  4.604E-05  4.261E-05  3.833E-05  3.226E-05
  4.876E-05  4.586E-05  4.245E-05  3.819E-05  3.216E-05
  4.878E-05  4.589E-05  4.249E-05  3.823E-05  3.220E-05
  4.895E-05  4.605E-05  4.265E-05  3.839E-05  3.236E-05
  4.894E-05  4.606E-05  4.267E-05  3.842E-05  3.239E-05
  4.886E-05  4.598E-05  4.260E-05  3.836E-05  3.235E-05
  4.888E-05  4.601E-05  4.263E-05  3.840E-05  3.240E-05
  4.882E-05  4.596E-05  4.259E-05  3.837E-05  3.238E-05
  4.888E-05  4.603E-05  4.267E-05  3.845E-05  3.247E-05
  4.879E-05  4.594E-05  4.258E-05  3.838E-05  3.241E-05
  4.885E-05  4.601E-05  4.266E-05  3.847E-05  3.251E-05
  4.886E-05  4.602E-05  4.269E-05  3.850E-05  3.255E-05
  4.883E-05  4.601E-05  4.268E-05  3.850E-05  3.256E-05
  4.882E-05  4.600E-05  4.267E-05  3.850E-05  3.258E-05
  4.841E-05  4.562E-05  4.233E-05  3.821E-05  3.235E-05
  4.865E-05  4.585E-05  4.255E-05  3.840E-05  3.251E-05
  4.854E-05  4.575E-05  4.246E-05  3.833E-05  3.247E-05
  4.868E-05  4.589E-05  4.260E-05  3.847E-05  3.260E-05
  4.875E-05  4.596E-05  4.268E-05  3.855E-05  3.267E-05
  4.872E-05  4.594E-05  4.266E-05  3.854E-05  3.268E-05
  4.864E-05  4.586E-05  4.260E-05  3.849E-05  3.264E-05
  4.837E-05  4.562E-05  4.237E-05  3.830E-05  3.251E-05
  4.863E-05  4.587E-05  4.261E-05  3.852E-05  3.270E-05
  4.865E-05  4.589E-05  4.264E-05  3.855E-05  3.273E-05
  4.841E-05  4.566E-05  4.242E-05  3.836E-05  3.258E-05
  4.860E-05  4.586E-05  4.263E-05  3.856E-05  3.276E-05
  4.851E-05  4.578E-05  4.255E-05  3.849E-05  3.271E-05
  4.848E-05  4.576E-05  4.256E-05  3.852E-05  3.276E-05
  4.837E-05  4.566E-05  4.245E-05  3.842E-05  3.269E-05
  4.835E-05  4.564E-05  4.244E-05  3.842E-05  3.268E-05
  4.715E-05  4.450E-05  4.139E-05  3.747E-05  3.192E-05
  4.833E-05  4.564E-05  4.245E-05  3.844E-05  3.271E-05
  4.491E-05  4.238E-05  3.941E-05  3.570E-05  3.049E-05
  4.851E-05  4.582E-05  4.264E-05  3.863E-05  3.289E-05
  4.817E-05  4.553E-05  4.241E-05  3.846E-05  3.280E-05
  4.803E-05  4.540E-05  4.229E-05  3.836E-05  3.274E-05
  4.851E-05  4.583E-05  4.265E-05  3.865E-05  3.293E-05
  4.828E-05  4.564E-05  4.251E-05  3.855E-05  3.287E-05
  4.485E-05  4.243E-05  3.957E-05  3.596E-05  3.084E-05
  4.806E-05  4.542E-05  4.229E-05  3.835E-05  3.272E-05
  4.847E-05  4.578E-05  4.262E-05  3.863E-05  3.294E-05
  4.830E-05  4.567E-05  4.254E-05  3.859E-05  3.294E-05
  4.673E-05  4.436E-05  4.152E-05  3.788E-05  3.258E-05
  4.815E-05  4.558E-05  4.251E-05  3.860E-05  3.299E-05
  4.838E-05  4.572E-05  4.257E-05  3.861E-05  3.297E-05
  4.800E-05  4.536E-05  4.224E-05  3.833E-05  3.276E-05
  4.819E-05  4.555E-05  4.242E-05  3.849E-05  3.289E-05
  4.783E-05  4.534E-05  4.234E-05  3.852E-05  3.297E-05
  4.615E-05  4.391E-05  4.120E-05  3.769E-05  3.253E-05
  4.821E-05  4.561E-05  4.253E-05  3.864E-05  3.306E-05
  4.829E-05  4.565E-05  4.254E-05  3.863E-05  3.305E-05
  4.819E-05  4.555E-05  4.244E-05  3.854E-05  3.299E-05
  4.825E-05  4.560E-05  4.249E-05  3.858E-05  3.302E-05
  4.824E-05  4.561E-05  4.251E-05  3.862E-05  3.306E-05
  4.811E-05  4.554E-05  4.248E-05  3.862E-05  3.309E-05
  4.564E-05  4.348E-05  4.086E-05  3.745E-05  3.241E-05
  4.726E-05  4.492E-05  4.208E-05  3.841E-05  3.303E-05
  4.810E-05  4.553E-05  4.248E-05  3.863E-05  3.312E-05
  4.789E-05  4.531E-05  4.227E-05  3.845E-05  3.299E-05
  4.753E-05  4.497E-05  4.195E-05  3.816E-05  3.276E-05
  4.791E-05  4.533E-05  4.228E-05  3.845E-05  3.299E-05
  4.806E-05  4.547E-05  4.242E-05  3.858E-05  3.311E-05
  4.804E-05  4.545E-05  4.240E-05  3.858E-05  3.311E-05
  4.799E-05  4.542E-05  4.238E-05  3.857E-05  3.311E-05
  4.794E-05  4.539E-05  4.238E-05  3.858E-05  3.313E-05
  4.748E-05  4.504E-05  4.211E-05  3.838E-05  3.300E-05
  4.453E-05  4.265E-05  4.031E-05  3.720E-05  3.246E-05
  4.718E-05  4.480E-05  4.193E-05  3.826E-05  3.294E-05
  4.772E-05  4.521E-05  4.224E-05  3.848E-05  3.309E-05
  4.781E-05  4.527E-05  4.228E-05  3.851E-05  3.312E-05
  4.781E-05  4.527E-05  4.228E-05  3.852E-05  3.313E-05
  4.776E-05  4.523E-05  4.225E-05  3.849E-05  3.312E-05
  4.773E-05  4.521E-05  4.223E-05  3.848E-05  3.312E-05
  4.770E-05  4.518E-05  4.220E-05  3.846E-05  3.310E-05
  4.768E-05  4.517E-05  4.220E-05  3.847E-05  3.313E-05
  4.707E-05  4.460E-05  4.169E-05  3.802E-05  3.279E-05
  4.757E-05  4.507E-05  4.212E-05  3.841E-05  3.309E-05
  4.750E-05  4.501E-05  4.207E-05  3.836E-05  3.306E-05
  4.755E-05  4.506E-05  4.213E-05  3.843E-05  3.312E-05
  4.752E-05  4.504E-05  4.212E-05  3.843E-05  3.313E-05
  4.741E-05  4.496E-05  4.206E-05  3.839E-05  3.312E-05
  4.698E-05  4.468E-05  4.191E-05  3.833E-05  3.310E-05
  4.370E-05  4.199E-05  3.984E-05  3.693E-05  3.243E-05
  4.702E-05  4.470E-05  4.190E-05  3.830E-05  3.308E-05
  4.730E-05  4.488E-05  4.200E-05  3.836E-05  3.312E-05
  4.725E-05  4.482E-05  4.194E-05  3.830E-05  3.308E-05
  4.716E-05  4.473E-05  4.185E-05  3.823E-05  3.303E-05
  4.721E-05  4.477E-05  4.189E-05  3.826E-05  3.305E-05
  4.707E-05  4.465E-05  4.179E-05  3.818E-05  3.300E-05
  4.718E-05  4.476E-05  4.189E-05  3.828E-05  3.309E-05
  4.716E-05  4.474E-05  4.188E-05  3.827E-05  3.309E-05
  4.713E-05  4.471E-05  4.186E-05  3.826E-05  3.308E-05
  4.705E-05  4.463E-05  4.179E-05  3.819E-05  3.303E-05
  4.705E-05  4.464E-05  4.180E-05  3.821E-05  3.306E-05
  4.701E-05  4.461E-05  4.177E-05  3.819E-05  3.305E-05
  4.699E-05  4.460E-05  4.177E-05  3.820E-05  3.306E-05
  4.695E-05  4.456E-05  4.174E-05  3.818E-05  3.305E-05
  4.692E-05  4.453E-05  4.172E-05  3.817E-05  3.305E-05
  4.685E-05  4.448E-05  4.167E-05  3.812E-05  3.302E-05
  4.678E-05  4.441E-05  4.162E-05  3.808E-05  3.300E-05
  4.677E-05  4.441E-05  4.161E-05  3.808E-05  3.300E-05
  4.678E-05  4.442E-05  4.163E-05  3.811E-05  3.303E-05
  4.675E-05  4.440E-05  4.161E-05  3.810E-05  3.303E-05
  4.671E-05  4.436E-05  4.159E-05  3.808E-05  3.302E-05
  4.665E-05  4.432E-05  4.156E-05  3.806E-05  3.301E-05
  4.597E-05  4.383E-05  4.124E-05  3.789E-05  3.296E-05
  4.507E-05  4.305E-05  4.060E-05  3.742E-05  3.269E-05
  4.639E-05  4.409E-05  4.137E-05  3.792E-05  3.294E-05
  4.629E-05  4.400E-05  4.128E-05  3.785E-05  3.289E-05
  4.625E-05  4.396E-05  4.126E-05  3.784E-05  3.290E-05
  4.618E-05  4.391E-05  4.122E-05  3.782E-05  3.290E-05
  4.602E-05  4.376E-05  4.109E-05  3.770E-05  3.281E-05
  4.596E-05  4.371E-05  4.105E-05  3.769E-05  3.281E-05
  4.590E-05  4.367E-05  4.102E-05  3.768E-05  3.283E-05
  4.571E-05  4.350E-05  4.087E-05  3.755E-05  3.274E-05
  4.571E-05  4.350E-05  4.089E-05  3.757E-05  3.277E-05
  4.556E-05  4.337E-05  4.077E-05  3.748E-05  3.270E-05
  4.542E-05  4.324E-05  4.066E-05  3.738E-05  3.264E-05
  4.500E-05  4.287E-05  4.033E-05  3.711E-05  3.245E-05
  4.519E-05  4.304E-05  4.049E-05  3.726E-05  3.257E-05
  4.506E-05  4.292E-05  4.039E-05  3.717E-05  3.250E-05
  4.481E-05  4.269E-05  4.019E-05  3.700E-05  3.237E-05
  4.477E-05  4.269E-05  4.020E-05  3.703E-05  3.241E-05
  4.273E-05  4.107E-05  3.902E-05  3.628E-05  3.208E-05
  4.429E-05  4.233E-05  3.996E-05  3.689E-05  3.235E-05
  4.470E-05  4.263E-05  4.016E-05  3.702E-05  3.243E-05
  4.468E-05  4.261E-05  4.015E-05  3.702E-05  3.244E-05
  4.457E-05  4.251E-05  4.006E-05  3.694E-05  3.239E-05
  4.445E-05  4.240E-05  3.997E-05  3.686E-05  3.233E-05
  4.440E-05  4.236E-05  3.994E-05  3.685E-05  3.234E-05
  4.415E-05  4.213E-05  3.973E-05  3.667E-05  3.219E-05
  4.414E-05  4.213E-05  3.973E-05  3.669E-05  3.222E-05
  4.408E-05  4.207E-05  3.969E-05  3.665E-05  3.220E-05
  4.389E-05  4.190E-05  3.953E-05  3.651E-05  3.208E-05
  4.394E-05  4.196E-05  3.959E-05  3.658E-05  3.217E-05
  4.385E-05  4.187E-05  3.952E-05  3.653E-05  3.213E-05
  4.373E-05  4.176E-05  3.943E-05  3.644E-05  3.207E-05
  4.350E-05  4.155E-05  3.923E-05  3.627E-05  3.193E-05
  4.343E-05  4.150E-05  3.920E-05  3.626E-05  3.194E-05
  4.348E-05  4.155E-05  3.925E-05  3.631E-05  3.199E-05
  4.314E-05  4.124E-05  3.898E-05  3.608E-05  3.182E-05
  4.303E-05  4.113E-05  3.887E-05  3.599E-05  3.175E-05
  4.299E-05  4.110E-05  3.885E-05  3.596E-05  3.172E-05
  4.311E-05  4.122E-05  3.897E-05  3.609E-05  3.184E-05
  4.259E-05  4.073E-05  3.852E-05  3.569E-05  3.152E-05
  4.275E-05  4.089E-05  3.867E-05  3.583E-05  3.165E-05
  4.257E-05  4.073E-05  3.853E-05  3.572E-05  3.157E-05
  4.267E-05  4.082E-05  3.862E-05  3.580E-05  3.164E-05
  4.264E-05  4.081E-05  3.861E-05  3.581E-05  3.165E-05
  4.255E-05  4.072E-05  3.854E-05  3.575E-05  3.161E-05
  4.241E-05  4.060E-05  3.843E-05  3.565E-05  3.154E-05
  4.236E-05  4.055E-05  3.839E-05  3.563E-05  3.153E-05
  4.226E-05  4.047E-05  3.832E-05  3.557E-05  3.148E-05
  4.216E-05  4.038E-05  3.824E-05  3.550E-05  3.144E-05
  4.209E-05  4.032E-05  3.819E-05  3.547E-05  3.142E-05
  4.199E-05  4.022E-05  3.811E-05  3.540E-05  3.137E-05
  4.188E-05  4.013E-05  3.803E-05  3.534E-05  3.133E-05
  4.178E-05  4.004E-05  3.795E-05  3.527E-05  3.128E-05
  4.169E-05  3.996E-05  3.788E-05  3.522E-05  3.124E-05
  4.158E-05  3.988E-05  3.782E-05  3.518E-05  3.122E-05
  4.121E-05  3.961E-05  3.765E-05  3.508E-05  3.118E-05
  3.826E-05  3.713E-05  3.568E-05  3.367E-05  3.040E-05
  4.110E-05  3.950E-05  3.753E-05  3.497E-05  3.110E-05
  4.121E-05  3.954E-05  3.753E-05  3.494E-05  3.105E-05
  4.117E-05  3.950E-05  3.749E-05  3.490E-05  3.103E-05
  4.108E-05  3.941E-05  3.741E-05  3.484E-05  3.098E-05
  4.101E-05  3.935E-05  3.736E-05  3.480E-05  3.096E-05
  4.084E-05  3.919E-05  3.721E-05  3.466E-05  3.085E-05
  4.073E-05  3.910E-05  3.713E-05  3.459E-05  3.080E-05
  4.074E-05  3.912E-05  3.716E-05  3.463E-05  3.084E-05
  4.062E-05  3.900E-05  3.705E-05  3.453E-05  3.076E-05
  4.055E-05  3.894E-05  3.700E-05  3.450E-05  3.075E-05
  4.046E-05  3.886E-05  3.693E-05  3.445E-05  3.071E-05
  4.039E-05  3.880E-05  3.689E-05  3.441E-05  3.069E-05
  4.030E-05  3.872E-05  3.682E-05  3.436E-05  3.065E-05
  4.021E-05  3.864E-05  3.675E-05  3.430E-05  3.062E-05
  4.009E-05  3.853E-05  3.664E-05  3.421E-05  3.054E-05
  4.003E-05  3.848E-05  3.660E-05  3.418E-05  3.053E-05
  3.994E-05  3.840E-05  3.653E-05  3.412E-05  3.049E-05
  3.981E-05  3.828E-05  3.643E-05  3.405E-05  3.044E-05
  3.976E-05  3.823E-05  3.639E-05  3.401E-05  3.042E-05
  3.968E-05  3.816E-05  3.633E-05  3.397E-05  3.039E-05
  3.961E-05  3.810E-05  3.628E-05  3.392E-05  3.036E-05
  3.951E-05  3.801E-05  3.621E-05  3.387E-05  3.032E-05
  3.942E-05  3.793E-05  3.613E-05  3.380E-05  3.028E-05
  3.931E-05  3.783E-05  3.605E-05  3.373E-05  3.022E-05
  3.925E-05  3.779E-05  3.601E-05  3.371E-05  3.021E-05
  3.912E-05  3.766E-05  3.589E-05  3.360E-05  3.013E-05
  3.908E-05  3.763E-05  3.588E-05  3.360E-05  3.014E-05
  3.892E-05  3.748E-05  3.573E-05  3.347E-05  3.003E-05
  3.879E-05  3.736E-05  3.563E-05  3.338E-05  2.996E-05
  3.881E-05  3.739E-05  3.566E-05  3.343E-05  3.002E-05
  3.874E-05  3.733E-05  3.561E-05  3.339E-05  3.000E-05
  3.839E-05  3.700E-05  3.531E-05  3.312E-05  2.978E-05
  3.855E-05  3.716E-05  3.547E-05  3.327E-05  2.992E-05
  3.829E-05  3.692E-05  3.524E-05  3.307E-05  2.976E-05
  3.832E-05  3.694E-05  3.527E-05  3.310E-05  2.979E-05
  3.826E-05  3.690E-05  3.524E-05  3.308E-05  2.979E-05
  3.819E-05  3.683E-05  3.518E-05  3.304E-05  2.976E-05
  3.805E-05  3.670E-05  3.506E-05  3.292E-05  2.967E-05
  3.795E-05  3.661E-05  3.499E-05  3.287E-05  2.964E-05
  3.789E-05  3.656E-05  3.495E-05  3.284E-05  2.962E-05
  3.746E-05  3.616E-05  3.457E-05  3.251E-05  2.935E-05
  3.777E-05  3.645E-05  3.486E-05  3.278E-05  2.959E-05
  3.764E-05  3.633E-05  3.475E-05  3.268E-05  2.951E-05
  3.717E-05  3.589E-05  3.433E-05  3.231E-05  2.921E-05
  3.726E-05  3.597E-05  3.441E-05  3.238E-05  2.927E-05
  3.738E-05  3.611E-05  3.455E-05  3.252E-05  2.941E-05
  3.730E-05  3.603E-05  3.449E-05  3.247E-05  2.938E-05
  3.715E-05  3.589E-05  3.435E-05  3.235E-05  2.928E-05
  3.708E-05  3.583E-05  3.430E-05  3.231E-05  2.926E-05
  3.698E-05  3.574E-05  3.423E-05  3.225E-05  2.922E-05
  3.688E-05  3.564E-05  3.414E-05  3.218E-05  2.918E-05
  3.676E-05  3.554E-05  3.405E-05  3.211E-05  2.912E-05
  3.669E-05  3.548E-05  3.401E-05  3.208E-05  2.911E-05
  3.657E-05  3.537E-05  3.390E-05  3.199E-05  2.905E-05
  3.639E-05  3.519E-05  3.374E-05  3.183E-05  2.891E-05
  3.643E-05  3.524E-05  3.380E-05  3.191E-05  2.899E-05
  3.618E-05  3.500E-05  3.358E-05  3.171E-05  2.884E-05
  3.597E-05  3.481E-05  3.339E-05  3.154E-05  2.869E-05
  3.580E-05  3.464E-05  3.324E-05  3.140E-05  2.856E-05
  3.592E-05  3.477E-05  3.338E-05  3.154E-05  2.870E-05
  3.523E-05  3.410E-05  3.273E-05  3.095E-05  2.822E-05
  3.563E-05  3.451E-05  3.314E-05  3.136E-05  2.859E-05
  3.566E-05  3.453E-05  3.315E-05  3.134E-05  2.855E-05
  3.536E-05  3.427E-05  3.293E-05  3.117E-05  2.844E-05
  3.480E-05  3.373E-05  3.243E-05  3.072E-05  2.809E-05
  3.513E-05  3.404E-05  3.270E-05  3.094E-05  2.823E-05
  3.449E-05  3.346E-05  3.220E-05  3.054E-05  2.794E-05
  3.373E-05  3.274E-05  3.154E-05  2.995E-05  2.748E-05
  3.431E-05  3.326E-05  3.196E-05  3.026E-05  2.764E-05
  3.402E-05  3.297E-05  3.169E-05  3.001E-05  2.742E-05
  3.319E-05  3.224E-05  3.107E-05  2.952E-05  2.707E-05
  3.228E-05  3.139E-05  3.030E-05  2.885E-05  2.654E-05
  3.313E-05  3.212E-05  3.089E-05  2.927E-05  2.678E-05
  3.285E-05  3.184E-05  3.061E-05  2.900E-05  2.652E-05
  3.252E-05  3.153E-05  3.031E-05  2.873E-05  2.628E-05
  3.215E-05  3.119E-05  3.002E-05  2.848E-05  2.608E-05
  3.036E-05  2.960E-05  2.866E-05  2.739E-05  2.534E-05
  3.142E-05  3.052E-05  2.942E-05  2.795E-05  2.564E-05
  3.142E-05  3.048E-05  2.933E-05  2.782E-05  2.550E-05
  3.115E-05  3.022E-05  2.908E-05  2.758E-05  2.528E-05
  3.090E-05  2.998E-05  2.885E-05  2.737E-05  2.509E-05
  3.064E-05  2.973E-05  2.862E-05  2.716E-05  2.491E-05
  3.038E-05  2.948E-05  2.838E-05  2.694E-05  2.472E-05
  3.004E-05  2.917E-05  2.810E-05  2.670E-05  2.451E-05
  2.831E-05  2.765E-05  2.682E-05  2.568E-05  2.382E-05
  2.921E-05  2.843E-05  2.746E-05  2.615E-05  2.407E-05
  2.931E-05  2.846E-05  2.742E-05  2.606E-05  2.394E-05
  2.904E-05  2.819E-05  2.716E-05  2.581E-05  2.370E-05
  2.882E-05  2.799E-05  2.698E-05  2.564E-05  2.356E-05
  2.846E-05  2.766E-05  2.669E-05  2.539E-05  2.336E-05
  2.634E-05  2.580E-05  2.510E-05  2.412E-05  2.248E-05
  2.793E-05  2.717E-05  2.623E-05  2.498E-05  2.300E-05
  2.778E-05  2.698E-05  2.601E-05  2.474E-05  2.275E-05
  2.766E-05  2.687E-05  2.591E-05  2.464E-05  2.268E-05
  2.742E-05  2.664E-05  2.569E-05  2.444E-05  2.249E-05
  2.719E-05  2.642E-05  2.549E-05  2.425E-05  2.233E-05
  2.683E-05  2.611E-05  2.521E-05  2.401E-05  2.213E-05
  2.512E-05  2.460E-05  2.393E-05  2.300E-05  2.144E-05
  2.640E-05  2.569E-05  2.482E-05  2.365E-05  2.180E-05
  2.631E-05  2.557E-05  2.468E-05  2.350E-05  2.165E-05
  2.606E-05  2.533E-05  2.444E-05  2.327E-05  2.144E-05
  2.590E-05  2.518E-05  2.430E-05  2.314E-05  2.133E-05
  2.569E-05  2.498E-05  2.411E-05  2.296E-05  2.117E-05
  2.551E-05  2.480E-05  2.394E-05  2.280E-05  2.103E-05
  2.531E-05  2.461E-05  2.376E-05  2.264E-05  2.089E-05
  2.509E-05  2.440E-05  2.356E-05  2.245E-05  2.071E-05
  2.487E-05  2.419E-05  2.335E-05  2.225E-05  2.053E-05
  2.471E-05  2.404E-05  2.321E-05  2.212E-05  2.043E-05
  2.451E-05  2.384E-05  2.303E-05  2.195E-05  2.027E-05
  2.428E-05  2.362E-05  2.282E-05  2.175E-05  2.009E-05
  2.412E-05  2.347E-05  2.267E-05  2.162E-05  1.997E-05
  2.394E-05  2.329E-05  2.250E-05  2.146E-05  1.983E-05
  2.373E-05  2.309E-05  2.230E-05  2.127E-05  1.966E-05
  2.357E-05  2.294E-05  2.216E-05  2.114E-05  1.954E-05
  2.338E-05  2.275E-05  2.199E-05  2.098E-05  1.940E-05
  2.320E-05  2.258E-05  2.182E-05  2.083E-05  1.926E-05
  2.302E-05  2.241E-05  2.166E-05  2.067E-05  1.912E-05
  2.284E-05  2.224E-05  2.150E-05  2.053E-05  1.899E-05
  2.259E-05  2.202E-05  2.131E-05  2.036E-05  1.885E-05
  2.116E-05  2.075E-05  2.024E-05  1.951E-05  1.829E-05
  2.217E-05  2.162E-05  2.095E-05  2.003E-05  1.856E-05
  2.213E-05  2.155E-05  2.085E-05  1.991E-05  1.843E-05
  2.200E-05  2.143E-05  2.073E-05  1.980E-05  1.833E-05
  2.180E-05  2.123E-05  2.054E-05  1.961E-05  1.816E-05
  2.167E-05  2.111E-05  2.042E-05  1.951E-05  1.807E-05
  2.152E-05  2.096E-05  2.028E-05  1.937E-05  1.795E-05
  2.136E-05  2.081E-05  2.013E-05  1.923E-05  1.782E-05
  2.120E-05  2.065E-05  1.998E-05  1.910E-05  1.770E-05
  2.103E-05  2.049E-05  1.983E-05  1.895E-05  1.757E-05
  2.088E-05  2.035E-05  1.969E-05  1.882E-05  1.745E-05
  2.074E-05  2.021E-05  1.956E-05  1.869E-05  1.734E-05
  2.057E-05  2.004E-05  1.940E-05  1.854E-05  1.720E-05
  2.043E-05  1.991E-05  1.928E-05  1.843E-05  1.709E-05
  2.029E-05  1.978E-05  1.915E-05  1.831E-05  1.699E-05
  2.014E-05  1.963E-05  1.901E-05  1.817E-05  1.686E-05
  2.000E-05  1.949E-05  1.887E-05  1.805E-05  1.675E-05
  1.985E-05  1.935E-05  1.873E-05  1.792E-05  1.663E-05
  1.972E-05  1.922E-05  1.861E-05  1.780E-05  1.653E-05
  1.957E-05  1.908E-05  1.848E-05  1.768E-05  1.641E-05
  1.944E-05  1.895E-05  1.836E-05  1.756E-05  1.631E-05
  1.929E-05  1.881E-05  1.822E-05  1.743E-05  1.619E-05
  1.915E-05  1.868E-05  1.809E-05  1.731E-05  1.608E-05
  1.903E-05  1.856E-05  1.798E-05  1.720E-05  1.598E-05
  1.890E-05  1.843E-05  1.785E-05  1.708E-05  1.588E-05
  1.876E-05  1.829E-05  1.772E-05  1.696E-05  1.576E-05
  1.863E-05  1.817E-05  1.761E-05  1.685E-05  1.567E-05
  1.850E-05  1.804E-05  1.748E-05  1.673E-05  1.556E-05
  1.838E-05  1.792E-05  1.737E-05  1.663E-05  1.546E-05
  1.823E-05  1.778E-05  1.723E-05  1.649E-05  1.534E-05
  1.812E-05  1.768E-05  1.713E-05  1.641E-05  1.526E-05
  1.799E-05  1.755E-05  1.701E-05  1.629E-05  1.515E-05
  1.782E-05  1.739E-05  1.685E-05  1.614E-05  1.502E-05
  1.774E-05  1.731E-05  1.678E-05  1.607E-05  1.495E-05
  1.764E-05  1.721E-05  1.668E-05  1.598E-05  1.487E-05
  1.752E-05  1.709E-05  1.657E-05  1.588E-05  1.478E-05
  1.738E-05  1.696E-05  1.644E-05  1.575E-05  1.467E-05
  1.728E-05  1.686E-05  1.635E-05  1.567E-05  1.459E-05
  1.717E-05  1.675E-05  1.624E-05  1.557E-05  1.449E-05
  1.704E-05  1.663E-05  1.613E-05  1.546E-05  1.440E-05
  1.688E-05  1.648E-05  1.598E-05  1.532E-05  1.427E-05
  1.683E-05  1.643E-05  1.593E-05  1.527E-05  1.423E-05
  1.670E-05  1.630E-05  1.581E-05  1.515E-05  1.411E-05
  1.661E-05  1.621E-05  1.573E-05  1.508E-05  1.405E-05
  1.646E-05  1.608E-05  1.561E-05  1.497E-05  1.396E-05
  1.625E-05  1.588E-05  1.542E-05  1.481E-05  1.382E-05
  1.536E-05  1.510E-05  1.476E-05  1.428E-05  1.347E-05
  1.608E-05  1.573E-05  1.528E-05  1.467E-05  1.369E-05
  1.605E-05  1.568E-05  1.521E-05  1.459E-05  1.361E-05
  1.596E-05  1.559E-05  1.512E-05  1.450E-05  1.352E-05
  1.581E-05  1.544E-05  1.499E-05  1.438E-05  1.341E-05
  1.561E-05  1.525E-05  1.481E-05  1.422E-05  1.329E-05
  1.564E-05  1.528E-05  1.484E-05  1.424E-05  1.329E-05
  1.557E-05  1.521E-05  1.476E-05  1.416E-05  1.321E-05
  1.548E-05  1.512E-05  1.467E-05  1.407E-05  1.313E-05
  1.538E-05  1.502E-05  1.458E-05  1.398E-05  1.305E-05
  1.528E-05  1.493E-05  1.449E-05  1.390E-05  1.297E-05
  1.518E-05  1.483E-05  1.439E-05  1.381E-05  1.289E-05
  1.507E-05  1.473E-05  1.430E-05  1.372E-05  1.282E-05
  1.478E-05  1.445E-05  1.405E-05  1.351E-05  1.265E-05
  1.480E-05  1.448E-05  1.407E-05  1.352E-05  1.264E-05
  1.480E-05  1.446E-05  1.404E-05  1.347E-05  1.259E-05
  1.471E-05  1.437E-05  1.396E-05  1.339E-05  1.251E-05
  1.463E-05  1.429E-05  1.387E-05  1.331E-05  1.244E-05
  1.454E-05  1.420E-05  1.379E-05  1.323E-05  1.236E-05
  1.445E-05  1.411E-05  1.370E-05  1.315E-05  1.229E-05
  1.436E-05  1.403E-05  1.362E-05  1.307E-05  1.222E-05
  1.427E-05  1.394E-05  1.354E-05  1.300E-05  1.215E-05
  1.417E-05  1.385E-05  1.345E-05  1.291E-05  1.207E-05
  1.408E-05  1.376E-05  1.337E-05  1.284E-05  1.201E-05
  1.393E-05  1.363E-05  1.325E-05  1.274E-05  1.193E-05
  1.362E-05  1.334E-05  1.298E-05  1.251E-05  1.175E-05
  1.381E-05  1.350E-05  1.312E-05  1.261E-05  1.179E-05
  1.375E-05  1.344E-05  1.305E-05  1.254E-05  1.173E-05
  1.367E-05  1.336E-05  1.298E-05  1.247E-05  1.166E-05
  1.359E-05  1.328E-05  1.290E-05  1.239E-05  1.159E-05
  1.350E-05  1.320E-05  1.282E-05  1.232E-05  1.152E-05
  1.343E-05  1.312E-05  1.275E-05  1.225E-05  1.146E-05
  1.334E-05  1.304E-05  1.267E-05  1.217E-05  1.139E-05
  1.327E-05  1.297E-05  1.260E-05  1.211E-05  1.133E-05
  1.319E-05  1.289E-05  1.253E-05  1.204E-05  1.127E-05
  1.311E-05  1.282E-05  1.245E-05  1.197E-05  1.120E-05
  1.303E-05  1.274E-05  1.238E-05  1.190E-05  1.114E-05
  1.295E-05  1.266E-05  1.231E-05  1.183E-05  1.108E-05
  1.288E-05  1.259E-05  1.223E-05  1.176E-05  1.101E-05
  1.280E-05  1.252E-05  1.216E-05  1.169E-05  1.095E-05
  1.271E-05  1.243E-05  1.209E-05  1.162E-05  1.089E-05
  1.237E-05  1.212E-05  1.181E-05  1.139E-05  1.072E-05
  1.242E-05  1.217E-05  1.186E-05  1.143E-05  1.074E-05
  1.249E-05  1.222E-05  1.188E-05  1.143E-05  1.071E-05
  1.243E-05  1.216E-05  1.182E-05  1.136E-05  1.065E-05
  1.236E-05  1.209E-05  1.175E-05  1.130E-05  1.059E-05
  1.229E-05  1.202E-05  1.168E-05  1.123E-05  1.053E-05
  1.222E-05  1.195E-05  1.162E-05  1.117E-05  1.047E-05
  1.215E-05  1.188E-05  1.155E-05  1.111E-05  1.042E-05
  1.206E-05  1.179E-05  1.147E-05  1.103E-05  1.034E-05
  1.201E-05  1.175E-05  1.142E-05  1.099E-05  1.030E-05
  1.194E-05  1.168E-05  1.136E-05  1.093E-05  1.025E-05
  1.188E-05  1.162E-05  1.130E-05  1.087E-05  1.019E-05
  1.180E-05  1.154E-05  1.122E-05  1.080E-05  1.013E-05
  1.174E-05  1.149E-05  1.117E-05  1.075E-05  1.008E-05
  1.167E-05  1.142E-05  1.111E-05  1.068E-05  1.003E-05
  1.161E-05  1.136E-05  1.105E-05  1.063E-05  9.974E-06
  1.155E-05  1.130E-05  1.099E-05  1.057E-05  9.922E-06
  1.145E-05  1.120E-05  1.089E-05  1.048E-05  9.840E-06
  1.132E-05  1.108E-05  1.078E-05  1.037E-05  9.736E-06
  1.120E-05  1.096E-05  1.066E-05  1.026E-05  9.634E-06
  1.107E-05  1.083E-05  1.054E-05  1.015E-05  9.532E-06
  1.073E-05  1.052E-05  1.027E-05  9.914E-06  9.358E-06
  1.079E-05  1.057E-05  1.030E-05  9.919E-06  9.329E-06
  1.071E-05  1.048E-05  1.020E-05  9.818E-06  9.229E-06
  1.060E-05  1.038E-05  1.010E-05  9.723E-06  9.141E-06
  1.049E-05  1.027E-05  9.990E-06  9.620E-06  9.046E-06
  1.037E-05  1.015E-05  9.881E-06  9.515E-06  8.949E-06
  1.026E-05  1.005E-05  9.776E-06  9.416E-06  8.858E-06
  1.016E-05  9.947E-06  9.681E-06  9.326E-06  8.775E-06
  1.006E-05  9.844E-06  9.582E-06  9.230E-06  8.686E-06
  9.950E-06  9.742E-06  9.483E-06  9.136E-06  8.600E-06
  9.847E-06  9.641E-06  9.386E-06  9.043E-06  8.514E-06
  9.745E-06  9.542E-06  9.290E-06  8.951E-06  8.429E-06
  9.644E-06  9.443E-06  9.194E-06  8.859E-06  8.344E-06
  9.547E-06  9.348E-06  9.102E-06  8.772E-06  8.264E-06
  9.447E-06  9.252E-06  9.008E-06  8.682E-06  8.180E-06
  9.352E-06  9.159E-06  8.919E-06  8.597E-06  8.101E-06
  9.259E-06  9.069E-06  8.831E-06  8.513E-06  8.025E-06
  9.167E-06  8.978E-06  8.744E-06  8.430E-06  7.947E-06
  9.071E-06  8.885E-06  8.653E-06  8.343E-06  7.867E-06
  8.980E-06  8.796E-06  8.567E-06  8.261E-06  7.791E-06
  8.884E-06  8.703E-06  8.477E-06  8.174E-06  7.711E-06
  8.800E-06  8.621E-06  8.398E-06  8.100E-06  7.642E-06
  8.644E-06  8.480E-06  8.274E-06  7.994E-06  7.559E-06
  8.494E-06  8.337E-06  8.138E-06  7.869E-06  7.451E-06
  8.548E-06  8.376E-06  8.160E-06  7.873E-06  7.432E-06
  8.468E-06  8.297E-06  8.083E-06  7.799E-06  7.363E-06
  8.382E-06  8.213E-06  8.003E-06  7.722E-06  7.293E-06
  8.304E-06  8.137E-06  7.929E-06  7.652E-06  7.228E-06
  8.230E-06  8.064E-06  7.858E-06  7.583E-06  7.164E-06
  8.149E-06  7.986E-06  7.782E-06  7.511E-06  7.097E-06
  8.071E-06  7.909E-06  7.708E-06  7.440E-06  7.031E-06
  7.987E-06  7.828E-06  7.630E-06  7.366E-06  6.964E-06
  7.922E-06  7.764E-06  7.568E-06  7.306E-06  6.907E-06
  7.848E-06  7.691E-06  7.497E-06  7.237E-06  6.843E-06
  7.777E-06  7.622E-06  7.430E-06  7.173E-06  6.783E-06
  7.699E-06  7.546E-06  7.356E-06  7.103E-06  6.718E-06
  7.620E-06  7.470E-06  7.284E-06  7.035E-06  6.657E-06
  7.547E-06  7.399E-06  7.215E-06  6.970E-06  6.598E-06
  7.325E-06  7.201E-06  7.043E-06  6.827E-06  6.491E-06
  7.419E-06  7.274E-06  7.094E-06  6.852E-06  6.486E-06
  7.357E-06  7.212E-06  7.032E-06  6.793E-06  6.431E-06
  7.292E-06  7.149E-06  6.971E-06  6.734E-06  6.376E-06
  7.227E-06  7.086E-06  6.910E-06  6.675E-06  6.321E-06
  7.158E-06  7.019E-06  6.845E-06  6.614E-06  6.265E-06
  7.068E-06  6.932E-06  6.763E-06  6.539E-06  6.200E-06
  7.031E-06  6.894E-06  6.725E-06  6.499E-06  6.158E-06
  6.964E-06  6.828E-06  6.659E-06  6.435E-06  6.099E-06
  6.913E-06  6.779E-06  6.612E-06  6.390E-06  6.056E-06
  6.852E-06  6.718E-06  6.553E-06  6.334E-06  6.004E-06
  6.793E-06  6.661E-06  6.497E-06  6.280E-06  5.954E-06
  6.733E-06  6.602E-06  6.440E-06  6.225E-06  5.901E-06
  6.672E-06  6.543E-06  6.382E-06  6.168E-06  5.846E-06
  6.613E-06  6.485E-06  6.326E-06  6.115E-06  5.797E-06
  6.552E-06  6.426E-06  6.268E-06  6.058E-06  5.743E-06
  6.457E-06  6.334E-06  6.182E-06  5.980E-06  5.676E-06
  6.429E-06  6.306E-06  6.154E-06  5.950E-06  5.643E-06
  6.380E-06  6.257E-06  6.103E-06  5.898E-06  5.591E-06
  6.328E-06  6.205E-06  6.052E-06  5.850E-06  5.545E-06
  6.275E-06  6.153E-06  6.002E-06  5.801E-06  5.500E-06
  6.223E-06  6.102E-06  5.951E-06  5.751E-06  5.452E-06
  6.171E-06  6.052E-06  5.903E-06  5.706E-06  5.410E-06
  6.118E-06  6.000E-06  5.852E-06  5.657E-06  5.363E-06
  6.068E-06  5.950E-06  5.804E-06  5.611E-06  5.321E-06
  6.019E-06  5.903E-06  5.758E-06  5.567E-06  5.281E-06
  5.970E-06  5.855E-06  5.712E-06  5.524E-06  5.241E-06
  5.920E-06  5.806E-06  5.665E-06  5.478E-06  5.197E-06
  5.874E-06  5.761E-06  5.622E-06  5.437E-06  5.161E-06
  5.823E-06  5.713E-06  5.575E-06  5.393E-06  5.119E-06
  5.650E-06  5.559E-06  5.444E-06  5.289E-06  5.048E-06
  5.676E-06  5.575E-06  5.449E-06  5.281E-06  5.028E-06
  5.683E-06  5.577E-06  5.445E-06  5.270E-06  5.007E-06
  5.644E-06  5.537E-06  5.405E-06  5.231E-06  4.970E-06
  5.600E-06  5.495E-06  5.364E-06  5.191E-06  4.934E-06
  5.556E-06  5.451E-06  5.321E-06  5.150E-06  4.896E-06
  5.512E-06  5.408E-06  5.280E-06  5.111E-06  4.859E-06
  5.469E-06  5.366E-06  5.239E-06  5.072E-06  4.823E-06
  5.425E-06  5.323E-06  5.197E-06  5.031E-06  4.785E-06
  5.383E-06  5.283E-06  5.158E-06  4.994E-06  4.750E-06
  5.341E-06  5.241E-06  5.117E-06  4.955E-06  4.714E-06
  5.299E-06  5.200E-06  5.078E-06  4.917E-06  4.678E-06
  5.258E-06  5.160E-06  5.039E-06  4.879E-06  4.643E-06
  5.218E-06  5.121E-06  5.001E-06  4.843E-06  4.610E-06
  5.177E-06  5.081E-06  4.962E-06  4.806E-06  4.574E-06
  5.138E-06  5.042E-06  4.924E-06  4.770E-06  4.541E-06
  5.098E-06  5.003E-06  4.886E-06  4.733E-06  4.506E-06
  5.061E-06  4.967E-06  4.852E-06  4.700E-06  4.476E-06
  5.021E-06  4.928E-06  4.813E-06  4.663E-06  4.441E-06
  4.984E-06  4.893E-06  4.779E-06  4.631E-06  4.411E-06
  4.945E-06  4.854E-06  4.741E-06  4.594E-06  4.376E-06
  4.909E-06  4.819E-06  4.707E-06  4.561E-06  4.346E-06
  4.872E-06  4.783E-06  4.673E-06  4.529E-06  4.316E-06
  4.831E-06  4.744E-06  4.635E-06  4.493E-06  4.283E-06
  4.743E-06  4.663E-06  4.564E-06  4.433E-06  4.237E-06
  4.762E-06  4.676E-06  4.569E-06  4.430E-06  4.223E-06
  4.730E-06  4.644E-06  4.538E-06  4.399E-06  4.195E-06
  4.696E-06  4.610E-06  4.505E-06  4.367E-06  4.164E-06
  4.661E-06  4.576E-06  4.472E-06  4.335E-06  4.135E-06
  4.627E-06  4.543E-06  4.440E-06  4.305E-06  4.106E-06
  4.594E-06  4.511E-06  4.409E-06  4.275E-06  4.079E-06
  4.561E-06  4.478E-06  4.377E-06  4.245E-06  4.051E-06
  4.528E-06  4.446E-06  4.345E-06  4.214E-06  4.021E-06
  4.496E-06  4.415E-06  4.316E-06  4.186E-06  3.995E-06
  4.464E-06  4.383E-06  4.285E-06  4.156E-06  3.967E-06
  4.432E-06  4.353E-06  4.255E-06  4.127E-06  3.941E-06
  4.399E-06  4.320E-06  4.223E-06  4.097E-06  3.912E-06
  4.369E-06  4.290E-06  4.194E-06  4.070E-06  3.887E-06
  4.339E-06  4.262E-06  4.166E-06  4.043E-06  3.861E-06
  4.308E-06  4.231E-06  4.136E-06  4.013E-06  3.834E-06
  4.279E-06  4.202E-06  4.109E-06  3.987E-06  3.809E-06
  4.247E-06  4.171E-06  4.078E-06  3.958E-06  3.782E-06
  4.219E-06  4.144E-06  4.052E-06  3.933E-06  3.758E-06
  4.189E-06  4.115E-06  4.024E-06  3.906E-06  3.734E-06
  4.159E-06  4.085E-06  3.995E-06  3.878E-06  3.708E-06
  4.132E-06  4.059E-06  3.970E-06  3.854E-06  3.684E-06
  4.104E-06  4.032E-06  3.943E-06  3.828E-06  3.661E-06
  4.074E-06  4.002E-06  3.914E-06  3.800E-06  3.634E-06
  4.048E-06  3.977E-06  3.890E-06  3.777E-06  3.612E-06
  4.020E-06  3.950E-06  3.863E-06  3.751E-06  3.588E-06
  3.994E-06  3.924E-06  3.838E-06  3.727E-06  3.566E-06
  3.967E-06  3.897E-06  3.812E-06  3.703E-06  3.542E-06
  3.939E-06  3.870E-06  3.786E-06  3.677E-06  3.519E-06
  3.909E-06  3.841E-06  3.758E-06  3.651E-06  3.494E-06
  3.886E-06  3.819E-06  3.736E-06  3.630E-06  3.474E-06
  3.861E-06  3.794E-06  3.712E-06  3.606E-06  3.452E-06
  3.835E-06  3.769E-06  3.687E-06  3.582E-06  3.429E-06
  3.810E-06  3.744E-06  3.663E-06  3.559E-06  3.408E-06
  3.785E-06  3.719E-06  3.639E-06  3.536E-06  3.386E-06
  3.760E-06  3.695E-06  3.616E-06  3.513E-06  3.364E-06
  3.736E-06  3.671E-06  3.593E-06  3.491E-06  3.343E-06
  3.711E-06  3.647E-06  3.569E-06  3.468E-06  3.322E-06
  3.682E-06  3.620E-06  3.544E-06  3.445E-06  3.300E-06
  3.609E-06  3.554E-06  3.487E-06  3.398E-06  3.266E-06
  3.637E-06  3.575E-06  3.500E-06  3.402E-06  3.260E-06
  3.608E-06  3.547E-06  3.472E-06  3.376E-06  3.236E-06
  3.589E-06  3.528E-06  3.454E-06  3.358E-06  3.219E-06
  3.569E-06  3.508E-06  3.434E-06  3.338E-06  3.199E-06
  3.546E-06  3.485E-06  3.412E-06  3.317E-06  3.179E-06
  3.524E-06  3.464E-06  3.391E-06  3.297E-06  3.160E-06
  3.501E-06  3.442E-06  3.369E-06  3.276E-06  3.141E-06
  3.479E-06  3.420E-06  3.348E-06  3.255E-06  3.121E-06
  3.456E-06  3.398E-06  3.326E-06  3.235E-06  3.102E-06
  3.433E-06  3.375E-06  3.305E-06  3.214E-06  3.082E-06
  3.413E-06  3.355E-06  3.285E-06  3.195E-06  3.064E-06
  3.392E-06  3.335E-06  3.265E-06  3.176E-06  3.046E-06
  3.371E-06  3.314E-06  3.245E-06  3.156E-06  3.028E-06
  3.350E-06  3.293E-06  3.225E-06  3.137E-06  3.010E-06
  3.329E-06  3.273E-06  3.205E-06  3.118E-06  2.991E-06
  3.306E-06  3.251E-06  3.184E-06  3.097E-06  2.972E-06
  3.287E-06  3.232E-06  3.165E-06  3.079E-06  2.955E-06
  3.266E-06  3.211E-06  3.145E-06  3.061E-06  2.938E-06
  3.237E-06  3.184E-06  3.119E-06  3.037E-06  2.917E-06
  3.225E-06  3.171E-06  3.107E-06  3.023E-06  2.902E-06
  3.207E-06  3.154E-06  3.089E-06  3.007E-06  2.886E-06
  3.188E-06  3.135E-06  3.071E-06  2.989E-06  2.869E-06
  3.168E-06  3.116E-06  3.052E-06  2.970E-06  2.852E-06
  3.149E-06  3.097E-06  3.034E-06  2.953E-06  2.835E-06
  3.121E-06  3.069E-06  3.007E-06  2.927E-06  2.811E-06
  3.083E-06  3.032E-06  2.971E-06  2.892E-06  2.778E-06
  3.046E-06  2.996E-06  2.936E-06  2.858E-06  2.746E-06
  3.011E-06  2.961E-06  2.902E-06  2.825E-06  2.715E-06
  2.975E-06  2.927E-06  2.868E-06  2.793E-06  2.684E-06
  2.940E-06  2.892E-06  2.835E-06  2.761E-06  2.653E-06
  2.906E-06  2.859E-06  2.802E-06  2.729E-06  2.623E-06
  2.872E-06  2.826E-06  2.770E-06  2.698E-06  2.594E-06
  2.838E-06  2.793E-06  2.738E-06  2.667E-06  2.565E-06
  2.799E-06  2.755E-06  2.702E-06  2.634E-06  2.534E-06
  2.775E-06  2.730E-06  2.677E-06  2.608E-06  2.509E-06
  2.743E-06  2.700E-06  2.647E-06  2.579E-06  2.481E-06
  2.713E-06  2.669E-06  2.617E-06  2.550E-06  2.454E-06
  2.682E-06  2.639E-06  2.588E-06  2.522E-06  2.427E-06
  2.652E-06  2.610E-06  2.559E-06  2.495E-06  2.401E-06
  2.622E-06  2.581E-06  2.531E-06  2.467E-06  2.375E-06
  2.594E-06  2.553E-06  2.504E-06  2.441E-06  2.350E-06
  2.565E-06  2.525E-06  2.476E-06  2.415E-06  2.325E-06
  2.537E-06  2.498E-06  2.450E-06  2.389E-06  2.301E-06
  2.510E-06  2.471E-06  2.423E-06  2.363E-06  2.276E-06
  2.483E-06  2.444E-06  2.397E-06  2.338E-06  2.252E-06
  2.456E-06  2.418E-06  2.372E-06  2.313E-06  2.229E-06
  2.430E-06  2.392E-06  2.347E-06  2.289E-06  2.206E-06
  2.404E-06  2.367E-06  2.322E-06  2.265E-06  2.183E-06
  2.379E-06  2.342E-06  2.298E-06  2.242E-06  2.161E-06
  2.353E-06  2.317E-06  2.274E-06  2.219E-06  2.139E-06
  2.305E-06  2.273E-06  2.234E-06  2.184E-06  2.110E-06
  2.279E-06  2.248E-06  2.210E-06  2.161E-06  2.088E-06
  2.280E-06  2.245E-06  2.204E-06  2.151E-06  2.075E-06
  2.257E-06  2.223E-06  2.182E-06  2.130E-06  2.054E-06
  2.234E-06  2.200E-06  2.160E-06  2.108E-06  2.033E-06
  2.211E-06  2.178E-06  2.138E-06  2.087E-06  2.013E-06
  2.189E-06  2.156E-06  2.116E-06  2.066E-06  1.993E-06
  2.167E-06  2.134E-06  2.095E-06  2.046E-06  1.974E-06
  2.144E-06  2.112E-06  2.074E-06  2.025E-06  1.954E-06
  2.123E-06  2.092E-06  2.054E-06  2.006E-06  1.936E-06
  2.102E-06  2.071E-06  2.034E-06  1.986E-06  1.917E-06
  2.081E-06  2.051E-06  2.014E-06  1.967E-06  1.898E-06
  2.061E-06  2.030E-06  1.994E-06  1.948E-06  1.880E-06
  2.041E-06  2.011E-06  1.975E-06  1.929E-06  1.862E-06
  2.021E-06  1.991E-06  1.955E-06  1.910E-06  1.845E-06
  2.001E-06  1.972E-06  1.936E-06  1.892E-06  1.827E-06
  1.982E-06  1.953E-06  1.918E-06  1.874E-06  1.810E-06
  1.962E-06  1.933E-06  1.899E-06  1.856E-06  1.793E-06
  1.943E-06  1.915E-06  1.881E-06  1.839E-06  1.776E-06
  1.925E-06  1.897E-06  1.864E-06  1.822E-06  1.760E-06
  1.907E-06  1.879E-06  1.846E-06  1.805E-06  1.744E-06
  1.889E-06  1.862E-06  1.829E-06  1.788E-06  1.728E-06
  1.871E-06  1.844E-06  1.812E-06  1.771E-06  1.712E-06
  1.853E-06  1.827E-06  1.795E-06  1.755E-06  1.696E-06
  1.836E-06  1.810E-06  1.779E-06  1.739E-06  1.681E-06
  1.819E-06  1.793E-06  1.762E-06  1.723E-06  1.666E-06
  1.802E-06  1.777E-06  1.746E-06  1.707E-06  1.651E-06
  1.786E-06  1.760E-06  1.730E-06  1.692E-06  1.636E-06
  1.769E-06  1.744E-06  1.715E-06  1.677E-06  1.621E-06
  1.753E-06  1.728E-06  1.699E-06  1.662E-06  1.607E-06
  1.736E-06  1.712E-06  1.683E-06  1.646E-06  1.592E-06
  1.721E-06  1.697E-06  1.669E-06  1.632E-06  1.579E-06
  1.702E-06  1.679E-06  1.651E-06  1.616E-06  1.564E-06
  1.687E-06  1.664E-06  1.637E-06  1.602E-06  1.550E-06
  1.676E-06  1.652E-06  1.625E-06  1.589E-06  1.538E-06
  1.661E-06  1.638E-06  1.610E-06  1.575E-06  1.524E-06
  1.646E-06  1.623E-06  1.596E-06  1.562E-06  1.511E-06
  1.632E-06  1.609E-06  1.582E-06  1.548E-06  1.498E-06
  1.617E-06  1.595E-06  1.568E-06  1.535E-06  1.486E-06
  1.603E-06  1.581E-06  1.555E-06  1.522E-06  1.473E-06
  1.589E-06  1.568E-06  1.542E-06  1.509E-06  1.461E-06
  1.575E-06  1.554E-06  1.528E-06  1.496E-06  1.448E-06
  1.562E-06  1.541E-06  1.515E-06  1.483E-06  1.436E-06
  1.549E-06  1.528E-06  1.502E-06  1.471E-06  1.424E-06
  1.535E-06  1.515E-06  1.490E-06  1.458E-06  1.412E-06
  1.522E-06  1.502E-06  1.477E-06  1.446E-06  1.400E-06
  1.509E-06  1.489E-06  1.465E-06  1.434E-06  1.389E-06
  1.497E-06  1.476E-06  1.452E-06  1.422E-06  1.377E-06
  1.482E-06  1.462E-06  1.439E-06  1.409E-06  1.365E-06
  1.471E-06  1.452E-06  1.428E-06  1.399E-06  1.355E-06
  1.459E-06  1.440E-06  1.417E-06  1.387E-06  1.344E-06
  1.447E-06  1.428E-06  1.405E-06  1.376E-06  1.333E-06
  1.435E-06  1.416E-06  1.393E-06  1.365E-06  1.322E-06
  1.423E-06  1.404E-06  1.382E-06  1.354E-06  1.312E-06
  1.412E-06  1.393E-06  1.371E-06  1.343E-06  1.301E-06
  1.400E-06  1.382E-06  1.360E-06  1.332E-06  1.291E-06
  1.389E-06  1.371E-06  1.349E-06  1.321E-06  1.281E-06
  1.377E-06  1.359E-06  1.338E-06  1.311E-06  1.270E-06
  1.366E-06  1.348E-06  1.327E-06  1.300E-06  1.260E-06
  1.355E-06  1.338E-06  1.317E-06  1.290E-06  1.251E-06
  1.344E-06  1.327E-06  1.306E-06  1.280E-06  1.241E-06
  1.334E-06  1.316E-06  1.296E-06  1.270E-06  1.231E-06
  1.323E-06  1.306E-06  1.286E-06  1.260E-06  1.221E-06
  1.313E-06  1.296E-06  1.276E-06  1.250E-06  1.212E-06
  1.302E-06  1.286E-06  1.266E-06  1.240E-06  1.203E-06
  3.278E-07  3.249E-07  3.215E-07  3.171E-07  3.105E-07
  8.110E-08  8.060E-08  7.999E-08  7.919E-08  7.794E-08
  3.573E-08  3.554E-08  3.531E-08  3.500E-08  3.449E-08
  1.996E-08  1.986E-08  1.974E-08  1.958E-08  1.930E-08
  1.270E-08  1.264E-08  1.257E-08  1.246E-08  1.229E-08
  8.776E-09  8.736E-09  8.685E-09  8.614E-09  8.495E-09
  6.419E-09  6.390E-09  6.353E-09  6.301E-09  6.214E-09
  4.895E-09  4.873E-09  4.845E-09  4.806E-09  4.739E-09
