  1.000E-38  1.000E-38  1.000E-38  1.000E-38  1.000E-38
  1.000E-38  1.000E-38  1.000E-38  1.000E-38  1.000E-38
  1.000E-38  1.000E-38  1.000E-38  1.000E-38  1.000E-38
  1.000E-38  1.000E-38  1.000E-38  1.000E-38  1.000E-38
  1.000E-38  1.000E-38  1.000E-38  1.000E-38  1.000E-38
  1.000E-38  1.000E-38  1.000E-38  1.000E-38  1.000E-38
  1.000E-38  1.000E-38  1.000E-38  1.000E-38  1.000E-38
  1.000E-38  1.000E-38  1.000E-38  1.000E-38  1.000E-38
  1.000E-38  1.000E-38  1.000E-38  1.000E-38  1.000E-38
  1.000E-38  1.000E-38  1.000E-38  1.000E-38  1.000E-38
  1.000E-38  1.000E-38  1.000E-38  1.000E-38  1.000E-38
  1.000E-38  1.000E-38  1.000E-38  1.000E-38  1.000E-38
  1.000E-38  1.000E-38  1.000E-38  1.000E-38  1.000E-38
  1.000E-38  1.000E-38  1.000E-38  1.000E-38  1.000E-38
  1.000E-38  1.000E-38  1.000E-38  1.000E-38  1.000E-38
  1.000E-38  1.000E-38  1.000E-38  1.000E-38  1.000E-38
  1.000E-38  1.000E-38  1.000E-38  1.000E-38  1.000E-38
  1.000E-38  1.000E-38  1.000E-38  1.000E-38  1.000E-38
  1.000E-38  1.000E-38  1.000E-38  1.000E-38  1.000E-38
  1.000E-38  1.000E-38  1.000E-38  1.000E-38  1.000E-38
  1.000E-38  1.000E-38  1.000E-38  1.000E-38  1.000E-38
  1.000E-38  1.000E-38  1.000E-38  1.000E-38  1.000E-38
  1.000E-38  1.000E-38  1.000E-38  1.000E-38  1.000E-38
  1.000E-38  1.000E-38  1.000E-38  1.000E-38  1.000E-38
  1.000E-38  1.000E-38  1.000E-38  1.000E-38  1.000E-38
  1.000E-38  1.000E-38  1.000E-38  1.000E-38  1.000E-38
  1.000E-38  1.000E-38  1.000E-38  1.000E-38  1.000E-38
  1.000E-38  1.000E-38  1.000E-38  1.000E-38  1.000E-38
  1.000E-38  1.000E-38  1.000E-38  1.000E-38  1.000E-38
  1.000E-38  1.000E-38  1.000E-38  1.000E-38  1.000E-38
  1.000E-38  1.000E-38  1.000E-38  1.000E-38  1.000E-38
  1.000E-38  1.000E-38  1.000E-38  1.000E-38  1.000E-38
  1.000E-38  1.000E-38  1.000E-38  1.000E-38  1.000E-38
  1.000E-38  1.000E-38  1.000E-38  1.000E-38  1.000E-38
  1.000E-38  1.000E-38  1.000E-38  1.000E-38  1.000E-38
  1.000E-38  1.000E-38  1.000E-38  1.000E-38  1.000E-38
  1.000E-38  1.000E-38  1.000E-38  1.000E-38  1.000E-38
  1.000E-38  1.000E-38  1.000E-38  1.000E-38  1.000E-38
  1.000E-38  1.000E-38  1.000E-38  1.000E-38  1.000E-38
  1.000E-38  1.000E-38  1.000E-38  1.000E-38  1.000E-38
 -5.470E-67 -4.145E-69 -1.050E-72 -5.245E-80 -3.363-102
  8.600E-67  3.881E-69  4.783E-73  7.267E-81  2.549-104
  5.372E-63  2.467E-65  2.878E-69  3.305E-77  2.965-101
  8.192E-66  2.362E-68  1.380E-72  4.709E-81  1.872-106
 -1.295E-20 -3.817E-23 -2.126E-27 -5.564E-36 -5.910E-62
 -1.516E-24 -3.406E-27 -1.207E-31 -1.278E-40 -8.994E-68
  2.509E-64  2.972E-67  3.942E-72  6.934E-82  3.775-111
  1.367E-59  1.275E-62  1.044E-67  5.910E-78  6.347-109
  1.083E-57  6.572E-61  2.626E-66  3.537E-77  5.125-110
  4.785E-63  1.671E-66  2.894E-72  8.680E-84  2.343-118
  7.156E-63  1.959E-66  2.262E-72  3.014E-84  7.135-120
  3.262E-61  8.142E-65  7.441E-71  5.280E-83  1.133-119
  3.243E-49  5.643E-53  2.813E-59  5.897E-72  3.221-110
 -1.023E-53 -1.168E-57 -2.885E-64 -1.485E-77 -1.200-117
  7.951E-58  5.980E-62  7.368E-69  9.438E-83  1.175-124
  2.743E-62  1.023E-66  4.258E-74  7.377E-89  3.837-133
  2.530E-62  5.490E-67  9.267E-75  2.641E-90  6.110-137
  1.879E-62  2.296E-67  1.489E-75  6.258E-92  4.646-141
  1.412E-62  1.076E-67  3.174E-76  2.761E-93  1.819-144
  7.877E-63  3.024E-68  2.847E-77  2.522E-95  1.755-149
  2.426E-63  3.348E-69  5.729E-79  1.677E-98  4.208-157
  5.220E-64  2.477E-70  7.153E-81  5.964-102  3.456-165
  7.468E-65  1.147E-71  5.048E-83  9.786-106  8.307-175
  7.857E-66  3.753E-73  2.360E-85  9.328-110  7.185-184
  7.231E-67  1.137E-74  1.122E-87  1.092-113  1.332-192
  5.780E-68  2.963E-76  4.515E-90  1.048-117  1.838-201
  3.313E-69  5.218E-78  1.113E-92  5.060-122  7.041-211
  1.046E-70  4.250E-80  9.477E-96  4.713-127  9.101-222
  2.290E-72  2.248E-82  4.697E-99  2.050-132  2.834-233
  3.767E-74  8.513E-85  1.537-102  5.015-138  3.063-245
  7.569E-76  4.407E-87  8.305-106  2.949-143  2.441-256
  1.835E-77  3.053E-89  7.127-109  3.884-148  1.213-266
  3.730E-79  1.716E-91  4.707-112  3.541-153  3.029-277
  1.319E-81  9.837E-95  1.300-116  2.553-161  1.756-292
  5.416E-84  7.178E-98  5.327-121  3.479-168  7.229-307
  3.102E-86  8.338-101  4.332-125  1.451-174  0.000E+00
  8.081E-89  3.546-104  8.984-130  7.517-182  0.000E+00
  1.493E-91  9.952-108  1.091-134  1.792-189  0.000E+00
  2.277E-94  2.226-111  9.954-140  2.852-197  0.000E+00
  2.280E-97  2.981-115  4.659-145  1.708-205  0.000E+00
  2.448E-74  1.765E-86  2.526E-27  2.526E-27  2.526E-27
  1.774E-75  4.997E-88  6.057-109  8.933-151  5.906-277
  2.299E-77  1.773E-90  2.483-112  5.492-157  5.480-288
  8.370E-80  1.221E-93  1.064-116  9.555-164  5.401-302
  2.140E-82  5.543E-97  2.713-121  8.103-171  0.000E+00
  4.996E-85  2.235-100  5.844-126  5.209-178  0.000E+00
  8.513E-88  6.172-104  7.779-131  1.687-185  0.000E+00
  1.109E-90  1.228-107  6.764-136  2.930-193  0.000E+00
  1.021E-93  1.622-111  3.512-141  2.474-201  0.000E+00
  8.337E-97  1.801-115  1.401-146  1.324-209  0.000E+00
  4.806-100  1.323-119  3.712-153  3.410-218  0.000E+00
  2.113-103  6.969-124  5.947-159  4.624-227  0.000E+00
  7.000-107  2.595-128  6.049-165  3.217-236  0.000E+00
  1.754-110  6.857-133  3.921-171  1.153-245  0.000E+00
  3.740-114  1.489-137  1.969-177  2.853-255  0.000E+00
  6.163-118  2.355-142  6.524-184  3.825-265  0.000E+00
  4.753-121  2.662-146  3.097-189  3.008-273  0.000E+00
  7.681-124  6.172-150  5.297-194  1.689-280  0.000E+00
  6.338-128  6.046-156  5.718-201  2.963-291  0.000E+00
  3.976-132  3.020-161  3.945-208  3.904-302  0.000E+00
  1.863-136  1.052-166  1.697-215  0.000E+00  0.000E+00
  6.419-141  2.516-172  4.473-223  0.000E+00  0.000E+00
  5.944-146  1.148-178  1.263-231  0.000E+00  0.000E+00
  1.296-151  1.327-184  1.269-239  0.000E+00  0.000E+00
  6.443-156  4.897-190  6.141-247  0.000E+00  0.000E+00
  8.511-161  3.415-196  3.182-255  0.000E+00  0.000E+00
  8.469-166  1.677-202  1.037-263  0.000E+00  0.000E+00
  6.389-171  5.834-209  2.139-272  0.000E+00  0.000E+00
  3.543-176  1.389-215  1.838-281  0.000E+00  0.000E+00
  1.492-181  2.347-222  1.461-290  0.000E+00  0.000E+00
  4.535-187  2.661-229  6.906-300  0.000E+00  0.000E+00
  1.030-192  2.094-236  0.000E+00  0.000E+00  0.000E+00
  1.794-198  1.180-243  0.000E+00  0.000E+00  0.000E+00
  2.412-204  4.845-251  0.000E+00  0.000E+00  0.000E+00
  2.601-210  1.513-258  0.000E+00  0.000E+00  0.000E+00
  2.069-216  3.242-266  0.000E+00  0.000E+00  0.000E+00
  1.227-222  4.824-274  0.000E+00  0.000E+00  0.000E+00
  5.338-229  3.345-282  0.000E+00  0.000E+00  0.000E+00
  1.683-235  2.280-290  0.000E+00  0.000E+00  0.000E+00
  4.269-242  1.178-298  0.000E+00  0.000E+00  0.000E+00
  7.945-249  3.056-307  0.000E+00  0.000E+00  0.000E+00
  1.066-255  0.000E+00  0.000E+00  0.000E+00  0.000E+00
  2.401E-15  2.395E-15  2.387E-15  2.642E-15  3.158E-15
  7.162E-15  7.125E-15  7.086E-15  7.042E-15  6.996E-15
  9.749E-15  9.699E-15  9.645E-15  9.587E-15  9.524E-15
  1.367E-14  1.360E-14  1.352E-14  1.343E-14  1.333E-14
  1.840E-14  1.830E-14  1.818E-14  1.806E-14  1.792E-14
  2.459E-14  2.444E-14  2.428E-14  2.410E-14  2.390E-14
  3.238E-14  3.220E-14  3.202E-14  3.180E-14  3.156E-14
  4.300E-14  4.275E-14  4.248E-14  4.218E-14  4.185E-14
  5.636E-14  5.603E-14  5.568E-14  5.528E-14  5.484E-14
  7.345E-14  7.301E-14  7.254E-14  7.200E-14  7.140E-14
  9.491E-14  9.434E-14  9.371E-14  9.299E-14  9.217E-14
  1.223E-13  1.216E-13  1.209E-13  1.202E-13  1.193E-13
  1.572E-13  1.563E-13  1.553E-13  1.542E-13  1.530E-13
  2.011E-13  1.999E-13  1.986E-13  1.971E-13  1.955E-13
  2.542E-13  2.529E-13  2.514E-13  2.498E-13  2.480E-13
  3.223E-13  3.204E-13  3.184E-13  3.162E-13  3.137E-13
  4.056E-13  4.032E-13  4.007E-13  3.978E-13  3.946E-13
  5.090E-13  5.059E-13  5.025E-13  4.987E-13  4.944E-13
  6.331E-13  6.294E-13  6.255E-13  6.210E-13  6.160E-13
  8.102E-13  8.009E-13  7.913E-13  7.811E-13  7.702E-13
  1.057E-12  1.037E-12  1.015E-12  9.915E-13  9.650E-13
  1.330E-12  1.301E-12  1.269E-12  1.234E-12  1.193E-12
  1.678E-12  1.634E-12  1.586E-12  1.531E-12  1.469E-12
  2.047E-12  1.992E-12  1.931E-12  1.862E-12  1.784E-12
  2.438E-12  2.376E-12  2.308E-12  2.232E-12  2.146E-12
  2.903E-12  2.830E-12  2.751E-12  2.663E-12  2.567E-12
  3.447E-12  3.358E-12  3.262E-12  3.155E-12  3.034E-12
  4.121E-12  4.051E-12  3.978E-12  3.905E-12  3.828E-12
  4.634E-12  4.595E-12  4.555E-12  4.513E-12  4.462E-12
  5.499E-12  5.475E-12  5.449E-12  5.420E-12  5.389E-12
  5.878E-12  5.876E-12  5.873E-12  5.871E-12  5.870E-12
  7.767E-12  7.738E-12  7.707E-12  7.673E-12  7.639E-12
  9.539E-12  9.453E-12  9.366E-12  9.271E-12  9.155E-12
  1.111E-11  1.082E-11  1.051E-11  1.016E-11  9.704E-12
  1.386E-11  1.345E-11  1.300E-11  1.251E-11  1.192E-11
  1.696E-11  1.645E-11  1.587E-11  1.522E-11  1.447E-11
  2.071E-11  2.002E-11  1.924E-11  1.833E-11  1.726E-11
  2.607E-11  2.505E-11  2.387E-11  2.246E-11  2.072E-11
  3.083E-11  2.963E-11  2.825E-11  2.661E-11  2.457E-11
  3.793E-11  3.629E-11  3.440E-11  3.215E-11  2.930E-11
  4.448E-11  4.258E-11  4.041E-11  3.780E-11  3.446E-11
  5.262E-11  5.031E-11  4.768E-11  4.451E-11  4.044E-11
  6.077E-11  5.816E-11  5.519E-11  5.163E-11  4.702E-11
  7.146E-11  6.832E-11  6.473E-11  6.041E-11  5.480E-11
  8.184E-11  7.829E-11  7.425E-11  6.940E-11  6.312E-11
  9.635E-11  9.201E-11  8.707E-11  8.113E-11  7.336E-11
  1.094E-10  1.046E-10  9.908E-11  9.246E-11  8.386E-11
  1.243E-10  1.189E-10  1.128E-10  1.054E-10  9.578E-11
  1.425E-10  1.363E-10  1.293E-10  1.208E-10  1.097E-10
  1.614E-10  1.545E-10  1.466E-10  1.371E-10  1.248E-10
  1.878E-10  1.794E-10  1.699E-10  1.584E-10  1.433E-10
  2.096E-10  2.005E-10  1.902E-10  1.778E-10  1.615E-10
  2.362E-10  2.261E-10  2.146E-10  2.008E-10  1.826E-10
  2.643E-10  2.525E-10  2.391E-10  2.230E-10  2.017E-10
  2.730E-10  2.614E-10  2.482E-10  2.323E-10  2.113E-10
  3.075E-10  2.941E-10  2.788E-10  2.602E-10  2.354E-10
  3.375E-10  3.235E-10  3.073E-10  2.878E-10  2.621E-10
  3.824E-10  3.662E-10  3.477E-10  3.253E-10  2.955E-10
  4.274E-10  4.095E-10  3.891E-10  3.643E-10  3.313E-10
  4.834E-10  4.629E-10  4.394E-10  4.109E-10  3.728E-10
  5.453E-10  5.220E-10  4.953E-10  4.628E-10  4.191E-10
  5.847E-10  5.598E-10  5.313E-10  4.966E-10  4.504E-10
  6.102E-10  5.849E-10  5.559E-10  5.206E-10  4.736E-10
  6.994E-10  6.686E-10  6.335E-10  5.911E-10  5.337E-10
  8.467E-10  8.061E-10  7.602E-10  7.058E-10  6.333E-10
  9.248E-10  8.820E-10  8.335E-10  7.757E-10  6.982E-10
  1.025E-09  9.789E-10  9.263E-10  8.632E-10  7.776E-10
  1.079E-09  1.034E-09  9.834E-10  9.221E-10  8.378E-10
  1.223E-09  1.171E-09  1.112E-09  1.041E-09  9.415E-10
  1.337E-09  1.282E-09  1.219E-09  1.142E-09  1.035E-09
  1.475E-09  1.415E-09  1.346E-09  1.262E-09  1.142E-09
  1.603E-09  1.539E-09  1.465E-09  1.374E-09  1.247E-09
  1.841E-09  1.761E-09  1.671E-09  1.561E-09  1.411E-09
  2.117E-09  2.017E-09  1.904E-09  1.770E-09  1.591E-09
  2.586E-09  2.444E-09  2.286E-09  2.101E-09  1.858E-09
  3.311E-09  3.092E-09  2.850E-09  2.573E-09  2.222E-09
  3.375E-09  3.151E-09  2.906E-09  2.626E-09  2.277E-09
  4.913E-09  4.486E-09  4.039E-09  3.545E-09  2.952E-09
  4.799E-09  4.365E-09  3.934E-09  3.468E-09  2.915E-09
  6.146E-09  5.414E-09  4.774E-09  4.130E-09  3.386E-09
  9.038E-09  7.372E-09  6.171E-09  5.180E-09  4.136E-09
  1.435E-08  1.069E-08  8.185E-09  6.478E-09  5.080E-09
  3.534E-08  2.330E-08  1.510E-08  1.011E-08  7.383E-09
  7.912E-08  5.085E-08  3.072E-08  1.831E-08  1.233E-08
  1.250E-07  8.234E-08  5.024E-08  2.925E-08  1.887E-08
  1.940E-07  1.294E-07  7.923E-08  4.548E-08  2.843E-08
  2.192E-07  1.485E-07  9.248E-08  5.363E-08  3.332E-08
  3.083E-07  2.125E-07  1.345E-07  7.860E-08  4.831E-08
  2.141E-07  1.486E-07  9.540E-08  5.694E-08  3.550E-08
  3.096E-07  2.164E-07  1.393E-07  8.249E-08  5.024E-08
  3.773E-07  2.652E-07  1.714E-07  1.013E-07  6.091E-08
  4.918E-07  3.510E-07  2.304E-07  1.378E-07  8.247E-08
  4.147E-07  2.941E-07  1.917E-07  1.138E-07  6.740E-08
  4.508E-07  3.212E-07  2.102E-07  1.246E-07  7.279E-08
  4.122E-07  2.946E-07  1.938E-07  1.157E-07  6.798E-08
  4.654E-07  3.346E-07  2.217E-07  1.332E-07  7.781E-08
  3.094E-07  2.189E-07  1.429E-07  8.524E-08  5.032E-08
  4.404E-07  3.180E-07  2.118E-07  1.279E-07  7.450E-08
  6.005E-07  4.386E-07  2.951E-07  1.786E-07  1.023E-07
  5.903E-07  4.306E-07  2.895E-07  1.750E-07  9.987E-08
  6.327E-07  4.632E-07  3.124E-07  1.891E-07  1.071E-07
  7.019E-07  5.164E-07  3.501E-07  2.126E-07  1.197E-07
  6.656E-07  4.899E-07  3.324E-07  2.020E-07  1.133E-07
  7.682E-07  5.662E-07  3.842E-07  2.327E-07  1.287E-07
  7.428E-07  5.421E-07  3.636E-07  2.172E-07  1.183E-07
  4.491E-07  3.168E-07  2.054E-07  1.202E-07  6.708E-08
  8.729E-07  6.453E-07  4.391E-07  2.657E-07  1.443E-07
  9.405E-07  6.988E-07  4.781E-07  2.904E-07  1.570E-07
  1.085E-06  8.109E-07  5.583E-07  3.408E-07  1.830E-07
  1.055E-06  7.874E-07  5.406E-07  3.285E-07  1.751E-07
  1.014E-06  7.563E-07  5.195E-07  3.162E-07  1.688E-07
  1.074E-06  8.056E-07  5.574E-07  3.421E-07  1.831E-07
  9.939E-07  7.480E-07  5.202E-07  3.219E-07  1.739E-07
  1.085E-06  8.177E-07  5.694E-07  3.526E-07  1.896E-07
  9.054E-07  6.797E-07  4.718E-07  2.919E-07  1.581E-07
  1.213E-06  9.212E-07  6.474E-07  4.045E-07  2.171E-07
  1.345E-06  1.025E-06  7.236E-07  4.539E-07  2.432E-07
  1.340E-06  1.019E-06  7.175E-07  4.482E-07  2.384E-07
  1.316E-06  1.001E-06  7.045E-07  4.403E-07  2.341E-07
  1.552E-06  1.184E-06  8.341E-07  5.191E-07  2.708E-07
  1.653E-06  1.276E-06  9.135E-07  5.806E-07  3.099E-07
  1.605E-06  1.235E-06  8.818E-07  5.592E-07  2.987E-07
  1.549E-06  1.197E-06  8.621E-07  5.569E-07  3.090E-07
  1.550E-06  1.211E-06  8.854E-07  5.847E-07  3.327E-07
  1.731E-06  1.363E-06  1.005E-06  6.699E-07  3.824E-07
  1.668E-06  1.304E-06  9.535E-07  6.273E-07  3.525E-07
  1.558E-06  1.223E-06  8.995E-07  5.969E-07  3.387E-07
  1.874E-06  1.480E-06  1.096E-06  7.321E-07  4.158E-07
  1.873E-06  1.484E-06  1.103E-06  7.407E-07  4.229E-07
  1.747E-06  1.383E-06  1.027E-06  6.888E-07  3.922E-07
  1.790E-06  1.421E-06  1.059E-06  7.143E-07  4.089E-07
  2.036E-06  1.624E-06  1.216E-06  8.227E-07  4.709E-07
  2.259E-06  1.800E-06  1.346E-06  9.081E-07  5.155E-07
  2.154E-06  1.717E-06  1.285E-06  8.693E-07  4.951E-07
  1.929E-06  1.530E-06  1.138E-06  7.631E-07  4.307E-07
  2.107E-06  1.679E-06  1.257E-06  8.509E-07  4.850E-07
  2.529E-06  2.026E-06  1.525E-06  1.038E-06  5.922E-07
  2.379E-06  1.911E-06  1.444E-06  9.887E-07  5.681E-07
  2.133E-06  1.699E-06  1.271E-06  8.593E-07  4.877E-07
  2.049E-06  1.636E-06  1.228E-06  8.344E-07  4.761E-07
  2.266E-06  1.814E-06  1.367E-06  9.325E-07  5.345E-07
  2.532E-06  2.040E-06  1.547E-06  1.063E-06  6.108E-07
  2.294E-06  1.844E-06  1.397E-06  9.612E-07  5.557E-07
  2.594E-06  2.098E-06  1.599E-06  1.107E-06  6.422E-07
  2.600E-06  2.095E-06  1.589E-06  1.092E-06  6.256E-07
  2.542E-06  2.047E-06  1.552E-06  1.066E-06  6.109E-07
  2.194E-06  1.747E-06  1.308E-06  8.853E-07  5.026E-07
  1.688E-06  1.335E-06  9.942E-07  6.747E-07  3.933E-07
  2.680E-06  2.155E-06  1.631E-06  1.118E-06  6.375E-07
  1.882E-06  1.490E-06  1.109E-06  7.519E-07  4.362E-07
  2.412E-06  1.930E-06  1.451E-06  9.883E-07  5.627E-07
  1.520E-06  1.196E-06  8.887E-07  6.061E-07  3.652E-07
  1.984E-06  1.572E-06  1.173E-06  7.968E-07  4.639E-07
  1.979E-06  1.571E-06  1.175E-06  8.001E-07  4.673E-07
  2.144E-06  1.723E-06  1.309E-06  9.091E-07  5.401E-07
  3.063E-06  2.501E-06  1.931E-06  1.360E-06  8.009E-07
  2.974E-06  2.434E-06  1.886E-06  1.337E-06  7.966E-07
  3.309E-06  2.720E-06  2.118E-06  1.508E-06  8.988E-07
  3.388E-06  2.788E-06  2.175E-06  1.551E-06  9.265E-07
  3.431E-06  2.816E-06  2.188E-06  1.551E-06  9.170E-07
  3.144E-06  2.579E-06  2.005E-06  1.427E-06  8.541E-07
  2.705E-06  2.192E-06  1.681E-06  1.179E-06  7.038E-07
  2.789E-06  2.281E-06  1.769E-06  1.262E-06  7.681E-07
  3.645E-06  2.998E-06  2.338E-06  1.668E-06  9.973E-07
  2.838E-06  2.300E-06  1.762E-06  1.235E-06  7.376E-07
  2.326E-06  1.862E-06  1.410E-06  9.818E-07  6.027E-07
  2.273E-06  1.826E-06  1.389E-06  9.736E-07  6.017E-07
  2.442E-06  1.978E-06  1.523E-06  1.085E-06  6.789E-07
  2.493E-06  2.056E-06  1.620E-06  1.189E-06  7.599E-07
  3.164E-06  2.647E-06  2.117E-06  1.572E-06  1.001E-06
  3.094E-06  2.564E-06  2.025E-06  1.481E-06  9.299E-07
  3.756E-06  3.110E-06  2.450E-06  1.779E-06  1.097E-06
  3.734E-06  3.076E-06  2.406E-06  1.730E-06  1.054E-06
  3.614E-06  2.971E-06  2.318E-06  1.659E-06  1.007E-06
  3.303E-06  2.702E-06  2.097E-06  1.497E-06  9.154E-07
  3.057E-06  2.504E-06  1.950E-06  1.403E-06  8.756E-07
  3.935E-06  3.237E-06  2.525E-06  1.806E-06  1.094E-06
  4.548E-06  3.804E-06  3.031E-06  2.228E-06  1.386E-06
  5.634E-06  4.738E-06  3.799E-06  2.812E-06  1.752E-06
  6.122E-06  5.178E-06  4.179E-06  3.116E-06  1.953E-06
  5.338E-06  4.491E-06  3.604E-06  2.674E-06  1.672E-06
  5.798E-06  4.890E-06  3.933E-06  2.921E-06  1.824E-06
  6.192E-06  5.231E-06  4.217E-06  3.141E-06  1.965E-06
  5.367E-06  4.521E-06  3.637E-06  2.708E-06  1.708E-06
  5.829E-06  4.931E-06  3.985E-06  2.982E-06  1.886E-06
  5.062E-06  4.260E-06  3.424E-06  2.549E-06  1.615E-06
  5.174E-06  4.349E-06  3.488E-06  2.586E-06  1.625E-06
  5.610E-06  4.722E-06  3.793E-06  2.817E-06  1.767E-06
  4.102E-06  3.418E-06  2.718E-06  2.004E-06  1.278E-06
  4.852E-06  4.074E-06  3.266E-06  2.426E-06  1.539E-06
  5.727E-06  4.829E-06  3.887E-06  2.894E-06  1.822E-06
  6.145E-06  5.197E-06  4.196E-06  3.132E-06  1.965E-06
  5.070E-06  4.219E-06  3.342E-06  2.437E-06  1.517E-06
  1.785E-06  1.512E-06  1.254E-06  1.015E-06  8.008E-07
  2.446E-06  2.041E-06  1.650E-06  1.280E-06  9.396E-07
  6.690E-06  5.622E-06  4.496E-06  3.305E-06  2.026E-06
  7.363E-06  6.273E-06  5.108E-06  3.850E-06  2.432E-06
  7.210E-06  6.139E-06  4.998E-06  3.770E-06  2.395E-06
  6.546E-06  5.545E-06  4.487E-06  3.362E-06  2.133E-06
  4.159E-06  3.491E-06  2.815E-06  2.135E-06  1.458E-06
  7.263E-06  6.201E-06  5.069E-06  3.848E-06  2.469E-06
  7.563E-06  6.488E-06  5.338E-06  4.089E-06  2.657E-06
  7.434E-06  6.357E-06  5.211E-06  3.975E-06  2.582E-06
  7.709E-06  6.615E-06  5.446E-06  4.178E-06  2.729E-06
  8.738E-06  7.531E-06  6.229E-06  4.802E-06  3.140E-06
  8.534E-06  7.352E-06  6.081E-06  4.691E-06  3.076E-06
  8.547E-06  7.369E-06  6.102E-06  4.714E-06  3.103E-06
  9.021E-06  7.797E-06  6.475E-06  5.019E-06  3.312E-06
  9.123E-06  7.892E-06  6.563E-06  5.101E-06  3.382E-06
  9.424E-06  8.172E-06  6.815E-06  5.315E-06  3.541E-06
  9.619E-06  8.346E-06  6.968E-06  5.444E-06  3.638E-06
  1.002E-05  8.716E-06  7.296E-06  5.717E-06  3.828E-06
  1.031E-05  8.961E-06  7.491E-06  5.857E-06  3.907E-06
  1.041E-05  9.051E-06  7.576E-06  5.932E-06  3.968E-06
  1.060E-05  9.232E-06  7.740E-06  6.080E-06  4.091E-06
  1.082E-05  9.422E-06  7.904E-06  6.212E-06  4.181E-06
  1.096E-05  9.532E-06  7.979E-06  6.253E-06  4.204E-06
  1.142E-05  9.966E-06  8.379E-06  6.600E-06  4.453E-06
  1.092E-05  9.537E-06  8.031E-06  6.346E-06  4.317E-06
  1.154E-05  1.012E-05  8.554E-06  6.793E-06  4.641E-06
  1.110E-05  9.723E-06  8.219E-06  6.533E-06  4.482E-06
  1.207E-05  1.062E-05  9.018E-06  7.210E-06  4.975E-06
  1.294E-05  1.141E-05  9.719E-06  7.797E-06  5.388E-06
  1.317E-05  1.161E-05  9.893E-06  7.937E-06  5.486E-06
  1.353E-05  1.193E-05  1.016E-05  8.150E-06  5.621E-06
  1.350E-05  1.192E-05  1.018E-05  8.181E-06  5.671E-06
  1.362E-05  1.203E-05  1.028E-05  8.269E-06  5.744E-06
  1.314E-05  1.156E-05  9.831E-06  7.863E-06  5.442E-06
  1.379E-05  1.220E-05  1.044E-05  8.421E-06  5.867E-06
  1.388E-05  1.230E-05  1.055E-05  8.536E-06  5.994E-06
  1.447E-05  1.284E-05  1.103E-05  8.950E-06  6.290E-06
  1.449E-05  1.287E-05  1.108E-05  9.010E-06  6.366E-06
  1.476E-05  1.313E-05  1.131E-05  9.212E-06  6.525E-06
  1.516E-05  1.350E-05  1.165E-05  9.514E-06  6.758E-06
  1.553E-05  1.385E-05  1.198E-05  9.811E-06  6.992E-06
  1.537E-05  1.371E-05  1.186E-05  9.716E-06  6.952E-06
  1.639E-05  1.465E-05  1.271E-05  1.045E-05  7.487E-06
  1.556E-05  1.389E-05  1.203E-05  9.871E-06  7.091E-06
  1.560E-05  1.394E-05  1.209E-05  9.940E-06  7.171E-06
  1.609E-05  1.439E-05  1.250E-05  1.029E-05  7.433E-06
  1.650E-05  1.476E-05  1.282E-05  1.056E-05  7.626E-06
  1.662E-05  1.489E-05  1.295E-05  1.068E-05  7.719E-06
  1.749E-05  1.568E-05  1.365E-05  1.126E-05  8.119E-06
  1.763E-05  1.581E-05  1.377E-05  1.138E-05  8.224E-06
  1.740E-05  1.562E-05  1.362E-05  1.128E-05  8.190E-06
  1.773E-05  1.598E-05  1.402E-05  1.170E-05  8.584E-06
  1.684E-05  1.523E-05  1.340E-05  1.121E-05  8.297E-06
  1.856E-05  1.672E-05  1.460E-05  1.209E-05  8.812E-06
  1.972E-05  1.778E-05  1.555E-05  1.289E-05  9.383E-06
  2.109E-05  1.889E-05  1.638E-05  1.345E-05  9.713E-06
  2.248E-05  2.005E-05  1.731E-05  1.415E-05  1.016E-05
  1.934E-05  1.736E-05  1.510E-05  1.247E-05  9.115E-06
  2.347E-05  2.085E-05  1.793E-05  1.459E-05  1.043E-05
  2.392E-05  2.118E-05  1.816E-05  1.475E-05  1.054E-05
  2.134E-05  1.930E-05  1.694E-05  1.410E-05  1.034E-05
  2.449E-05  2.170E-05  1.862E-05  1.513E-05  1.083E-05
  1.948E-05  1.713E-05  1.461E-05  1.185E-05  8.662E-06
  2.485E-05  2.200E-05  1.886E-05  1.531E-05  1.096E-05
  1.969E-05  1.770E-05  1.544E-05  1.278E-05  9.430E-06
  2.649E-05  2.356E-05  2.031E-05  1.661E-05  1.198E-05
  2.727E-05  2.423E-05  2.089E-05  1.709E-05  1.235E-05
  2.743E-05  2.439E-05  2.104E-05  1.724E-05  1.249E-05
  2.750E-05  2.446E-05  2.111E-05  1.731E-05  1.256E-05
  2.740E-05  2.441E-05  2.111E-05  1.735E-05  1.263E-05
  2.778E-05  2.494E-05  2.174E-05  1.801E-05  1.319E-05
  2.536E-05  2.306E-05  2.041E-05  1.720E-05  1.288E-05
  2.872E-05  2.566E-05  2.226E-05  1.837E-05  1.345E-05
  2.904E-05  2.594E-05  2.253E-05  1.861E-05  1.365E-05
  2.944E-05  2.629E-05  2.283E-05  1.886E-05  1.384E-05
  2.924E-05  2.614E-05  2.272E-05  1.879E-05  1.382E-05
  2.950E-05  2.638E-05  2.293E-05  1.898E-05  1.397E-05
  2.919E-05  2.611E-05  2.271E-05  1.882E-05  1.389E-05
  2.985E-05  2.671E-05  2.323E-05  1.924E-05  1.418E-05
  2.995E-05  2.680E-05  2.331E-05  1.930E-05  1.423E-05
  2.973E-05  2.655E-05  2.305E-05  1.903E-05  1.400E-05
  2.856E-05  2.548E-05  2.207E-05  1.819E-05  1.339E-05
  2.979E-05  2.699E-05  2.378E-05  1.995E-05  1.490E-05
  2.796E-05  2.552E-05  2.268E-05  1.924E-05  1.459E-05
  3.178E-05  2.857E-05  2.500E-05  2.084E-05  1.548E-05
  3.159E-05  2.838E-05  2.480E-05  2.066E-05  1.535E-05
  3.184E-05  2.864E-05  2.509E-05  2.097E-05  1.567E-05
  3.244E-05  2.923E-05  2.565E-05  2.149E-05  1.609E-05
  3.250E-05  2.928E-05  2.570E-05  2.154E-05  1.616E-05
  3.280E-05  2.958E-05  2.599E-05  2.183E-05  1.642E-05
  3.330E-05  3.005E-05  2.642E-05  2.220E-05  1.670E-05
  3.397E-05  3.069E-05  2.702E-05  2.274E-05  1.714E-05
  3.350E-05  3.025E-05  2.663E-05  2.241E-05  1.692E-05
  3.381E-05  3.056E-05  2.693E-05  2.270E-05  1.716E-05
  3.460E-05  3.130E-05  2.762E-05  2.330E-05  1.763E-05
  3.447E-05  3.119E-05  2.751E-05  2.322E-05  1.759E-05
  3.492E-05  3.161E-05  2.791E-05  2.358E-05  1.788E-05
  3.503E-05  3.172E-05  2.803E-05  2.369E-05  1.799E-05
  3.528E-05  3.198E-05  2.827E-05  2.392E-05  1.819E-05
  3.574E-05  3.241E-05  2.868E-05  2.429E-05  1.848E-05
  3.583E-05  3.252E-05  2.880E-05  2.442E-05  1.861E-05
  3.556E-05  3.229E-05  2.862E-05  2.430E-05  1.857E-05
  3.622E-05  3.290E-05  2.916E-05  2.476E-05  1.892E-05
  3.646E-05  3.314E-05  2.939E-05  2.498E-05  1.911E-05
  3.666E-05  3.333E-05  2.958E-05  2.515E-05  1.926E-05
  3.677E-05  3.344E-05  2.970E-05  2.528E-05  1.938E-05
  3.702E-05  3.370E-05  2.995E-05  2.551E-05  1.957E-05
  3.710E-05  3.380E-05  3.008E-05  2.565E-05  1.972E-05
  3.589E-05  3.297E-05  2.958E-05  2.542E-05  1.968E-05
  3.224E-05  2.988E-05  2.710E-05  2.360E-05  1.868E-05
  3.718E-05  3.395E-05  3.027E-05  2.589E-05  2.000E-05
  3.761E-05  3.430E-05  3.056E-05  2.612E-05  2.017E-05
  3.733E-05  3.407E-05  3.038E-05  2.599E-05  2.013E-05
  3.781E-05  3.453E-05  3.081E-05  2.639E-05  2.045E-05
  3.840E-05  3.507E-05  3.130E-05  2.681E-05  2.077E-05
  3.791E-05  3.462E-05  3.089E-05  2.648E-05  2.057E-05
  3.763E-05  3.438E-05  3.070E-05  2.633E-05  2.050E-05
  3.865E-05  3.532E-05  3.156E-05  2.707E-05  2.103E-05
  3.850E-05  3.521E-05  3.149E-05  2.706E-05  2.108E-05
  3.911E-05  3.578E-05  3.201E-05  2.752E-05  2.144E-05
  3.903E-05  3.571E-05  3.196E-05  2.747E-05  2.143E-05
  3.927E-05  3.595E-05  3.218E-05  2.769E-05  2.163E-05
  3.929E-05  3.598E-05  3.222E-05  2.774E-05  2.169E-05
  3.906E-05  3.578E-05  3.207E-05  2.763E-05  2.165E-05
  3.809E-05  3.493E-05  3.135E-05  2.707E-05  2.131E-05
  3.846E-05  3.526E-05  3.165E-05  2.733E-05  2.153E-05
  3.924E-05  3.599E-05  3.231E-05  2.791E-05  2.197E-05
  3.961E-05  3.636E-05  3.266E-05  2.822E-05  2.222E-05
  4.046E-05  3.714E-05  3.336E-05  2.882E-05  2.265E-05
  3.933E-05  3.611E-05  3.245E-05  2.807E-05  2.217E-05
  4.055E-05  3.725E-05  3.349E-05  2.898E-05  2.285E-05
  4.083E-05  3.753E-05  3.377E-05  2.924E-05  2.307E-05
  4.016E-05  3.692E-05  3.323E-05  2.880E-05  2.279E-05
  4.096E-05  3.767E-05  3.392E-05  2.942E-05  2.327E-05
  4.089E-05  3.763E-05  3.392E-05  2.944E-05  2.332E-05
  4.105E-05  3.779E-05  3.407E-05  2.958E-05  2.345E-05
  4.086E-05  3.763E-05  3.393E-05  2.949E-05  2.342E-05
  4.127E-05  3.802E-05  3.431E-05  2.982E-05  2.368E-05
  4.149E-05  3.824E-05  3.453E-05  3.004E-05  2.389E-05
  4.166E-05  3.840E-05  3.467E-05  3.017E-05  2.401E-05
  4.197E-05  3.869E-05  3.494E-05  3.040E-05  2.419E-05
  4.209E-05  3.881E-05  3.506E-05  3.052E-05  2.431E-05
  4.215E-05  3.888E-05  3.515E-05  3.063E-05  2.443E-05
  4.251E-05  3.923E-05  3.548E-05  3.093E-05  2.467E-05
  4.226E-05  3.901E-05  3.529E-05  3.079E-05  2.461E-05
  4.226E-05  3.903E-05  3.532E-05  3.083E-05  2.467E-05
  4.248E-05  3.924E-05  3.552E-05  3.103E-05  2.485E-05
  4.291E-05  3.965E-05  3.591E-05  3.136E-05  2.511E-05
  4.303E-05  3.977E-05  3.603E-05  3.148E-05  2.522E-05
  4.295E-05  3.970E-05  3.598E-05  3.146E-05  2.523E-05
  4.321E-05  3.996E-05  3.623E-05  3.169E-05  2.543E-05
  4.318E-05  3.994E-05  3.622E-05  3.169E-05  2.546E-05
  4.358E-05  4.034E-05  3.661E-05  3.207E-05  2.578E-05
  4.357E-05  4.033E-05  3.661E-05  3.208E-05  2.581E-05
  4.372E-05  4.048E-05  3.676E-05  3.223E-05  2.595E-05
  4.377E-05  4.054E-05  3.682E-05  3.229E-05  2.602E-05
  4.392E-05  4.069E-05  3.698E-05  3.245E-05  2.617E-05
  4.405E-05  4.083E-05  3.712E-05  3.259E-05  2.631E-05
  4.402E-05  4.080E-05  3.710E-05  3.259E-05  2.633E-05
  4.414E-05  4.093E-05  3.724E-05  3.272E-05  2.646E-05
  4.353E-05  4.038E-05  3.676E-05  3.233E-05  2.621E-05
  4.433E-05  4.112E-05  3.743E-05  3.292E-05  2.666E-05
  4.442E-05  4.122E-05  3.754E-05  3.303E-05  2.677E-05
  4.454E-05  4.135E-05  3.766E-05  3.316E-05  2.689E-05
  4.462E-05  4.143E-05  3.775E-05  3.325E-05  2.699E-05
  4.468E-05  4.150E-05  3.783E-05  3.333E-05  2.707E-05
  4.470E-05  4.152E-05  3.786E-05  3.337E-05  2.712E-05
  4.475E-05  4.158E-05  3.793E-05  3.344E-05  2.721E-05
  4.497E-05  4.181E-05  3.815E-05  3.366E-05  2.740E-05
  4.504E-05  4.188E-05  3.823E-05  3.374E-05  2.749E-05
  4.507E-05  4.191E-05  3.826E-05  3.378E-05  2.754E-05
  4.508E-05  4.193E-05  3.829E-05  3.382E-05  2.759E-05
  4.478E-05  4.166E-05  3.806E-05  3.364E-05  2.750E-05
  4.506E-05  4.193E-05  3.831E-05  3.386E-05  2.767E-05
  4.487E-05  4.176E-05  3.817E-05  3.376E-05  2.764E-05
  4.538E-05  4.224E-05  3.862E-05  3.417E-05  2.796E-05
  4.550E-05  4.237E-05  3.875E-05  3.430E-05  2.808E-05
  4.539E-05  4.227E-05  3.867E-05  3.424E-05  2.806E-05
  4.524E-05  4.214E-05  3.855E-05  3.413E-05  2.800E-05
  4.569E-05  4.258E-05  3.897E-05  3.453E-05  2.833E-05
  4.577E-05  4.267E-05  3.907E-05  3.463E-05  2.843E-05
  4.564E-05  4.255E-05  3.896E-05  3.455E-05  2.839E-05
  4.576E-05  4.267E-05  3.909E-05  3.467E-05  2.851E-05
  4.591E-05  4.282E-05  3.925E-05  3.483E-05  2.866E-05
  4.596E-05  4.288E-05  3.931E-05  3.490E-05  2.873E-05
  4.601E-05  4.294E-05  3.937E-05  3.497E-05  2.881E-05
  4.586E-05  4.281E-05  3.926E-05  3.488E-05  2.877E-05
  4.600E-05  4.295E-05  3.940E-05  3.502E-05  2.890E-05
  4.592E-05  4.288E-05  3.936E-05  3.501E-05  2.893E-05
  4.603E-05  4.300E-05  3.947E-05  3.512E-05  2.903E-05
  4.588E-05  4.287E-05  3.938E-05  3.505E-05  2.900E-05
  4.623E-05  4.321E-05  3.971E-05  3.535E-05  2.924E-05
  4.619E-05  4.323E-05  3.976E-05  3.544E-05  2.935E-05
  4.469E-05  4.207E-05  3.894E-05  3.492E-05  2.912E-05
  3.899E-05  3.707E-05  3.472E-05  3.164E-05  2.720E-05
  4.601E-05  4.312E-05  3.974E-05  3.549E-05  2.947E-05
  4.650E-05  4.352E-05  4.005E-05  3.573E-05  2.964E-05
  4.660E-05  4.362E-05  4.013E-05  3.580E-05  2.972E-05
  4.667E-05  4.368E-05  4.020E-05  3.587E-05  2.979E-05
  4.665E-05  4.366E-05  4.018E-05  3.586E-05  2.980E-05
  4.679E-05  4.381E-05  4.033E-05  3.601E-05  2.994E-05
  4.679E-05  4.381E-05  4.034E-05  3.603E-05  2.996E-05
  4.687E-05  4.390E-05  4.043E-05  3.612E-05  3.006E-05
  4.689E-05  4.392E-05  4.046E-05  3.616E-05  3.011E-05
  4.693E-05  4.397E-05  4.052E-05  3.622E-05  3.017E-05
  4.697E-05  4.401E-05  4.056E-05  3.627E-05  3.024E-05
  4.699E-05  4.404E-05  4.060E-05  3.631E-05  3.029E-05
  4.704E-05  4.410E-05  4.067E-05  3.639E-05  3.037E-05
  4.701E-05  4.407E-05  4.065E-05  3.638E-05  3.038E-05
  4.709E-05  4.416E-05  4.074E-05  3.647E-05  3.047E-05
  4.714E-05  4.421E-05  4.080E-05  3.654E-05  3.054E-05
  4.716E-05  4.424E-05  4.083E-05  3.658E-05  3.059E-05
  4.719E-05  4.428E-05  4.088E-05  3.663E-05  3.065E-05
  4.721E-05  4.431E-05  4.091E-05  3.668E-05  3.070E-05
  4.725E-05  4.435E-05  4.096E-05  3.673E-05  3.077E-05
  4.728E-05  4.439E-05  4.100E-05  3.678E-05  3.082E-05
  4.721E-05  4.433E-05  4.096E-05  3.674E-05  3.081E-05
  4.730E-05  4.442E-05  4.105E-05  3.684E-05  3.091E-05
  4.735E-05  4.447E-05  4.111E-05  3.691E-05  3.098E-05
  4.735E-05  4.449E-05  4.113E-05  3.694E-05  3.102E-05
  4.738E-05  4.451E-05  4.117E-05  3.698E-05  3.107E-05
  4.738E-05  4.453E-05  4.120E-05  3.702E-05  3.113E-05
  4.736E-05  4.451E-05  4.118E-05  3.701E-05  3.113E-05
  4.734E-05  4.451E-05  4.118E-05  3.702E-05  3.116E-05
  4.739E-05  4.456E-05  4.124E-05  3.709E-05  3.123E-05
  4.731E-05  4.448E-05  4.117E-05  3.703E-05  3.120E-05
  4.739E-05  4.457E-05  4.126E-05  3.713E-05  3.129E-05
  4.747E-05  4.466E-05  4.136E-05  3.722E-05  3.138E-05
  4.752E-05  4.471E-05  4.142E-05  3.729E-05  3.145E-05
  4.753E-05  4.473E-05  4.144E-05  3.732E-05  3.150E-05
  4.743E-05  4.463E-05  4.136E-05  3.725E-05  3.146E-05
  4.753E-05  4.474E-05  4.147E-05  3.736E-05  3.156E-05
  4.750E-05  4.472E-05  4.146E-05  3.736E-05  3.158E-05
  4.759E-05  4.482E-05  4.156E-05  3.746E-05  3.167E-05
  4.761E-05  4.484E-05  4.159E-05  3.751E-05  3.172E-05
  4.751E-05  4.475E-05  4.151E-05  3.744E-05  3.169E-05
  4.741E-05  4.466E-05  4.142E-05  3.737E-05  3.165E-05
  4.751E-05  4.476E-05  4.154E-05  3.748E-05  3.176E-05
  4.757E-05  4.482E-05  4.160E-05  3.755E-05  3.183E-05
  4.763E-05  4.490E-05  4.168E-05  3.764E-05  3.191E-05
  4.757E-05  4.485E-05  4.164E-05  3.761E-05  3.190E-05
  4.760E-05  4.488E-05  4.167E-05  3.765E-05  3.195E-05
  4.764E-05  4.493E-05  4.173E-05  3.771E-05  3.201E-05
  4.768E-05  4.497E-05  4.178E-05  3.776E-05  3.207E-05
  4.766E-05  4.495E-05  4.177E-05  3.776E-05  3.208E-05
  4.766E-05  4.496E-05  4.178E-05  3.778E-05  3.211E-05
  4.766E-05  4.497E-05  4.180E-05  3.781E-05  3.215E-05
  4.768E-05  4.499E-05  4.183E-05  3.784E-05  3.220E-05
  4.767E-05  4.499E-05  4.183E-05  3.786E-05  3.222E-05
  4.749E-05  4.482E-05  4.168E-05  3.773E-05  3.214E-05
  4.766E-05  4.500E-05  4.186E-05  3.790E-05  3.229E-05
  4.759E-05  4.493E-05  4.179E-05  3.785E-05  3.226E-05
  4.767E-05  4.501E-05  4.189E-05  3.794E-05  3.234E-05
  4.758E-05  4.494E-05  4.182E-05  3.789E-05  3.232E-05
  4.760E-05  4.497E-05  4.187E-05  3.796E-05  3.240E-05
  4.769E-05  4.506E-05  4.195E-05  3.802E-05  3.246E-05
  4.769E-05  4.506E-05  4.195E-05  3.804E-05  3.248E-05
  4.761E-05  4.499E-05  4.190E-05  3.800E-05  3.247E-05
  4.764E-05  4.502E-05  4.194E-05  3.804E-05  3.251E-05
  4.768E-05  4.507E-05  4.200E-05  3.811E-05  3.258E-05
  4.768E-05  4.507E-05  4.200E-05  3.812E-05  3.260E-05
  4.766E-05  4.506E-05  4.199E-05  3.812E-05  3.261E-05
  4.749E-05  4.491E-05  4.185E-05  3.800E-05  3.255E-05
  4.752E-05  4.494E-05  4.189E-05  3.804E-05  3.259E-05
  4.766E-05  4.508E-05  4.203E-05  3.818E-05  3.270E-05
  4.766E-05  4.509E-05  4.205E-05  3.820E-05  3.274E-05
  4.759E-05  4.502E-05  4.199E-05  3.816E-05  3.272E-05
  4.761E-05  4.505E-05  4.202E-05  3.820E-05  3.276E-05
  4.756E-05  4.501E-05  4.199E-05  3.818E-05  3.275E-05
  4.762E-05  4.507E-05  4.206E-05  3.825E-05  3.282E-05
  4.754E-05  4.499E-05  4.199E-05  3.819E-05  3.279E-05
  4.759E-05  4.506E-05  4.206E-05  3.826E-05  3.286E-05
  4.760E-05  4.507E-05  4.208E-05  3.829E-05  3.289E-05
  4.758E-05  4.506E-05  4.207E-05  3.829E-05  3.291E-05
  4.757E-05  4.505E-05  4.207E-05  3.830E-05  3.292E-05
  4.722E-05  4.473E-05  4.179E-05  3.807E-05  3.278E-05
  4.743E-05  4.493E-05  4.197E-05  3.822E-05  3.289E-05
  4.734E-05  4.484E-05  4.190E-05  3.817E-05  3.287E-05
  4.745E-05  4.496E-05  4.201E-05  3.828E-05  3.295E-05
  4.752E-05  4.503E-05  4.208E-05  3.835E-05  3.302E-05
  4.750E-05  4.501E-05  4.207E-05  3.835E-05  3.303E-05
  4.742E-05  4.495E-05  4.202E-05  3.830E-05  3.301E-05
  4.720E-05  4.474E-05  4.184E-05  3.816E-05  3.293E-05
  4.742E-05  4.495E-05  4.203E-05  3.833E-05  3.305E-05
  4.743E-05  4.497E-05  4.206E-05  3.836E-05  3.308E-05
  4.725E-05  4.480E-05  4.190E-05  3.822E-05  3.300E-05
  4.739E-05  4.494E-05  4.204E-05  3.836E-05  3.311E-05
  4.732E-05  4.488E-05  4.199E-05  3.832E-05  3.309E-05
  4.728E-05  4.486E-05  4.198E-05  3.833E-05  3.311E-05
  4.720E-05  4.477E-05  4.190E-05  3.826E-05  3.307E-05
  4.719E-05  4.477E-05  4.190E-05  3.826E-05  3.308E-05
  4.623E-05  4.387E-05  4.108E-05  3.756E-05  3.259E-05
  4.717E-05  4.476E-05  4.191E-05  3.828E-05  3.310E-05
  4.440E-05  4.217E-05  3.953E-05  3.622E-05  3.165E-05
  4.734E-05  4.493E-05  4.207E-05  3.844E-05  3.325E-05
  4.702E-05  4.466E-05  4.186E-05  3.829E-05  3.317E-05
  4.688E-05  4.453E-05  4.174E-05  3.818E-05  3.310E-05
  4.734E-05  4.494E-05  4.209E-05  3.847E-05  3.329E-05
  4.714E-05  4.478E-05  4.196E-05  3.838E-05  3.324E-05
  4.429E-05  4.214E-05  3.959E-05  3.637E-05  3.186E-05
  4.698E-05  4.461E-05  4.181E-05  3.825E-05  3.317E-05
  4.731E-05  4.491E-05  4.206E-05  3.846E-05  3.331E-05
  4.717E-05  4.480E-05  4.199E-05  3.842E-05  3.330E-05
  4.568E-05  4.356E-05  4.101E-05  3.770E-05  3.291E-05
  4.703E-05  4.472E-05  4.195E-05  3.842E-05  3.334E-05
  4.723E-05  4.485E-05  4.202E-05  3.844E-05  3.334E-05
  4.692E-05  4.456E-05  4.177E-05  3.824E-05  3.321E-05
  4.708E-05  4.472E-05  4.191E-05  3.836E-05  3.331E-05
  4.675E-05  4.450E-05  4.181E-05  3.834E-05  3.333E-05
  4.517E-05  4.315E-05  4.071E-05  3.751E-05  3.286E-05
  4.709E-05  4.476E-05  4.199E-05  3.846E-05  3.340E-05
  4.714E-05  4.478E-05  4.199E-05  3.845E-05  3.340E-05
  4.704E-05  4.469E-05  4.190E-05  3.837E-05  3.335E-05
  4.710E-05  4.474E-05  4.195E-05  3.842E-05  3.339E-05
  4.709E-05  4.475E-05  4.197E-05  3.845E-05  3.342E-05
  4.700E-05  4.469E-05  4.194E-05  3.845E-05  3.343E-05
  4.473E-05  4.277E-05  4.040E-05  3.729E-05  3.278E-05
  4.622E-05  4.410E-05  4.155E-05  3.822E-05  3.335E-05
  4.698E-05  4.468E-05  4.194E-05  3.845E-05  3.346E-05
  4.677E-05  4.446E-05  4.173E-05  3.828E-05  3.334E-05
  4.643E-05  4.415E-05  4.145E-05  3.803E-05  3.318E-05
  4.679E-05  4.448E-05  4.175E-05  3.829E-05  3.336E-05
  4.693E-05  4.462E-05  4.188E-05  3.842E-05  3.346E-05
  4.690E-05  4.460E-05  4.187E-05  3.841E-05  3.346E-05
  4.687E-05  4.457E-05  4.185E-05  3.840E-05  3.346E-05
  4.683E-05  4.455E-05  4.184E-05  3.841E-05  3.348E-05
  4.644E-05  4.424E-05  4.160E-05  3.822E-05  3.336E-05
  4.361E-05  4.190E-05  3.977E-05  3.693E-05  3.272E-05
  4.617E-05  4.402E-05  4.143E-05  3.811E-05  3.331E-05
  4.664E-05  4.439E-05  4.171E-05  3.831E-05  3.344E-05
  4.670E-05  4.443E-05  4.175E-05  3.835E-05  3.346E-05
  4.669E-05  4.443E-05  4.175E-05  3.835E-05  3.347E-05
  4.665E-05  4.440E-05  4.172E-05  3.833E-05  3.346E-05
  4.663E-05  4.437E-05  4.170E-05  3.832E-05  3.346E-05
  4.660E-05  4.435E-05  4.168E-05  3.830E-05  3.345E-05
  4.658E-05  4.433E-05  4.168E-05  3.830E-05  3.346E-05
  4.603E-05  4.382E-05  4.122E-05  3.791E-05  3.320E-05
  4.647E-05  4.424E-05  4.160E-05  3.825E-05  3.343E-05
  4.642E-05  4.419E-05  4.156E-05  3.821E-05  3.341E-05
  4.646E-05  4.424E-05  4.161E-05  3.826E-05  3.346E-05
  4.643E-05  4.422E-05  4.160E-05  3.826E-05  3.346E-05
  4.635E-05  4.416E-05  4.155E-05  3.823E-05  3.345E-05
  4.598E-05  4.390E-05  4.140E-05  3.815E-05  3.342E-05
  4.281E-05  4.124E-05  3.928E-05  3.664E-05  3.267E-05
  4.602E-05  4.392E-05  4.139E-05  3.814E-05  3.341E-05
  4.624E-05  4.407E-05  4.148E-05  3.819E-05  3.344E-05
  4.618E-05  4.401E-05  4.142E-05  3.814E-05  3.340E-05
  4.609E-05  4.392E-05  4.134E-05  3.807E-05  3.336E-05
  4.614E-05  4.396E-05  4.138E-05  3.811E-05  3.339E-05
  4.601E-05  4.384E-05  4.128E-05  3.802E-05  3.334E-05
  4.611E-05  4.394E-05  4.138E-05  3.811E-05  3.341E-05
  4.609E-05  4.393E-05  4.137E-05  3.811E-05  3.341E-05
  4.606E-05  4.390E-05  4.135E-05  3.809E-05  3.340E-05
  4.599E-05  4.383E-05  4.128E-05  3.804E-05  3.336E-05
  4.598E-05  4.383E-05  4.129E-05  3.805E-05  3.338E-05
  4.595E-05  4.381E-05  4.126E-05  3.803E-05  3.337E-05
  4.593E-05  4.379E-05  4.126E-05  3.803E-05  3.338E-05
  4.589E-05  4.376E-05  4.123E-05  3.801E-05  3.337E-05
  4.586E-05  4.373E-05  4.121E-05  3.800E-05  3.336E-05
  4.580E-05  4.368E-05  4.116E-05  3.796E-05  3.334E-05
  4.573E-05  4.362E-05  4.111E-05  3.792E-05  3.331E-05
  4.572E-05  4.361E-05  4.111E-05  3.792E-05  3.332E-05
  4.573E-05  4.362E-05  4.112E-05  3.794E-05  3.334E-05
  4.570E-05  4.360E-05  4.110E-05  3.793E-05  3.333E-05
  4.566E-05  4.357E-05  4.108E-05  3.791E-05  3.333E-05
  4.562E-05  4.353E-05  4.105E-05  3.789E-05  3.331E-05
  4.501E-05  4.307E-05  4.074E-05  3.770E-05  3.324E-05
  4.413E-05  4.230E-05  4.009E-05  3.721E-05  3.297E-05
  4.537E-05  4.331E-05  4.087E-05  3.775E-05  3.324E-05
  4.527E-05  4.322E-05  4.079E-05  3.769E-05  3.320E-05
  4.522E-05  4.318E-05  4.076E-05  3.767E-05  3.320E-05
  4.516E-05  4.313E-05  4.072E-05  3.765E-05  3.319E-05
  4.501E-05  4.299E-05  4.060E-05  3.754E-05  3.311E-05
  4.495E-05  4.294E-05  4.056E-05  3.752E-05  3.311E-05
  4.489E-05  4.290E-05  4.053E-05  3.750E-05  3.311E-05
  4.471E-05  4.273E-05  4.038E-05  3.738E-05  3.302E-05
  4.470E-05  4.273E-05  4.039E-05  3.740E-05  3.304E-05
  4.456E-05  4.261E-05  4.028E-05  3.731E-05  3.298E-05
  4.443E-05  4.249E-05  4.017E-05  3.722E-05  3.292E-05
  4.404E-05  4.213E-05  3.986E-05  3.696E-05  3.275E-05
  4.420E-05  4.228E-05  4.000E-05  3.708E-05  3.283E-05
  4.410E-05  4.218E-05  3.991E-05  3.701E-05  3.278E-05
  4.387E-05  4.198E-05  3.973E-05  3.687E-05  3.268E-05
  4.383E-05  4.196E-05  3.972E-05  3.687E-05  3.269E-05
  4.187E-05  4.037E-05  3.851E-05  3.603E-05  3.228E-05
  4.339E-05  4.162E-05  3.948E-05  3.671E-05  3.260E-05
  4.373E-05  4.187E-05  3.966E-05  3.682E-05  3.266E-05
  4.370E-05  4.185E-05  3.964E-05  3.681E-05  3.265E-05
  4.359E-05  4.174E-05  3.954E-05  3.673E-05  3.260E-05
  4.348E-05  4.164E-05  3.945E-05  3.665E-05  3.254E-05
  4.342E-05  4.160E-05  3.942E-05  3.663E-05  3.253E-05
  4.319E-05  4.138E-05  3.922E-05  3.646E-05  3.241E-05
  4.316E-05  4.136E-05  3.921E-05  3.646E-05  3.241E-05
  4.311E-05  4.131E-05  3.917E-05  3.642E-05  3.238E-05
  4.294E-05  4.115E-05  3.902E-05  3.630E-05  3.228E-05
  4.296E-05  4.118E-05  3.906E-05  3.634E-05  3.232E-05
  4.287E-05  4.110E-05  3.899E-05  3.628E-05  3.228E-05
  4.275E-05  4.099E-05  3.889E-05  3.620E-05  3.221E-05
  4.255E-05  4.081E-05  3.872E-05  3.605E-05  3.210E-05
  4.247E-05  4.073E-05  3.866E-05  3.601E-05  3.208E-05
  4.250E-05  4.077E-05  3.870E-05  3.604E-05  3.211E-05
  4.219E-05  4.048E-05  3.844E-05  3.582E-05  3.194E-05
  4.209E-05  4.039E-05  3.835E-05  3.575E-05  3.189E-05
  4.205E-05  4.035E-05  3.832E-05  3.572E-05  3.186E-05
  4.214E-05  4.044E-05  3.841E-05  3.581E-05  3.193E-05
  4.170E-05  4.003E-05  3.804E-05  3.549E-05  3.170E-05
  4.181E-05  4.014E-05  3.814E-05  3.557E-05  3.176E-05
  4.164E-05  3.998E-05  3.801E-05  3.547E-05  3.169E-05
  4.171E-05  4.006E-05  3.807E-05  3.552E-05  3.172E-05
  4.168E-05  4.003E-05  3.805E-05  3.551E-05  3.172E-05
  4.159E-05  3.995E-05  3.798E-05  3.545E-05  3.168E-05
  4.146E-05  3.982E-05  3.787E-05  3.536E-05  3.161E-05
  4.140E-05  3.977E-05  3.783E-05  3.533E-05  3.159E-05
  4.130E-05  3.969E-05  3.775E-05  3.526E-05  3.154E-05
  4.121E-05  3.960E-05  3.767E-05  3.520E-05  3.149E-05
  4.113E-05  3.953E-05  3.762E-05  3.516E-05  3.147E-05
  4.103E-05  3.944E-05  3.754E-05  3.509E-05  3.142E-05
  4.092E-05  3.935E-05  3.745E-05  3.502E-05  3.137E-05
  4.083E-05  3.926E-05  3.738E-05  3.496E-05  3.132E-05
  4.074E-05  3.918E-05  3.731E-05  3.490E-05  3.128E-05
  4.065E-05  3.910E-05  3.725E-05  3.486E-05  3.126E-05
  4.033E-05  3.887E-05  3.708E-05  3.476E-05  3.121E-05
  3.749E-05  3.645E-05  3.513E-05  3.331E-05  3.036E-05
  4.022E-05  3.875E-05  3.697E-05  3.465E-05  3.112E-05
  4.028E-05  3.877E-05  3.695E-05  3.461E-05  3.107E-05
  4.022E-05  3.872E-05  3.690E-05  3.457E-05  3.104E-05
  4.013E-05  3.863E-05  3.682E-05  3.450E-05  3.098E-05
  4.006E-05  3.856E-05  3.676E-05  3.445E-05  3.095E-05
  3.990E-05  3.841E-05  3.662E-05  3.432E-05  3.085E-05
  3.980E-05  3.832E-05  3.654E-05  3.425E-05  3.079E-05
  3.980E-05  3.832E-05  3.655E-05  3.427E-05  3.081E-05
  3.967E-05  3.821E-05  3.644E-05  3.417E-05  3.073E-05
  3.960E-05  3.815E-05  3.639E-05  3.413E-05  3.071E-05
  3.951E-05  3.807E-05  3.632E-05  3.407E-05  3.066E-05
  3.944E-05  3.800E-05  3.627E-05  3.403E-05  3.063E-05
  3.935E-05  3.792E-05  3.619E-05  3.396E-05  3.058E-05
  3.926E-05  3.784E-05  3.612E-05  3.390E-05  3.054E-05
  3.914E-05  3.773E-05  3.602E-05  3.381E-05  3.046E-05
  3.908E-05  3.767E-05  3.597E-05  3.377E-05  3.044E-05
  3.899E-05  3.759E-05  3.590E-05  3.372E-05  3.039E-05
  3.886E-05  3.748E-05  3.580E-05  3.363E-05  3.033E-05
  3.881E-05  3.743E-05  3.576E-05  3.360E-05  3.031E-05
  3.873E-05  3.735E-05  3.569E-05  3.354E-05  3.028E-05
  3.866E-05  3.729E-05  3.564E-05  3.350E-05  3.024E-05
  3.856E-05  3.720E-05  3.556E-05  3.344E-05  3.020E-05
  3.847E-05  3.712E-05  3.549E-05  3.337E-05  3.016E-05
  3.837E-05  3.703E-05  3.540E-05  3.330E-05  3.010E-05
  3.831E-05  3.697E-05  3.536E-05  3.327E-05  3.008E-05
  3.818E-05  3.686E-05  3.525E-05  3.317E-05  3.001E-05
  3.814E-05  3.683E-05  3.523E-05  3.316E-05  3.001E-05
  3.799E-05  3.668E-05  3.509E-05  3.303E-05  2.991E-05
  3.787E-05  3.657E-05  3.499E-05  3.295E-05  2.984E-05
  3.787E-05  3.658E-05  3.501E-05  3.298E-05  2.988E-05
  3.780E-05  3.652E-05  3.495E-05  3.293E-05  2.985E-05
  3.747E-05  3.621E-05  3.467E-05  3.267E-05  2.964E-05
  3.762E-05  3.635E-05  3.480E-05  3.281E-05  2.975E-05
  3.737E-05  3.611E-05  3.459E-05  3.261E-05  2.960E-05
  3.739E-05  3.613E-05  3.461E-05  3.263E-05  2.962E-05
  3.733E-05  3.608E-05  3.457E-05  3.260E-05  2.960E-05
  3.725E-05  3.601E-05  3.451E-05  3.255E-05  2.956E-05
  3.711E-05  3.588E-05  3.438E-05  3.244E-05  2.947E-05
  3.702E-05  3.580E-05  3.431E-05  3.238E-05  2.943E-05
  3.696E-05  3.574E-05  3.427E-05  3.234E-05  2.940E-05
  3.658E-05  3.539E-05  3.394E-05  3.206E-05  2.918E-05
  3.683E-05  3.563E-05  3.416E-05  3.226E-05  2.935E-05
  3.670E-05  3.551E-05  3.406E-05  3.217E-05  2.927E-05
  3.630E-05  3.513E-05  3.371E-05  3.186E-05  2.903E-05
  3.635E-05  3.518E-05  3.375E-05  3.189E-05  2.906E-05
  3.645E-05  3.529E-05  3.386E-05  3.200E-05  2.916E-05
  3.637E-05  3.521E-05  3.380E-05  3.195E-05  2.913E-05
  3.623E-05  3.508E-05  3.367E-05  3.184E-05  2.904E-05
  3.616E-05  3.501E-05  3.361E-05  3.179E-05  2.901E-05
  3.606E-05  3.492E-05  3.353E-05  3.173E-05  2.896E-05
  3.596E-05  3.483E-05  3.346E-05  3.166E-05  2.892E-05
  3.584E-05  3.472E-05  3.336E-05  3.158E-05  2.885E-05
  3.578E-05  3.467E-05  3.332E-05  3.155E-05  2.885E-05
  3.566E-05  3.456E-05  3.321E-05  3.146E-05  2.878E-05
  3.549E-05  3.439E-05  3.305E-05  3.130E-05  2.864E-05
  3.552E-05  3.444E-05  3.311E-05  3.137E-05  2.871E-05
  3.528E-05  3.420E-05  3.289E-05  3.118E-05  2.856E-05
  3.508E-05  3.401E-05  3.270E-05  3.100E-05  2.841E-05
  3.494E-05  3.388E-05  3.259E-05  3.090E-05  2.832E-05
  3.504E-05  3.398E-05  3.269E-05  3.100E-05  2.841E-05
  3.437E-05  3.334E-05  3.208E-05  3.044E-05  2.795E-05
  3.475E-05  3.372E-05  3.245E-05  3.081E-05  2.828E-05
  3.478E-05  3.374E-05  3.246E-05  3.079E-05  2.824E-05
  3.449E-05  3.348E-05  3.224E-05  3.061E-05  2.812E-05
  3.395E-05  3.296E-05  3.176E-05  3.019E-05  2.777E-05
  3.426E-05  3.325E-05  3.201E-05  3.038E-05  2.789E-05
  3.366E-05  3.270E-05  3.153E-05  2.999E-05  2.761E-05
  3.293E-05  3.201E-05  3.089E-05  2.943E-05  2.715E-05
  3.347E-05  3.249E-05  3.129E-05  2.972E-05  2.732E-05
  3.319E-05  3.222E-05  3.103E-05  2.948E-05  2.710E-05
  3.242E-05  3.154E-05  3.045E-05  2.901E-05  2.676E-05
  3.156E-05  3.073E-05  2.971E-05  2.836E-05  2.623E-05
  3.233E-05  3.140E-05  3.026E-05  2.877E-05  2.648E-05
  3.206E-05  3.113E-05  2.999E-05  2.851E-05  2.624E-05
  3.175E-05  3.083E-05  2.971E-05  2.825E-05  2.601E-05
  3.140E-05  3.052E-05  2.943E-05  2.800E-05  2.581E-05
  2.971E-05  2.901E-05  2.813E-05  2.696E-05  2.505E-05
  3.072E-05  2.989E-05  2.885E-05  2.750E-05  2.538E-05
  3.069E-05  2.982E-05  2.876E-05  2.737E-05  2.524E-05
  3.043E-05  2.957E-05  2.851E-05  2.714E-05  2.504E-05
  3.019E-05  2.934E-05  2.830E-05  2.694E-05  2.485E-05
  2.994E-05  2.910E-05  2.807E-05  2.673E-05  2.467E-05
  2.969E-05  2.886E-05  2.785E-05  2.652E-05  2.449E-05
  2.938E-05  2.857E-05  2.758E-05  2.629E-05  2.429E-05
  2.775E-05  2.712E-05  2.634E-05  2.528E-05  2.356E-05
  2.860E-05  2.787E-05  2.696E-05  2.576E-05  2.386E-05
  2.867E-05  2.789E-05  2.693E-05  2.567E-05  2.373E-05
  2.841E-05  2.763E-05  2.668E-05  2.543E-05  2.351E-05
  2.820E-05  2.743E-05  2.649E-05  2.527E-05  2.336E-05
  2.786E-05  2.712E-05  2.622E-05  2.502E-05  2.316E-05
  2.584E-05  2.532E-05  2.467E-05  2.377E-05  2.226E-05
  2.736E-05  2.665E-05  2.577E-05  2.462E-05  2.280E-05
  2.719E-05  2.646E-05  2.556E-05  2.439E-05  2.257E-05
  2.707E-05  2.634E-05  2.545E-05  2.429E-05  2.248E-05
  2.684E-05  2.612E-05  2.524E-05  2.409E-05  2.230E-05
  2.662E-05  2.591E-05  2.504E-05  2.391E-05  2.214E-05
  2.629E-05  2.561E-05  2.478E-05  2.368E-05  2.194E-05
  2.465E-05  2.416E-05  2.353E-05  2.267E-05  2.122E-05
  2.587E-05  2.521E-05  2.440E-05  2.332E-05  2.162E-05
  2.577E-05  2.509E-05  2.426E-05  2.317E-05  2.147E-05
  2.553E-05  2.486E-05  2.403E-05  2.296E-05  2.127E-05
  2.537E-05  2.470E-05  2.389E-05  2.282E-05  2.115E-05
  2.517E-05  2.451E-05  2.370E-05  2.265E-05  2.099E-05
  2.499E-05  2.433E-05  2.353E-05  2.249E-05  2.086E-05
  2.480E-05  2.415E-05  2.336E-05  2.233E-05  2.071E-05
  2.459E-05  2.395E-05  2.317E-05  2.215E-05  2.054E-05
  2.437E-05  2.374E-05  2.297E-05  2.196E-05  2.037E-05
  2.422E-05  2.359E-05  2.283E-05  2.183E-05  2.026E-05
  2.403E-05  2.341E-05  2.266E-05  2.167E-05  2.011E-05
  2.381E-05  2.320E-05  2.245E-05  2.148E-05  1.994E-05
  2.365E-05  2.305E-05  2.231E-05  2.134E-05  1.982E-05
  2.348E-05  2.288E-05  2.215E-05  2.119E-05  1.968E-05
  2.327E-05  2.268E-05  2.196E-05  2.102E-05  1.952E-05
  2.312E-05  2.253E-05  2.182E-05  2.089E-05  1.940E-05
  2.293E-05  2.236E-05  2.165E-05  2.073E-05  1.926E-05
  2.276E-05  2.219E-05  2.149E-05  2.058E-05  1.913E-05
  2.259E-05  2.202E-05  2.134E-05  2.043E-05  1.899E-05
  2.242E-05  2.186E-05  2.118E-05  2.029E-05  1.887E-05
  2.219E-05  2.165E-05  2.100E-05  2.013E-05  1.873E-05
  2.079E-05  2.041E-05  1.993E-05  1.926E-05  1.812E-05
  2.178E-05  2.127E-05  2.065E-05  1.981E-05  1.844E-05
  2.173E-05  2.120E-05  2.055E-05  1.969E-05  1.832E-05
  2.161E-05  2.108E-05  2.043E-05  1.958E-05  1.822E-05
  2.141E-05  2.089E-05  2.025E-05  1.941E-05  1.806E-05
  2.129E-05  2.077E-05  2.014E-05  1.930E-05  1.797E-05
  2.114E-05  2.062E-05  1.999E-05  1.917E-05  1.784E-05
  2.098E-05  2.047E-05  1.985E-05  1.903E-05  1.772E-05
  2.083E-05  2.032E-05  1.971E-05  1.890E-05  1.760E-05
  2.066E-05  2.016E-05  1.955E-05  1.875E-05  1.746E-05
  2.052E-05  2.002E-05  1.942E-05  1.862E-05  1.735E-05
  2.038E-05  1.989E-05  1.929E-05  1.850E-05  1.724E-05
  2.021E-05  1.973E-05  1.914E-05  1.836E-05  1.710E-05
  2.008E-05  1.960E-05  1.902E-05  1.824E-05  1.700E-05
  1.994E-05  1.947E-05  1.889E-05  1.812E-05  1.689E-05
  1.980E-05  1.933E-05  1.875E-05  1.799E-05  1.677E-05
  1.966E-05  1.919E-05  1.862E-05  1.787E-05  1.666E-05
  1.951E-05  1.905E-05  1.849E-05  1.774E-05  1.654E-05
  1.938E-05  1.893E-05  1.837E-05  1.763E-05  1.643E-05
  1.925E-05  1.879E-05  1.824E-05  1.750E-05  1.632E-05
  1.911E-05  1.866E-05  1.812E-05  1.739E-05  1.622E-05
  1.897E-05  1.852E-05  1.798E-05  1.726E-05  1.610E-05
  1.884E-05  1.839E-05  1.786E-05  1.714E-05  1.599E-05
  1.872E-05  1.828E-05  1.775E-05  1.704E-05  1.589E-05
  1.858E-05  1.815E-05  1.762E-05  1.692E-05  1.578E-05
  1.845E-05  1.802E-05  1.750E-05  1.680E-05  1.568E-05
  1.833E-05  1.790E-05  1.739E-05  1.669E-05  1.558E-05
  1.820E-05  1.778E-05  1.726E-05  1.658E-05  1.547E-05
  1.808E-05  1.766E-05  1.715E-05  1.647E-05  1.537E-05
  1.794E-05  1.752E-05  1.702E-05  1.634E-05  1.526E-05
  1.783E-05  1.742E-05  1.692E-05  1.625E-05  1.518E-05
  1.771E-05  1.730E-05  1.680E-05  1.614E-05  1.507E-05
  1.755E-05  1.714E-05  1.666E-05  1.600E-05  1.495E-05
  1.746E-05  1.707E-05  1.658E-05  1.593E-05  1.488E-05
  1.736E-05  1.697E-05  1.648E-05  1.584E-05  1.480E-05
  1.724E-05  1.685E-05  1.638E-05  1.574E-05  1.471E-05
  1.711E-05  1.672E-05  1.625E-05  1.562E-05  1.459E-05
  1.701E-05  1.663E-05  1.616E-05  1.554E-05  1.452E-05
  1.691E-05  1.653E-05  1.606E-05  1.544E-05  1.443E-05
  1.678E-05  1.641E-05  1.595E-05  1.533E-05  1.433E-05
  1.663E-05  1.626E-05  1.580E-05  1.519E-05  1.421E-05
  1.657E-05  1.621E-05  1.576E-05  1.515E-05  1.417E-05
  1.645E-05  1.609E-05  1.564E-05  1.503E-05  1.406E-05
  1.636E-05  1.600E-05  1.556E-05  1.496E-05  1.399E-05
  1.622E-05  1.587E-05  1.544E-05  1.485E-05  1.390E-05
  1.601E-05  1.567E-05  1.526E-05  1.469E-05  1.375E-05
  1.514E-05  1.489E-05  1.458E-05  1.414E-05  1.340E-05
  1.585E-05  1.552E-05  1.511E-05  1.455E-05  1.363E-05
  1.583E-05  1.548E-05  1.506E-05  1.448E-05  1.356E-05
  1.573E-05  1.539E-05  1.497E-05  1.440E-05  1.348E-05
  1.559E-05  1.525E-05  1.484E-05  1.428E-05  1.337E-05
  1.539E-05  1.506E-05  1.466E-05  1.411E-05  1.323E-05
  1.542E-05  1.509E-05  1.468E-05  1.413E-05  1.324E-05
  1.535E-05  1.502E-05  1.461E-05  1.406E-05  1.316E-05
  1.526E-05  1.493E-05  1.452E-05  1.397E-05  1.308E-05
  1.516E-05  1.483E-05  1.443E-05  1.388E-05  1.300E-05
  1.507E-05  1.474E-05  1.434E-05  1.380E-05  1.292E-05
  1.497E-05  1.465E-05  1.425E-05  1.371E-05  1.285E-05
  1.486E-05  1.455E-05  1.415E-05  1.362E-05  1.277E-05
  1.458E-05  1.428E-05  1.391E-05  1.340E-05  1.259E-05
  1.460E-05  1.430E-05  1.393E-05  1.342E-05  1.259E-05
  1.459E-05  1.428E-05  1.390E-05  1.338E-05  1.254E-05
  1.451E-05  1.420E-05  1.382E-05  1.330E-05  1.247E-05
  1.443E-05  1.412E-05  1.374E-05  1.322E-05  1.240E-05
  1.434E-05  1.403E-05  1.365E-05  1.314E-05  1.232E-05
  1.425E-05  1.395E-05  1.357E-05  1.306E-05  1.225E-05
  1.416E-05  1.386E-05  1.349E-05  1.298E-05  1.218E-05
  1.408E-05  1.378E-05  1.341E-05  1.291E-05  1.211E-05
  1.399E-05  1.369E-05  1.332E-05  1.283E-05  1.203E-05
  1.390E-05  1.360E-05  1.324E-05  1.275E-05  1.196E-05
  1.374E-05  1.347E-05  1.312E-05  1.265E-05  1.188E-05
  1.345E-05  1.319E-05  1.286E-05  1.241E-05  1.169E-05
  1.363E-05  1.335E-05  1.300E-05  1.252E-05  1.175E-05
  1.357E-05  1.329E-05  1.293E-05  1.245E-05  1.169E-05
  1.349E-05  1.321E-05  1.286E-05  1.238E-05  1.162E-05
  1.341E-05  1.313E-05  1.278E-05  1.231E-05  1.155E-05
  1.333E-05  1.305E-05  1.270E-05  1.223E-05  1.149E-05
  1.325E-05  1.298E-05  1.263E-05  1.217E-05  1.142E-05
  1.317E-05  1.290E-05  1.256E-05  1.209E-05  1.136E-05
  1.310E-05  1.282E-05  1.249E-05  1.203E-05  1.129E-05
  1.302E-05  1.275E-05  1.241E-05  1.196E-05  1.123E-05
  1.294E-05  1.268E-05  1.234E-05  1.189E-05  1.117E-05
  1.287E-05  1.260E-05  1.227E-05  1.182E-05  1.111E-05
  1.279E-05  1.253E-05  1.220E-05  1.175E-05  1.104E-05
  1.272E-05  1.245E-05  1.213E-05  1.169E-05  1.098E-05
  1.264E-05  1.238E-05  1.206E-05  1.162E-05  1.092E-05
  1.255E-05  1.230E-05  1.198E-05  1.155E-05  1.086E-05
  1.222E-05  1.199E-05  1.170E-05  1.130E-05  1.068E-05
  1.228E-05  1.205E-05  1.176E-05  1.135E-05  1.070E-05
  1.234E-05  1.209E-05  1.178E-05  1.136E-05  1.068E-05
  1.228E-05  1.203E-05  1.172E-05  1.129E-05  1.062E-05
  1.222E-05  1.197E-05  1.166E-05  1.124E-05  1.057E-05
  1.214E-05  1.190E-05  1.159E-05  1.117E-05  1.051E-05
  1.208E-05  1.183E-05  1.153E-05  1.111E-05  1.045E-05
  1.201E-05  1.177E-05  1.146E-05  1.105E-05  1.040E-05
  1.192E-05  1.168E-05  1.138E-05  1.097E-05  1.033E-05
  1.187E-05  1.163E-05  1.133E-05  1.093E-05  1.029E-05
  1.181E-05  1.157E-05  1.127E-05  1.087E-05  1.023E-05
  1.174E-05  1.151E-05  1.121E-05  1.081E-05  1.018E-05
  1.167E-05  1.143E-05  1.114E-05  1.074E-05  1.012E-05
  1.161E-05  1.138E-05  1.109E-05  1.069E-05  1.007E-05
  1.155E-05  1.131E-05  1.102E-05  1.063E-05  1.001E-05
  1.148E-05  1.125E-05  1.097E-05  1.057E-05  9.962E-06
  1.142E-05  1.119E-05  1.091E-05  1.052E-05  9.910E-06
  1.132E-05  1.110E-05  1.082E-05  1.043E-05  9.829E-06
  1.120E-05  1.098E-05  1.070E-05  1.032E-05  9.726E-06
  1.108E-05  1.086E-05  1.058E-05  1.021E-05  9.624E-06
  1.095E-05  1.074E-05  1.047E-05  1.010E-05  9.522E-06
  1.061E-05  1.042E-05  1.018E-05  9.847E-06  9.343E-06
  1.068E-05  1.048E-05  1.022E-05  9.864E-06  9.317E-06
  1.060E-05  1.039E-05  1.013E-05  9.771E-06  9.224E-06
  1.049E-05  1.029E-05  1.003E-05  9.674E-06  9.134E-06
  1.038E-05  1.018E-05  9.920E-06  9.571E-06  9.039E-06
  1.027E-05  1.007E-05  9.814E-06  9.469E-06  8.945E-06
  1.016E-05  9.960E-06  9.710E-06  9.370E-06  8.854E-06
  1.006E-05  9.862E-06  9.615E-06  9.279E-06  8.770E-06
  9.955E-06  9.761E-06  9.517E-06  9.185E-06  8.683E-06
  9.852E-06  9.660E-06  9.419E-06  9.091E-06  8.597E-06
  9.750E-06  9.561E-06  9.323E-06  8.999E-06  8.512E-06
  9.651E-06  9.464E-06  9.229E-06  8.908E-06  8.428E-06
  9.552E-06  9.367E-06  9.135E-06  8.818E-06  8.346E-06
  9.457E-06  9.274E-06  9.045E-06  8.732E-06  8.266E-06
  9.360E-06  9.180E-06  8.953E-06  8.644E-06  8.185E-06
  9.268E-06  9.090E-06  8.865E-06  8.560E-06  8.108E-06
  9.176E-06  9.000E-06  8.779E-06  8.478E-06  8.031E-06
  9.085E-06  8.912E-06  8.693E-06  8.396E-06  7.956E-06
  8.992E-06  8.820E-06  8.604E-06  8.310E-06  7.878E-06
  8.903E-06  8.733E-06  8.520E-06  8.230E-06  7.804E-06
  8.809E-06  8.642E-06  8.431E-06  8.145E-06  7.727E-06
  8.727E-06  8.562E-06  8.353E-06  8.071E-06  7.658E-06
  8.566E-06  8.414E-06  8.220E-06  7.957E-06  7.573E-06
  8.417E-06  8.271E-06  8.085E-06  7.834E-06  7.471E-06
  8.479E-06  8.319E-06  8.118E-06  7.846E-06  7.450E-06
  8.399E-06  8.241E-06  8.042E-06  7.772E-06  7.382E-06
  8.315E-06  8.159E-06  7.962E-06  7.696E-06  7.312E-06
  8.238E-06  8.083E-06  7.888E-06  7.625E-06  7.247E-06
  8.164E-06  8.011E-06  7.818E-06  7.558E-06  7.184E-06
  8.085E-06  7.934E-06  7.743E-06  7.486E-06  7.117E-06
  8.008E-06  7.858E-06  7.669E-06  7.415E-06  7.053E-06
  7.925E-06  7.777E-06  7.590E-06  7.340E-06  6.985E-06
  7.861E-06  7.715E-06  7.530E-06  7.281E-06  6.929E-06
  7.788E-06  7.642E-06  7.459E-06  7.213E-06  6.866E-06
  7.718E-06  7.574E-06  7.392E-06  7.150E-06  6.807E-06
  7.641E-06  7.499E-06  7.320E-06  7.080E-06  6.743E-06
  7.563E-06  7.423E-06  7.247E-06  7.011E-06  6.682E-06
  7.490E-06  7.352E-06  7.178E-06  6.946E-06  6.622E-06
  7.261E-06  7.145E-06  6.998E-06  6.802E-06  6.525E-06
  7.364E-06  7.229E-06  7.058E-06  6.830E-06  6.513E-06
  7.303E-06  7.168E-06  6.998E-06  6.772E-06  6.458E-06
  7.239E-06  7.106E-06  6.937E-06  6.713E-06  6.404E-06
  7.175E-06  7.043E-06  6.876E-06  6.655E-06  6.350E-06
  7.107E-06  6.977E-06  6.812E-06  6.595E-06  6.295E-06
  7.019E-06  6.891E-06  6.731E-06  6.519E-06  6.231E-06
  6.982E-06  6.854E-06  6.694E-06  6.481E-06  6.190E-06
  6.918E-06  6.791E-06  6.631E-06  6.421E-06  6.134E-06
  6.867E-06  6.741E-06  6.583E-06  6.374E-06  6.089E-06
  6.807E-06  6.682E-06  6.525E-06  6.319E-06  6.038E-06
  6.749E-06  6.625E-06  6.471E-06  6.267E-06  5.989E-06
  6.691E-06  6.569E-06  6.415E-06  6.214E-06  5.939E-06
  6.633E-06  6.512E-06  6.360E-06  6.161E-06  5.891E-06
  6.575E-06  6.456E-06  6.305E-06  6.108E-06  5.842E-06
  6.517E-06  6.399E-06  6.251E-06  6.056E-06  5.794E-06
  6.422E-06  6.307E-06  6.164E-06  5.978E-06  5.731E-06
  6.396E-06  6.282E-06  6.138E-06  5.951E-06  5.699E-06
  6.351E-06  6.236E-06  6.092E-06  5.904E-06  5.653E-06
  6.300E-06  6.186E-06  6.043E-06  5.857E-06  5.609E-06
  6.248E-06  6.135E-06  5.993E-06  5.810E-06  5.564E-06
  6.198E-06  6.086E-06  5.946E-06  5.763E-06  5.521E-06
  6.146E-06  6.035E-06  5.896E-06  5.716E-06  5.477E-06
  6.095E-06  5.985E-06  5.847E-06  5.670E-06  5.434E-06
  6.045E-06  5.936E-06  5.800E-06  5.624E-06  5.391E-06
  5.995E-06  5.887E-06  5.752E-06  5.578E-06  5.349E-06
  5.945E-06  5.838E-06  5.705E-06  5.533E-06  5.307E-06
  5.897E-06  5.791E-06  5.659E-06  5.489E-06  5.266E-06
  5.849E-06  5.744E-06  5.613E-06  5.446E-06  5.226E-06
  5.799E-06  5.695E-06  5.567E-06  5.401E-06  5.186E-06
  5.610E-06  5.526E-06  5.423E-06  5.291E-06  5.113E-06
  5.645E-06  5.549E-06  5.431E-06  5.282E-06  5.089E-06
  5.656E-06  5.556E-06  5.432E-06  5.274E-06  5.068E-06
  5.618E-06  5.518E-06  5.394E-06  5.235E-06  5.030E-06
  5.574E-06  5.475E-06  5.352E-06  5.195E-06  4.993E-06
  5.530E-06  5.432E-06  5.310E-06  5.155E-06  4.955E-06
  5.487E-06  5.389E-06  5.269E-06  5.115E-06  4.918E-06
  5.444E-06  5.347E-06  5.228E-06  5.076E-06  4.881E-06
  5.401E-06  5.306E-06  5.187E-06  5.037E-06  4.845E-06
  5.360E-06  5.265E-06  5.148E-06  5.000E-06  4.810E-06
  5.318E-06  5.224E-06  5.108E-06  4.962E-06  4.774E-06
  5.277E-06  5.184E-06  5.069E-06  4.924E-06  4.739E-06
  5.237E-06  5.145E-06  5.031E-06  4.888E-06  4.705E-06
  5.197E-06  5.105E-06  4.993E-06  4.851E-06  4.671E-06
  5.157E-06  5.066E-06  4.955E-06  4.815E-06  4.637E-06
  5.117E-06  5.028E-06  4.917E-06  4.779E-06  4.603E-06
  5.078E-06  4.989E-06  4.880E-06  4.743E-06  4.570E-06
  5.041E-06  4.953E-06  4.844E-06  4.709E-06  4.538E-06
  5.002E-06  4.915E-06  4.808E-06  4.674E-06  4.505E-06
  4.965E-06  4.878E-06  4.772E-06  4.640E-06  4.473E-06
  4.928E-06  4.842E-06  4.737E-06  4.606E-06  4.441E-06
  4.891E-06  4.806E-06  4.702E-06  4.572E-06  4.410E-06
  4.853E-06  4.769E-06  4.666E-06  4.538E-06  4.378E-06
  4.811E-06  4.729E-06  4.628E-06  4.504E-06  4.347E-06
  4.718E-06  4.643E-06  4.552E-06  4.441E-06  4.301E-06
  4.743E-06  4.662E-06  4.563E-06  4.440E-06  4.287E-06
  4.711E-06  4.630E-06  4.531E-06  4.409E-06  4.257E-06
  4.678E-06  4.597E-06  4.499E-06  4.378E-06  4.228E-06
  4.644E-06  4.564E-06  4.467E-06  4.347E-06  4.198E-06
  4.610E-06  4.531E-06  4.434E-06  4.316E-06  4.169E-06
  4.577E-06  4.498E-06  4.403E-06  4.286E-06  4.141E-06
  4.543E-06  4.465E-06  4.371E-06  4.255E-06  4.112E-06
  4.511E-06  4.434E-06  4.341E-06  4.226E-06  4.085E-06
  4.479E-06  4.403E-06  4.310E-06  4.197E-06  4.057E-06
  4.447E-06  4.371E-06  4.280E-06  4.168E-06  4.030E-06
  4.415E-06  4.340E-06  4.249E-06  4.139E-06  4.002E-06
  4.383E-06  4.308E-06  4.218E-06  4.109E-06  3.975E-06
  4.352E-06  4.278E-06  4.189E-06  4.081E-06  3.948E-06
  4.323E-06  4.250E-06  4.162E-06  4.054E-06  3.923E-06
  4.292E-06  4.220E-06  4.132E-06  4.026E-06  3.896E-06
  4.263E-06  4.191E-06  4.105E-06  4.000E-06  3.871E-06
  4.232E-06  4.161E-06  4.075E-06  3.971E-06  3.844E-06
  4.204E-06  4.133E-06  4.048E-06  3.946E-06  3.820E-06
  4.174E-06  4.104E-06  4.020E-06  3.919E-06  3.795E-06
  4.143E-06  4.074E-06  3.991E-06  3.891E-06  3.769E-06
  4.117E-06  4.049E-06  3.966E-06  3.867E-06  3.746E-06
  4.089E-06  4.021E-06  3.940E-06  3.841E-06  3.721E-06
  4.060E-06  3.993E-06  3.912E-06  3.815E-06  3.696E-06
  4.034E-06  3.967E-06  3.887E-06  3.791E-06  3.673E-06
  4.006E-06  3.940E-06  3.860E-06  3.765E-06  3.650E-06
  3.979E-06  3.914E-06  3.835E-06  3.741E-06  3.626E-06
  3.952E-06  3.887E-06  3.809E-06  3.716E-06  3.603E-06
  3.925E-06  3.860E-06  3.784E-06  3.692E-06  3.580E-06
  3.895E-06  3.831E-06  3.755E-06  3.665E-06  3.555E-06
  3.873E-06  3.809E-06  3.734E-06  3.644E-06  3.535E-06
  3.848E-06  3.784E-06  3.710E-06  3.621E-06  3.513E-06
  3.822E-06  3.759E-06  3.685E-06  3.597E-06  3.490E-06
  3.797E-06  3.735E-06  3.661E-06  3.574E-06  3.469E-06
  3.772E-06  3.710E-06  3.638E-06  3.551E-06  3.447E-06
  3.747E-06  3.686E-06  3.614E-06  3.529E-06  3.425E-06
  3.723E-06  3.662E-06  3.591E-06  3.506E-06  3.404E-06
  3.698E-06  3.638E-06  3.567E-06  3.484E-06  3.383E-06
  3.668E-06  3.610E-06  3.541E-06  3.460E-06  3.362E-06
  3.589E-06  3.540E-06  3.483E-06  3.415E-06  3.328E-06
  3.623E-06  3.565E-06  3.498E-06  3.418E-06  3.321E-06
  3.595E-06  3.538E-06  3.471E-06  3.392E-06  3.297E-06
  3.578E-06  3.520E-06  3.454E-06  3.375E-06  3.280E-06
  3.557E-06  3.500E-06  3.433E-06  3.355E-06  3.261E-06
  3.534E-06  3.478E-06  3.412E-06  3.334E-06  3.241E-06
  3.513E-06  3.457E-06  3.391E-06  3.314E-06  3.221E-06
  3.490E-06  3.435E-06  3.370E-06  3.294E-06  3.202E-06
  3.468E-06  3.413E-06  3.349E-06  3.273E-06  3.183E-06
  3.446E-06  3.391E-06  3.327E-06  3.253E-06  3.163E-06
  3.423E-06  3.369E-06  3.306E-06  3.233E-06  3.144E-06
  3.403E-06  3.349E-06  3.287E-06  3.214E-06  3.126E-06
  3.382E-06  3.329E-06  3.267E-06  3.194E-06  3.107E-06
  3.361E-06  3.308E-06  3.247E-06  3.175E-06  3.089E-06
  3.340E-06  3.288E-06  3.227E-06  3.156E-06  3.071E-06
  3.319E-06  3.267E-06  3.207E-06  3.137E-06  3.053E-06
  3.297E-06  3.246E-06  3.186E-06  3.117E-06  3.034E-06
  3.277E-06  3.226E-06  3.168E-06  3.099E-06  3.017E-06
  3.256E-06  3.206E-06  3.148E-06  3.080E-06  2.999E-06
  3.227E-06  3.178E-06  3.121E-06  3.056E-06  2.978E-06
  3.216E-06  3.166E-06  3.109E-06  3.044E-06  2.964E-06
  3.198E-06  3.149E-06  3.092E-06  3.027E-06  2.947E-06
  3.179E-06  3.130E-06  3.074E-06  3.009E-06  2.930E-06
  3.160E-06  3.111E-06  3.056E-06  2.991E-06  2.913E-06
  3.141E-06  3.093E-06  3.037E-06  2.974E-06  2.897E-06
  3.113E-06  3.065E-06  3.011E-06  2.948E-06  2.872E-06
  3.075E-06  3.029E-06  2.975E-06  2.913E-06  2.839E-06
  3.039E-06  2.993E-06  2.940E-06  2.880E-06  2.807E-06
  3.003E-06  2.958E-06  2.907E-06  2.847E-06  2.776E-06
  2.968E-06  2.924E-06  2.873E-06  2.815E-06  2.745E-06
  2.934E-06  2.890E-06  2.840E-06  2.783E-06  2.714E-06
  2.900E-06  2.857E-06  2.808E-06  2.752E-06  2.684E-06
  2.866E-06  2.824E-06  2.776E-06  2.721E-06  2.655E-06
  2.832E-06  2.791E-06  2.744E-06  2.691E-06  2.626E-06
  2.793E-06  2.753E-06  2.708E-06  2.658E-06  2.595E-06
  2.769E-06  2.729E-06  2.684E-06  2.632E-06  2.569E-06
  2.738E-06  2.699E-06  2.654E-06  2.603E-06  2.542E-06
  2.708E-06  2.669E-06  2.625E-06  2.575E-06  2.515E-06
  2.677E-06  2.639E-06  2.596E-06  2.547E-06  2.488E-06
  2.648E-06  2.610E-06  2.568E-06  2.520E-06  2.462E-06
  2.618E-06  2.581E-06  2.540E-06  2.493E-06  2.436E-06
  2.590E-06  2.554E-06  2.513E-06  2.467E-06  2.410E-06
  2.562E-06  2.526E-06  2.486E-06  2.441E-06  2.385E-06
  2.534E-06  2.499E-06  2.459E-06  2.415E-06  2.361E-06
  2.507E-06  2.472E-06  2.433E-06  2.390E-06  2.336E-06
  2.480E-06  2.446E-06  2.408E-06  2.365E-06  2.312E-06
  2.453E-06  2.419E-06  2.382E-06  2.340E-06  2.289E-06
  2.427E-06  2.394E-06  2.358E-06  2.316E-06  2.265E-06
  2.401E-06  2.369E-06  2.333E-06  2.293E-06  2.242E-06
  2.376E-06  2.344E-06  2.309E-06  2.269E-06  2.220E-06
  2.351E-06  2.320E-06  2.285E-06  2.246E-06  2.198E-06
  2.302E-06  2.277E-06  2.248E-06  2.214E-06  2.170E-06
  2.275E-06  2.251E-06  2.223E-06  2.190E-06  2.147E-06
  2.278E-06  2.248E-06  2.216E-06  2.179E-06  2.133E-06
  2.256E-06  2.227E-06  2.194E-06  2.158E-06  2.112E-06
  2.233E-06  2.204E-06  2.172E-06  2.136E-06  2.092E-06
  2.210E-06  2.182E-06  2.151E-06  2.116E-06  2.071E-06
  2.188E-06  2.160E-06  2.129E-06  2.095E-06  2.051E-06
  2.166E-06  2.139E-06  2.108E-06  2.074E-06  2.032E-06
  2.144E-06  2.117E-06  2.087E-06  2.054E-06  2.012E-06
  2.123E-06  2.097E-06  2.067E-06  2.035E-06  1.993E-06
  2.102E-06  2.076E-06  2.047E-06  2.015E-06  1.974E-06
  2.082E-06  2.056E-06  2.028E-06  1.996E-06  1.955E-06
  2.061E-06  2.036E-06  2.008E-06  1.977E-06  1.937E-06
  2.041E-06  2.016E-06  1.989E-06  1.958E-06  1.919E-06
  2.022E-06  1.997E-06  1.970E-06  1.940E-06  1.901E-06
  2.002E-06  1.978E-06  1.951E-06  1.922E-06  1.883E-06
  1.983E-06  1.959E-06  1.933E-06  1.904E-06  1.866E-06
  1.963E-06  1.940E-06  1.914E-06  1.885E-06  1.848E-06
  1.945E-06  1.922E-06  1.897E-06  1.869E-06  1.832E-06
  1.927E-06  1.904E-06  1.879E-06  1.852E-06  1.815E-06
  1.909E-06  1.887E-06  1.862E-06  1.835E-06  1.799E-06
  1.891E-06  1.869E-06  1.845E-06  1.818E-06  1.783E-06
  1.873E-06  1.852E-06  1.828E-06  1.801E-06  1.767E-06
  1.856E-06  1.835E-06  1.811E-06  1.785E-06  1.751E-06
  1.839E-06  1.818E-06  1.795E-06  1.769E-06  1.735E-06
  1.822E-06  1.801E-06  1.779E-06  1.753E-06  1.720E-06
  1.805E-06  1.785E-06  1.763E-06  1.738E-06  1.705E-06
  1.789E-06  1.769E-06  1.747E-06  1.722E-06  1.690E-06
  1.773E-06  1.753E-06  1.731E-06  1.707E-06  1.675E-06
  1.757E-06  1.737E-06  1.716E-06  1.692E-06  1.660E-06
  1.739E-06  1.720E-06  1.700E-06  1.676E-06  1.645E-06
  1.725E-06  1.706E-06  1.686E-06  1.663E-06  1.632E-06
  1.706E-06  1.688E-06  1.669E-06  1.647E-06  1.616E-06
  1.691E-06  1.673E-06  1.654E-06  1.632E-06  1.602E-06
  1.680E-06  1.662E-06  1.642E-06  1.620E-06  1.590E-06
  1.665E-06  1.647E-06  1.628E-06  1.606E-06  1.576E-06
  1.651E-06  1.633E-06  1.614E-06  1.592E-06  1.563E-06
  1.636E-06  1.619E-06  1.600E-06  1.579E-06  1.550E-06
  1.622E-06  1.605E-06  1.587E-06  1.565E-06  1.537E-06
  1.608E-06  1.591E-06  1.573E-06  1.552E-06  1.524E-06
  1.595E-06  1.578E-06  1.560E-06  1.539E-06  1.511E-06
  1.581E-06  1.564E-06  1.547E-06  1.526E-06  1.499E-06
  1.567E-06  1.551E-06  1.534E-06  1.514E-06  1.486E-06
  1.554E-06  1.538E-06  1.521E-06  1.501E-06  1.474E-06
  1.541E-06  1.525E-06  1.508E-06  1.489E-06  1.462E-06
  1.528E-06  1.513E-06  1.496E-06  1.477E-06  1.450E-06
  1.515E-06  1.500E-06  1.484E-06  1.465E-06  1.439E-06
  1.503E-06  1.488E-06  1.471E-06  1.453E-06  1.427E-06
  1.488E-06  1.474E-06  1.458E-06  1.440E-06  1.415E-06
  1.477E-06  1.463E-06  1.447E-06  1.429E-06  1.404E-06
  1.466E-06  1.451E-06  1.436E-06  1.418E-06  1.393E-06
  1.454E-06  1.440E-06  1.424E-06  1.406E-06  1.382E-06
  1.442E-06  1.428E-06  1.413E-06  1.395E-06  1.371E-06
  1.430E-06  1.416E-06  1.401E-06  1.384E-06  1.360E-06
  1.419E-06  1.405E-06  1.390E-06  1.373E-06  1.349E-06
  1.407E-06  1.394E-06  1.379E-06  1.362E-06  1.339E-06
  1.396E-06  1.383E-06  1.368E-06  1.352E-06  1.328E-06
  1.385E-06  1.372E-06  1.357E-06  1.341E-06  1.318E-06
  1.374E-06  1.361E-06  1.347E-06  1.331E-06  1.308E-06
  1.363E-06  1.350E-06  1.336E-06  1.320E-06  1.298E-06
  1.352E-06  1.340E-06  1.326E-06  1.310E-06  1.288E-06
  1.341E-06  1.329E-06  1.316E-06  1.300E-06  1.278E-06
  1.331E-06  1.319E-06  1.305E-06  1.290E-06  1.268E-06
  1.321E-06  1.309E-06  1.295E-06  1.280E-06  1.258E-06
  1.310E-06  1.298E-06  1.286E-06  1.270E-06  1.249E-06
  3.382E-07  3.365E-07  3.345E-07  3.319E-07  3.279E-07
  8.527E-08  8.498E-08  8.462E-08  8.416E-08  8.348E-08
  3.790E-08  3.780E-08  3.767E-08  3.750E-08  3.726E-08
  2.130E-08  2.125E-08  2.119E-08  2.111E-08  2.099E-08
  1.362E-08  1.359E-08  1.355E-08  1.351E-08  1.343E-08
  9.447E-09  9.428E-09  9.405E-09  9.375E-09  9.328E-09
  6.934E-09  6.921E-09  6.905E-09  6.883E-09  6.852E-09
  5.304E-09  5.294E-09  5.282E-09  5.267E-09  5.245E-09
