  1.000E-38  1.000E-38  1.000E-38  1.000E-38  1.000E-38
  1.000E-38  1.000E-38  1.000E-38  1.000E-38  1.000E-38
  1.000E-38  1.000E-38  1.000E-38  1.000E-38  1.000E-38
  1.000E-38  1.000E-38  1.000E-38  1.000E-38  1.000E-38
  1.000E-38  1.000E-38  1.000E-38  1.000E-38  1.000E-38
  1.000E-38  1.000E-38  1.000E-38  1.000E-38  1.000E-38
  1.000E-38  1.000E-38  1.000E-38  1.000E-38  1.000E-38
  1.000E-38  1.000E-38  1.000E-38  1.000E-38  1.000E-38
  1.000E-38  1.000E-38  1.000E-38  1.000E-38  1.000E-38
  1.000E-38  1.000E-38  1.000E-38  1.000E-38  1.000E-38
  1.000E-38  1.000E-38  1.000E-38  1.000E-38  1.000E-38
  1.000E-38  1.000E-38  1.000E-38  1.000E-38  1.000E-38
  1.000E-38  1.000E-38  1.000E-38  1.000E-38  1.000E-38
  1.000E-38  1.000E-38  1.000E-38  1.000E-38  1.000E-38
  1.000E-38  1.000E-38  1.000E-38  1.000E-38  1.000E-38
  1.000E-38  1.000E-38  1.000E-38  1.000E-38  1.000E-38
  1.000E-38  1.000E-38  1.000E-38  1.000E-38  1.000E-38
  1.000E-38  1.000E-38  1.000E-38  1.000E-38  1.000E-38
  1.000E-38  1.000E-38  1.000E-38  1.000E-38  1.000E-38
  1.000E-38  1.000E-38  1.000E-38  1.000E-38  1.000E-38
  1.000E-38  1.000E-38  1.000E-38  1.000E-38  1.000E-38
  1.000E-38  1.000E-38  1.000E-38  1.000E-38  1.000E-38
  1.000E-38  1.000E-38  1.000E-38  1.000E-38  1.000E-38
  1.000E-38  1.000E-38  1.000E-38  1.000E-38  1.000E-38
  1.000E-38  1.000E-38  1.000E-38  1.000E-38  1.000E-38
  1.000E-38  1.000E-38  1.000E-38  1.000E-38  1.000E-38
  1.000E-38  1.000E-38  1.000E-38  1.000E-38  1.000E-38
  1.000E-38  1.000E-38  1.000E-38  1.000E-38  1.000E-38
  1.000E-38  1.000E-38  1.000E-38  1.000E-38  1.000E-38
  1.000E-38  1.000E-38  1.000E-38  1.000E-38  1.000E-38
  1.000E-38  1.000E-38  1.000E-38  1.000E-38  1.000E-38
  1.000E-38  1.000E-38  1.000E-38  1.000E-38  1.000E-38
  1.000E-38  1.000E-38  1.000E-38  1.000E-38  1.000E-38
  1.000E-38  1.000E-38  1.000E-38  1.000E-38  1.000E-38
  1.000E-38  1.000E-38  1.000E-38  1.000E-38  1.000E-38
  1.000E-38  1.000E-38  1.000E-38  1.000E-38  1.000E-38
  1.000E-38  1.000E-38  1.000E-38  1.000E-38  1.000E-38
  1.000E-38  1.000E-38  1.000E-38  1.000E-38  1.000E-38
  1.000E-38  1.000E-38  1.000E-38  1.000E-38  1.000E-38
  1.000E-38  1.000E-38  1.000E-38  1.000E-38  1.000E-38
 -4.744E-14 -3.433E-16 -8.540E-20 -4.460E-27 -3.765E-49
  9.938E-67  4.650E-69  6.087E-73  1.043E-80  5.253-104
  2.890E-66  1.103E-68  1.029E-72  8.945E-81  5.883-105
  9.641E-66  2.895E-68  1.810E-72  7.073E-81  4.224-106
  2.543E-65  6.256E-68  2.806E-72  5.645E-81  4.598-107
  2.948E-59  6.931E-62  2.649E-66  3.266E-75  3.625-102
  2.950E-56  4.591E-59  8.823E-64  2.749E-73  4.927-102
  5.716E-34  5.633E-37  5.053E-42  3.431E-52  6.367E-83
 -2.751E-62 -1.812E-65 -8.168E-71 -1.369E-81 -3.655-114
  5.660E-59  2.631E-62  6.747E-68  3.744E-79  3.789-113
 -1.174E-48 -4.291E-52 -7.367E-58 -1.833E-69 -1.671-104
  2.296E-59  6.178E-63  6.371E-69  5.718E-81  2.449-117
  9.519E-61  1.773E-64  9.928E-71  2.638E-83  2.960-121
 -1.438E-51 -1.773E-55 -4.979E-62 -3.311E-75 -5.772-115
  7.367E-54  6.012E-58  8.483E-65  1.425E-78  4.005-120
  3.877E-62  1.576E-66  7.578E-74  1.752E-88  2.163-132
  4.246E-62  1.045E-66  2.172E-74  9.311E-90  6.982-136
  2.608E-62  3.456E-67  2.563E-75  1.406E-91  2.257-140
  2.134E-62  1.802E-67  6.315E-76  7.753E-93  1.437-143
  1.230E-62  5.277E-68  5.980E-77  7.680E-95  1.627-148
  3.962E-63  6.182E-69  1.298E-78  5.716E-98  4.888-156
  8.938E-64  4.852E-70  1.753E-80  2.288-101  5.088-164
  1.345E-64  2.392E-71  1.345E-82  4.257-105  1.559-173
  1.491E-65  8.356E-73  6.861E-85  4.625-109  1.751-182
  1.442E-66  2.695E-74  3.545E-87  6.135-113  4.169-191
  1.213E-67  7.480E-76  1.552E-89  6.684-117  7.402-200
  7.331E-69  1.409E-77  4.182E-92  3.687-121  3.705-209
  2.461E-70  1.239E-79  3.947E-95  4.006-126  6.515-220
  5.752E-72  7.108E-82  2.179E-98  2.048-131  2.806-231
  1.012E-73  2.927E-84  7.979-102  5.929-137  4.243-243
  2.164E-75  1.638E-86  4.781-105  4.074-142  4.616-254
  5.558E-77  1.219E-88  4.517-108  6.198-147  3.060-264
  1.198E-78  7.382E-91  3.293-111  6.551-152  1.028-274
  4.610E-81  4.700E-94  1.046-115  4.155-159  1.324-289
  2.050E-83  3.789E-97  4.896-120  9.597-167  5.770-304
  1.264E-85  4.828-100  4.503-124  4.816-173  0.000E+00
  3.583E-88  2.281-103  1.075-128  3.080-180  0.000E+00
  7.227E-91  7.146-107  1.511-133  9.146-188  0.000E+00
  1.205E-93  1.788-110  1.601-138  1.822-195  0.000E+00
  1.327E-96  2.693-114  8.767-144  1.381-203  0.000E+00
  7.538E-74  7.206E-86  2.526E-27  2.526E-27  2.526E-27
  5.734E-75  2.166E-87  4.281-108  1.678-149  2.066-274
  7.898E-77  8.293E-90  1.941-111  8.551-155  3.790-285
  3.107E-79  6.294E-93  9.472-116  2.512-162  3.772-299
  8.540E-82  3.130E-96  2.733-120  2.574-169  0.000E+00
  2.185E-84  1.413E-99  6.833-125  2.062-176  0.000E+00
  4.057E-87  4.346-103  1.050-129  8.286-184  0.000E+00
  5.775E-90  9.666-107  1.059-134  1.796-191  0.000E+00
  5.831E-93  1.436-110  6.471-140  1.960-199  0.000E+00
  5.304E-96  1.825-114  3.088-145  1.368-207  0.000E+00
  3.365E-99  1.513-118  8.382-151  4.493-216  0.000E+00
  1.666-102  9.210-123  1.839-157  7.998-225  0.000E+00
  6.077-106  3.870-127  2.200-163  7.121-234  0.000E+00
  1.706-109  1.177-131  1.719-169  3.366-243  0.000E+00
  4.022-113  2.900-136  1.022-175  1.074-252  0.000E+00
  7.436-117  5.297-141  4.099-182  1.916-262  0.000E+00
  6.268-120  6.690-145  2.257-187  1.884-270  0.000E+00
  1.062-122  2.074-148  4.255-192  1.245-277  0.000E+00
  1.007-126  1.906-154  5.742-199  3.017-288  0.000E+00
  7.192-131  1.116-159  4.881-206  5.418-299  0.000E+00
  3.831-135  4.561-165  2.596-213  0.000E+00  0.000E+00
  1.461-139  1.246-170  8.251-221  0.000E+00  0.000E+00
  1.594-144  6.934-177  3.010-229  0.000E+00  0.000E+00
  3.975-150  9.608-183  3.846-237  0.000E+00  0.000E+00
  2.200-154  4.064-188  2.240-244  0.000E+00  0.000E+00
  3.343-159  3.381-194  1.470-252  0.000E+00  0.000E+00
  3.762-164  1.942-200  5.946-261  0.000E+00  0.000E+00
  3.348-169  8.282-207  1.600-269  0.000E+00  0.000E+00
  2.151-174  2.373-213  2.567-278  0.000E+00  0.000E+00
  1.086-179  5.002-220  1.866-287  0.000E+00  0.000E+00
  3.744-185  6.675-227  1.106-296  0.000E+00  1.031E-18
  9.860-191  6.349-234  4.155-306  0.000E+00  0.000E+00
  2.063-196  4.480-241  0.000E+00  0.000E+00  0.000E+00
  3.213-202  2.214-248  0.000E+00  0.000E+00  0.000E+00
  4.145-208  8.631-256  0.000E+00  0.000E+00  0.000E+00
  4.003-214  2.352-263  0.000E+00  0.000E+00  0.000E+00
  3.032-220  4.742-271  0.000E+00  0.000E+00  0.000E+00
  1.572-226  4.095-279  0.000E+00  0.000E+00  0.000E+00
  5.874-233  3.461-287  0.000E+00  0.000E+00  0.000E+00
  1.794-239  2.257-295  0.000E+00  0.000E+00  0.000E+00
  4.090-246  1.024-303  0.000E+00  0.000E+00  0.000E+00
  6.460-253  0.000E+00  0.000E+00  0.000E+00  0.000E+00
  2.368E-15  2.367E-15  2.366E-15  2.627E-15  3.152E-15
  6.989E-15  6.981E-15  6.975E-15  6.969E-15  6.965E-15
  9.516E-15  9.506E-15  9.497E-15  9.489E-15  9.483E-15
  1.287E-14  1.286E-14  1.284E-14  1.283E-14  1.282E-14
  1.789E-14  1.787E-14  1.785E-14  1.783E-14  1.782E-14
  2.388E-14  2.385E-14  2.382E-14  2.380E-14  2.378E-14
  3.165E-14  3.161E-14  3.158E-14  3.155E-14  3.152E-14
  4.106E-14  4.101E-14  4.097E-14  4.093E-14  4.090E-14
  5.381E-14  5.375E-14  5.369E-14  5.364E-14  5.360E-14
  7.132E-14  7.124E-14  7.116E-14  7.108E-14  7.103E-14
  9.240E-14  9.229E-14  9.218E-14  9.209E-14  9.201E-14
  1.191E-13  1.190E-13  1.189E-13  1.188E-13  1.187E-13
  1.528E-13  1.526E-13  1.525E-13  1.523E-13  1.522E-13
  1.950E-13  1.948E-13  1.946E-13  1.944E-13  1.943E-13
  2.476E-13  2.473E-13  2.470E-13  2.468E-13  2.467E-13
  3.129E-13  3.125E-13  3.122E-13  3.119E-13  3.117E-13
  3.937E-13  3.932E-13  3.928E-13  3.924E-13  3.922E-13
  4.931E-13  4.925E-13  4.920E-13  4.915E-13  4.911E-13
  6.147E-13  6.140E-13  6.133E-13  6.128E-13  6.123E-13
  7.707E-13  7.685E-13  7.663E-13  7.640E-13  7.616E-13
  9.743E-13  9.678E-13  9.613E-13  9.544E-13  9.465E-13
  1.187E-12  1.178E-12  1.169E-12  1.159E-12  1.148E-12
  1.469E-12  1.455E-12  1.441E-12  1.426E-12  1.409E-12
  1.824E-12  1.807E-12  1.789E-12  1.771E-12  1.749E-12
  2.210E-12  2.190E-12  2.171E-12  2.150E-12  2.124E-12
  2.681E-12  2.656E-12  2.630E-12  2.602E-12  2.567E-12
  3.233E-12  3.201E-12  3.168E-12  3.130E-12  3.081E-12
  3.900E-12  3.872E-12  3.843E-12  3.810E-12  3.771E-12
  4.382E-12  4.360E-12  4.337E-12  4.311E-12  4.282E-12
  5.473E-12  5.452E-12  5.429E-12  5.406E-12  5.382E-12
  5.878E-12  5.875E-12  5.873E-12  5.871E-12  5.870E-12
  7.738E-12  7.713E-12  7.687E-12  7.659E-12  7.632E-12
  9.352E-12  9.299E-12  9.240E-12  9.172E-12  9.095E-12
  1.094E-11  1.082E-11  1.069E-11  1.052E-11  1.029E-11
  1.313E-11  1.298E-11  1.282E-11  1.263E-11  1.238E-11
  1.525E-11  1.508E-11  1.492E-11  1.473E-11  1.449E-11
  1.800E-11  1.779E-11  1.758E-11  1.736E-11  1.708E-11
  2.121E-11  2.094E-11  2.068E-11  2.041E-11  2.007E-11
  2.516E-11  2.486E-11  2.456E-11  2.425E-11  2.386E-11
  2.880E-11  2.846E-11  2.813E-11  2.778E-11  2.735E-11
  3.404E-11  3.364E-11  3.324E-11  3.283E-11  3.233E-11
  3.877E-11  3.831E-11  3.787E-11  3.741E-11  3.684E-11
  4.538E-11  4.488E-11  4.440E-11  4.389E-11  4.327E-11
  5.240E-11  5.181E-11  5.124E-11  5.065E-11  4.991E-11
  6.013E-11  5.949E-11  5.886E-11  5.820E-11  5.739E-11
  6.902E-11  6.828E-11  6.756E-11  6.681E-11  6.587E-11
  7.880E-11  7.800E-11  7.722E-11  7.639E-11  7.536E-11
  8.975E-11  8.889E-11  8.805E-11  8.715E-11  8.604E-11
  1.023E-10  1.013E-10  1.004E-10  9.934E-11  9.809E-11
  1.164E-10  1.153E-10  1.142E-10  1.131E-10  1.116E-10
  1.321E-10  1.309E-10  1.297E-10  1.284E-10  1.267E-10
  1.496E-10  1.482E-10  1.468E-10  1.454E-10  1.436E-10
  1.690E-10  1.675E-10  1.660E-10  1.644E-10  1.624E-10
  1.847E-10  1.829E-10  1.812E-10  1.794E-10  1.771E-10
  1.954E-10  1.937E-10  1.920E-10  1.901E-10  1.879E-10
  2.152E-10  2.133E-10  2.114E-10  2.093E-10  2.068E-10
  2.419E-10  2.398E-10  2.377E-10  2.354E-10  2.326E-10
  2.709E-10  2.687E-10  2.664E-10  2.640E-10  2.610E-10
  3.037E-10  3.012E-10  2.987E-10  2.960E-10  2.926E-10
  3.410E-10  3.380E-10  3.350E-10  3.318E-10  3.278E-10
  3.814E-10  3.780E-10  3.746E-10  3.710E-10  3.665E-10
  4.097E-10  4.064E-10  4.031E-10  3.995E-10  3.951E-10
  4.345E-10  4.306E-10  4.268E-10  4.227E-10  4.177E-10
  4.822E-10  4.760E-10  4.700E-10  4.641E-10  4.575E-10
  5.941E-10  5.794E-10  5.629E-10  5.443E-10  5.233E-10
  6.674E-10  6.504E-10  6.315E-10  6.098E-10  5.843E-10
  7.618E-10  7.408E-10  7.168E-10  6.887E-10  6.546E-10
  8.096E-10  7.892E-10  7.660E-10  7.391E-10  7.070E-10
  9.607E-10  9.320E-10  8.991E-10  8.599E-10  8.113E-10
  1.070E-09  1.037E-09  9.994E-10  9.545E-10  8.988E-10
  1.189E-09  1.152E-09  1.110E-09  1.059E-09  9.947E-10
  1.303E-09  1.263E-09  1.218E-09  1.163E-09  1.094E-09
  1.443E-09  1.399E-09  1.347E-09  1.285E-09  1.207E-09
  1.581E-09  1.533E-09  1.478E-09  1.412E-09  1.327E-09
  1.798E-09  1.738E-09  1.669E-09  1.585E-09  1.477E-09
  2.074E-09  1.995E-09  1.906E-09  1.799E-09  1.657E-09
  1.975E-09  1.913E-09  1.842E-09  1.759E-09  1.655E-09
  2.472E-09  2.380E-09  2.275E-09  2.149E-09  1.983E-09
  2.386E-09  2.310E-09  2.225E-09  2.125E-09  1.998E-09
  2.700E-09  2.602E-09  2.491E-09  2.360E-09  2.188E-09
  3.188E-09  3.050E-09  2.897E-09  2.716E-09  2.478E-09
  3.805E-09  3.616E-09  3.408E-09  3.167E-09  2.859E-09
  4.662E-09  4.360E-09  4.045E-09  3.696E-09  3.271E-09
  5.620E-09  5.056E-09  4.590E-09  4.140E-09  3.621E-09
  6.451E-09  5.732E-09  5.169E-09  4.637E-09  4.030E-09
  7.939E-09  6.726E-09  5.898E-09  5.217E-09  4.484E-09
  9.056E-09  7.633E-09  6.656E-09  5.856E-09  5.000E-09
  1.217E-08  9.603E-09  8.006E-09  6.869E-09  5.753E-09
  9.797E-09  8.470E-09  7.500E-09  6.664E-09  5.745E-09
  1.218E-08  1.007E-08  8.657E-09  7.562E-09  6.429E-09
  1.539E-08  1.216E-08  1.012E-08  8.674E-09  7.259E-09
  1.996E-08  1.486E-08  1.182E-08  9.893E-09  8.171E-09
  1.798E-08  1.425E-08  1.187E-08  1.017E-08  8.502E-09
  1.710E-08  1.423E-08  1.227E-08  1.069E-08  9.020E-09
  1.861E-08  1.538E-08  1.319E-08  1.146E-08  9.664E-09
  2.078E-08  1.712E-08  1.462E-08  1.265E-08  1.061E-08
  1.593E-08  1.441E-08  1.310E-08  1.180E-08  1.027E-08
  2.296E-08  1.880E-08  1.603E-08  1.393E-08  1.180E-08
  2.992E-08  2.300E-08  1.872E-08  1.585E-08  1.320E-08
  3.103E-08  2.417E-08  1.983E-08  1.686E-08  1.408E-08
  3.365E-08  2.606E-08  2.129E-08  1.807E-08  1.508E-08
  3.940E-08  3.009E-08  2.425E-08  2.037E-08  1.680E-08
  3.767E-08  2.956E-08  2.437E-08  2.076E-08  1.732E-08
  4.251E-08  3.298E-08  2.696E-08  2.283E-08  1.891E-08
  3.810E-08  3.160E-08  2.712E-08  2.351E-08  1.970E-08
  2.708E-08  2.495E-08  2.295E-08  2.084E-08  1.830E-08
  5.000E-08  3.964E-08  3.287E-08  2.799E-08  2.320E-08
  5.409E-08  4.257E-08  3.515E-08  2.987E-08  2.473E-08
  6.578E-08  5.045E-08  4.074E-08  3.411E-08  2.788E-08
  6.133E-08  4.885E-08  4.067E-08  3.464E-08  2.863E-08
  6.099E-08  4.942E-08  4.164E-08  3.572E-08  2.966E-08
  6.926E-08  5.463E-08  4.509E-08  3.830E-08  3.171E-08
  6.868E-08  5.520E-08  4.612E-08  3.946E-08  3.291E-08
  7.707E-08  6.101E-08  5.027E-08  4.263E-08  3.533E-08
  6.508E-08  5.443E-08  4.692E-08  4.099E-08  3.482E-08
  9.082E-08  7.067E-08  5.746E-08  4.839E-08  3.998E-08
  1.031E-07  7.919E-08  6.354E-08  5.301E-08  4.345E-08
  1.002E-07  7.899E-08  6.484E-08  5.480E-08  4.521E-08
  1.013E-07  8.039E-08  6.634E-08  5.631E-08  4.671E-08
  1.022E-07  8.318E-08  7.028E-08  6.032E-08  5.002E-08
  1.340E-07  1.012E-07  7.999E-08  6.607E-08  5.376E-08
  1.311E-07  1.007E-07  8.066E-08  6.716E-08  5.507E-08
  1.795E-07  1.343E-07  1.011E-07  7.828E-08  6.183E-08
  2.872E-07  2.102E-07  1.480E-07  1.021E-07  7.261E-08
  3.819E-07  2.746E-07  1.868E-07  1.220E-07  8.213E-08
  3.338E-07  2.408E-07  1.661E-07  1.121E-07  7.890E-08
  3.347E-07  2.439E-07  1.699E-07  1.153E-07  8.101E-08
  4.586E-07  3.297E-07  2.231E-07  1.438E-07  9.489E-08
  4.638E-07  3.340E-07  2.267E-07  1.470E-07  9.795E-08
  3.899E-07  2.851E-07  1.994E-07  1.360E-07  9.583E-08
  4.091E-07  2.993E-07  2.091E-07  1.423E-07  1.003E-07
  5.580E-07  4.031E-07  2.734E-07  1.756E-07  1.148E-07
  5.601E-07  4.050E-07  2.767E-07  1.809E-07  1.211E-07
  5.261E-07  3.845E-07  2.666E-07  1.779E-07  1.215E-07
  3.938E-07  2.941E-07  2.128E-07  1.524E-07  1.124E-07
  5.050E-07  3.743E-07  2.648E-07  1.813E-07  1.268E-07
  6.796E-07  4.998E-07  3.464E-07  2.269E-07  1.487E-07
  6.473E-07  4.781E-07  3.339E-07  2.217E-07  1.481E-07
  4.766E-07  3.606E-07  2.633E-07  1.882E-07  1.368E-07
  4.310E-07  3.288E-07  2.444E-07  1.804E-07  1.364E-07
  5.007E-07  3.805E-07  2.800E-07  2.028E-07  1.499E-07
  6.708E-07  5.024E-07  3.583E-07  2.450E-07  1.688E-07
  5.372E-07  4.099E-07  3.022E-07  2.185E-07  1.607E-07
  7.049E-07  5.309E-07  3.810E-07  2.624E-07  1.819E-07
  6.044E-07  4.599E-07  3.381E-07  2.436E-07  1.781E-07
  5.656E-07  4.330E-07  3.226E-07  2.380E-07  1.792E-07
  4.187E-07  3.336E-07  2.638E-07  2.099E-07  1.686E-07
  2.872E-07  2.439E-07  2.083E-07  1.794E-07  1.531E-07
  5.825E-07  4.517E-07  3.425E-07  2.581E-07  1.977E-07
  3.302E-07  2.789E-07  2.367E-07  2.025E-07  1.717E-07
  4.377E-07  3.557E-07  2.886E-07  2.363E-07  1.938E-07
  2.684E-07  2.387E-07  2.134E-07  1.910E-07  1.676E-07
  3.428E-07  2.940E-07  2.539E-07  2.208E-07  1.893E-07
  3.447E-07  2.977E-07  2.590E-07  2.268E-07  1.952E-07
  4.262E-07  3.570E-07  2.984E-07  2.505E-07  2.101E-07
  7.614E-07  5.988E-07  4.576E-07  3.432E-07  2.592E-07
  7.535E-07  5.981E-07  4.620E-07  3.502E-07  2.669E-07
  9.123E-07  7.149E-07  5.407E-07  3.975E-07  2.927E-07
  9.789E-07  7.651E-07  5.756E-07  4.191E-07  3.052E-07
  8.610E-07  6.803E-07  5.232E-07  3.958E-07  3.015E-07
  7.852E-07  6.275E-07  4.905E-07  3.793E-07  2.960E-07
  4.937E-07  4.199E-07  3.590E-07  3.100E-07  2.664E-07
  6.365E-07  5.258E-07  4.301E-07  3.520E-07  2.901E-07
  9.036E-07  7.189E-07  5.598E-07  4.322E-07  3.379E-07
  4.827E-07  4.251E-07  3.773E-07  3.363E-07  2.932E-07
  3.807E-07  3.568E-07  3.336E-07  3.084E-07  2.769E-07
  3.925E-07  3.619E-07  3.347E-07  3.081E-07  2.771E-07
  4.464E-07  4.069E-07  3.719E-07  3.390E-07  3.017E-07
  5.295E-07  4.743E-07  4.237E-07  3.769E-07  3.293E-07
  9.539E-07  8.103E-07  6.702E-07  5.356E-07  4.127E-07
  8.600E-07  7.286E-07  6.052E-07  4.922E-07  3.930E-07
  1.176E-06  9.712E-07  7.790E-07  6.032E-07  4.499E-07
  1.070E-06  8.847E-07  7.148E-07  5.642E-07  4.359E-07
  9.634E-07  8.040E-07  6.607E-07  5.358E-07  4.289E-07
  7.982E-07  6.791E-07  5.750E-07  4.865E-07  4.083E-07
  7.572E-07  6.520E-07  5.592E-07  4.794E-07  4.073E-07
  1.031E-06  8.592E-07  7.068E-07  5.772E-07  4.683E-07
  1.794E-06  1.466E-06  1.150E-06  8.547E-07  5.983E-07
  2.476E-06  2.015E-06  1.563E-06  1.131E-06  7.417E-07
  3.149E-06  2.569E-06  1.991E-06  1.424E-06  8.938E-07
  2.144E-06  1.759E-06  1.385E-06  1.029E-06  7.103E-07
  2.466E-06  2.014E-06  1.573E-06  1.154E-06  7.760E-07
  2.859E-06  2.335E-06  1.819E-06  1.321E-06  8.630E-07
  2.212E-06  1.822E-06  1.443E-06  1.080E-06  7.501E-07
  2.651E-06  2.175E-06  1.708E-06  1.258E-06  8.447E-07
  1.944E-06  1.612E-06  1.292E-06  9.902E-07  7.198E-07
  1.681E-06  1.386E-06  1.115E-06  8.769E-07  6.806E-07
  1.969E-06  1.621E-06  1.295E-06  9.983E-07  7.471E-07
  1.134E-06  9.836E-07  8.479E-07  7.281E-07  6.184E-07
  1.552E-06  1.306E-06  1.078E-06  8.749E-07  7.007E-07
  2.063E-06  1.707E-06  1.370E-06  1.061E-06  7.983E-07
  2.124E-06  1.749E-06  1.400E-06  1.089E-06  8.326E-07
  1.201E-06  1.064E-06  9.440E-07  8.355E-07  7.201E-07
  6.874E-07  6.612E-07  6.325E-07  5.990E-07  5.555E-07
  7.810E-07  7.416E-07  7.013E-07  6.566E-07  5.995E-07
  1.930E-06  1.610E-06  1.325E-06  1.082E-06  8.750E-07
  3.001E-06  2.437E-06  1.904E-06  1.422E-06  1.030E-06
  2.877E-06  2.352E-06  1.855E-06  1.404E-06  1.031E-06
  1.946E-06  1.636E-06  1.360E-06  1.123E-06  9.216E-07
  1.105E-06  1.015E-06  9.346E-07  8.582E-07  7.723E-07
  2.767E-06  2.268E-06  1.804E-06  1.393E-06  1.062E-06
  3.717E-06  3.062E-06  2.415E-06  1.793E-06  1.241E-06
  3.335E-06  2.781E-06  2.234E-06  1.706E-06  1.221E-06
  3.989E-06  3.327E-06  2.660E-06  1.998E-06  1.365E-06
  5.040E-06  4.196E-06  3.334E-06  2.465E-06  1.617E-06
  4.603E-06  3.856E-06  3.097E-06  2.332E-06  1.581E-06
  4.549E-06  3.810E-06  3.062E-06  2.314E-06  1.588E-06
  4.967E-06  4.157E-06  3.335E-06  2.510E-06  1.709E-06
  4.977E-06  4.177E-06  3.367E-06  2.553E-06  1.757E-06
  5.225E-06  4.380E-06  3.521E-06  2.658E-06  1.825E-06
  5.486E-06  4.624E-06  3.741E-06  2.842E-06  1.947E-06
  5.791E-06  4.880E-06  3.945E-06  2.992E-06  2.046E-06
  5.995E-06  5.061E-06  4.103E-06  3.126E-06  2.144E-06
  5.892E-06  4.972E-06  4.036E-06  3.092E-06  2.160E-06
  6.357E-06  5.401E-06  4.413E-06  3.394E-06  2.345E-06
  6.412E-06  5.428E-06  4.415E-06  3.380E-06  2.344E-06
  6.200E-06  5.272E-06  4.324E-06  3.357E-06  2.378E-06
  6.658E-06  5.664E-06  4.643E-06  3.594E-06  2.529E-06
  6.157E-06  5.256E-06  4.334E-06  3.394E-06  2.448E-06
  6.866E-06  5.858E-06  4.813E-06  3.736E-06  2.646E-06
  6.039E-06  5.170E-06  4.283E-06  3.383E-06  2.492E-06
  7.542E-06  6.480E-06  5.365E-06  4.189E-06  2.952E-06
  8.627E-06  7.416E-06  6.132E-06  4.760E-06  3.290E-06
  8.505E-06  7.316E-06  6.062E-06  4.728E-06  3.308E-06
  8.495E-06  7.288E-06  6.024E-06  4.700E-06  3.321E-06
  8.613E-06  7.409E-06  6.145E-06  4.812E-06  3.409E-06
  8.611E-06  7.410E-06  6.148E-06  4.818E-06  3.434E-06
  7.390E-06  6.359E-06  5.306E-06  4.236E-06  3.169E-06
  8.339E-06  7.171E-06  5.958E-06  4.702E-06  3.436E-06
  8.546E-06  7.371E-06  6.142E-06  4.861E-06  3.558E-06
  8.874E-06  7.674E-06  6.414E-06  5.089E-06  3.727E-06
  9.182E-06  7.966E-06  6.681E-06  5.314E-06  3.880E-06
  9.520E-06  8.270E-06  6.942E-06  5.521E-06  4.017E-06
  1.014E-05  8.826E-06  7.421E-06  5.901E-06  4.260E-06
  1.060E-05  9.241E-06  7.781E-06  6.191E-06  4.457E-06
  1.024E-05  8.953E-06  7.574E-06  6.071E-06  4.424E-06
  1.157E-05  1.011E-05  8.527E-06  6.782E-06  4.847E-06
  9.728E-06  8.500E-06  7.197E-06  5.809E-06  4.350E-06
  9.840E-06  8.630E-06  7.342E-06  5.957E-06  4.477E-06
  1.054E-05  9.266E-06  7.900E-06  6.409E-06  4.775E-06
  1.076E-05  9.473E-06  8.094E-06  6.587E-06  4.922E-06
  1.092E-05  9.611E-06  8.202E-06  6.663E-06  4.976E-06
  1.210E-05  1.062E-05  9.031E-06  7.281E-06  5.340E-06
  1.240E-05  1.091E-05  9.294E-06  7.505E-06  5.498E-06
  1.218E-05  1.072E-05  9.140E-06  7.402E-06  5.487E-06
  1.264E-05  1.116E-05  9.553E-06  7.759E-06  5.739E-06
  1.077E-05  9.527E-06  8.197E-06  6.760E-06  5.230E-06
  1.185E-05  1.044E-05  8.920E-06  7.271E-06  5.509E-06
  1.354E-05  1.192E-05  1.014E-05  8.184E-06  6.038E-06
  1.430E-05  1.248E-05  1.053E-05  8.417E-06  6.171E-06
  1.482E-05  1.287E-05  1.079E-05  8.578E-06  6.272E-06
  1.055E-05  9.289E-06  7.990E-06  6.677E-06  5.396E-06
  1.421E-05  1.225E-05  1.022E-05  8.141E-06  6.094E-06
  1.443E-05  1.240E-05  1.031E-05  8.205E-06  6.163E-06
  1.422E-05  1.249E-05  1.063E-05  8.627E-06  6.523E-06
  1.585E-05  1.374E-05  1.153E-05  9.222E-06  6.861E-06
  9.704E-06  8.620E-06  7.545E-06  6.489E-06  5.464E-06
  1.481E-05  1.283E-05  1.081E-05  8.739E-06  6.720E-06
  1.093E-05  9.710E-06  8.463E-06  7.202E-06  5.960E-06
  1.852E-05  1.612E-05  1.358E-05  1.085E-05  7.937E-06
  1.963E-05  1.709E-05  1.440E-05  1.151E-05  8.369E-06
  1.979E-05  1.723E-05  1.452E-05  1.161E-05  8.468E-06
  1.944E-05  1.696E-05  1.433E-05  1.151E-05  8.464E-06
  1.935E-05  1.689E-05  1.427E-05  1.148E-05  8.496E-06
  2.106E-05  1.852E-05  1.576E-05  1.270E-05  9.252E-06
  2.017E-05  1.796E-05  1.549E-05  1.266E-05  9.353E-06
  2.146E-05  1.878E-05  1.591E-05  1.278E-05  9.350E-06
  2.192E-05  1.917E-05  1.622E-05  1.302E-05  9.517E-06
  2.212E-05  1.936E-05  1.640E-05  1.319E-05  9.673E-06
  2.164E-05  1.894E-05  1.606E-05  1.296E-05  9.601E-06
  2.188E-05  1.918E-05  1.631E-05  1.320E-05  9.809E-06
  2.109E-05  1.854E-05  1.584E-05  1.292E-05  9.727E-06
  2.179E-05  1.910E-05  1.625E-05  1.320E-05  9.909E-06
  2.107E-05  1.847E-05  1.574E-05  1.284E-05  9.787E-06
  2.002E-05  1.759E-05  1.505E-05  1.239E-05  9.576E-06
  1.771E-05  1.561E-05  1.347E-05  1.128E-05  9.035E-06
  2.260E-05  2.003E-05  1.723E-05  1.412E-05  1.066E-05
  2.171E-05  1.937E-05  1.677E-05  1.385E-05  1.058E-05
  2.425E-05  2.134E-05  1.820E-05  1.480E-05  1.110E-05
  2.295E-05  2.020E-05  1.727E-05  1.415E-05  1.080E-05
  2.414E-05  2.130E-05  1.824E-05  1.491E-05  1.126E-05
  2.519E-05  2.229E-05  1.915E-05  1.568E-05  1.178E-05
  2.519E-05  2.233E-05  1.922E-05  1.579E-05  1.190E-05
  2.616E-05  2.321E-05  2.000E-05  1.642E-05  1.232E-05
  2.651E-05  2.354E-05  2.030E-05  1.669E-05  1.254E-05
  2.835E-05  2.519E-05  2.171E-05  1.780E-05  1.323E-05
  2.676E-05  2.381E-05  2.058E-05  1.698E-05  1.281E-05
  2.752E-05  2.449E-05  2.117E-05  1.744E-05  1.311E-05
  2.888E-05  2.569E-05  2.219E-05  1.825E-05  1.365E-05
  2.793E-05  2.489E-05  2.156E-05  1.781E-05  1.346E-05
  2.868E-05  2.556E-05  2.214E-05  1.828E-05  1.378E-05
  2.857E-05  2.548E-05  2.209E-05  1.827E-05  1.382E-05
  2.904E-05  2.592E-05  2.248E-05  1.859E-05  1.406E-05
  2.973E-05  2.652E-05  2.300E-05  1.901E-05  1.435E-05
  2.955E-05  2.640E-05  2.293E-05  1.900E-05  1.441E-05
  2.879E-05  2.578E-05  2.246E-05  1.869E-05  1.430E-05
  3.012E-05  2.692E-05  2.340E-05  1.941E-05  1.474E-05
  3.055E-05  2.733E-05  2.378E-05  1.974E-05  1.500E-05
  3.075E-05  2.753E-05  2.398E-05  1.993E-05  1.516E-05
  3.088E-05  2.766E-05  2.410E-05  2.005E-05  1.528E-05
  3.091E-05  2.769E-05  2.413E-05  2.009E-05  1.535E-05
  3.141E-05  2.818E-05  2.458E-05  2.047E-05  1.562E-05
  3.007E-05  2.717E-05  2.388E-05  2.006E-05  1.548E-05
  2.712E-05  2.477E-05  2.206E-05  1.885E-05  1.494E-05
  3.095E-05  2.785E-05  2.439E-05  2.044E-05  1.578E-05
  3.116E-05  2.803E-05  2.455E-05  2.059E-05  1.591E-05
  3.088E-05  2.780E-05  2.438E-05  2.048E-05  1.590E-05
  3.189E-05  2.872E-05  2.519E-05  2.115E-05  1.635E-05
  3.243E-05  2.918E-05  2.557E-05  2.144E-05  1.656E-05
  3.112E-05  2.806E-05  2.466E-05  2.079E-05  1.623E-05
  3.044E-05  2.747E-05  2.419E-05  2.045E-05  1.608E-05
  3.191E-05  2.877E-05  2.529E-05  2.132E-05  1.664E-05
  3.205E-05  2.892E-05  2.545E-05  2.148E-05  1.678E-05
  3.313E-05  2.989E-05  2.628E-05  2.214E-05  1.722E-05
  3.259E-05  2.942E-05  2.589E-05  2.185E-05  1.709E-05
  3.311E-05  2.989E-05  2.631E-05  2.220E-05  1.734E-05
  3.279E-05  2.962E-05  2.609E-05  2.205E-05  1.729E-05
  3.223E-05  2.915E-05  2.572E-05  2.180E-05  1.720E-05
  3.003E-05  2.722E-05  2.412E-05  2.062E-05  1.662E-05
  3.035E-05  2.752E-05  2.440E-05  2.088E-05  1.684E-05
  3.276E-05  2.968E-05  2.625E-05  2.231E-05  1.765E-05
  3.325E-05  3.012E-05  2.663E-05  2.262E-05  1.790E-05
  3.415E-05  3.093E-05  2.734E-05  2.320E-05  1.830E-05
  3.157E-05  2.868E-05  2.548E-05  2.182E-05  1.755E-05
  3.429E-05  3.110E-05  2.753E-05  2.342E-05  1.853E-05
  3.509E-05  3.183E-05  2.818E-05  2.395E-05  1.889E-05
  3.301E-05  3.001E-05  2.666E-05  2.281E-05  1.828E-05
  3.482E-05  3.162E-05  2.804E-05  2.390E-05  1.897E-05
  3.493E-05  3.175E-05  2.818E-05  2.404E-05  1.910E-05
  3.498E-05  3.180E-05  2.823E-05  2.409E-05  1.916E-05
  3.429E-05  3.120E-05  2.775E-05  2.376E-05  1.903E-05
  3.521E-05  3.202E-05  2.845E-05  2.431E-05  1.939E-05
  3.590E-05  3.267E-05  2.904E-05  2.482E-05  1.975E-05
  3.569E-05  3.249E-05  2.889E-05  2.472E-05  1.973E-05
  3.571E-05  3.251E-05  2.891E-05  2.475E-05  1.980E-05
  3.603E-05  3.279E-05  2.916E-05  2.496E-05  1.996E-05
  3.621E-05  3.299E-05  2.937E-05  2.517E-05  2.015E-05
  3.676E-05  3.349E-05  2.982E-05  2.554E-05  2.042E-05
  3.622E-05  3.304E-05  2.946E-05  2.531E-05  2.033E-05
  3.596E-05  3.281E-05  2.928E-05  2.518E-05  2.030E-05
  3.672E-05  3.353E-05  2.993E-05  2.573E-05  2.067E-05
  3.714E-05  3.388E-05  3.022E-05  2.595E-05  2.084E-05
  3.719E-05  3.394E-05  3.028E-05  2.603E-05  2.093E-05
  3.680E-05  3.360E-05  3.001E-05  2.584E-05  2.087E-05
  3.731E-05  3.409E-05  3.046E-05  2.623E-05  2.116E-05
  3.711E-05  3.392E-05  3.033E-05  2.615E-05  2.114E-05
  3.861E-05  3.529E-05  3.153E-05  2.711E-05  2.177E-05
  3.799E-05  3.474E-05  3.107E-05  2.678E-05  2.161E-05
  3.840E-05  3.513E-05  3.142E-05  2.708E-05  2.184E-05
  3.801E-05  3.476E-05  3.110E-05  2.684E-05  2.173E-05
  3.861E-05  3.534E-05  3.163E-05  2.729E-05  2.205E-05
  3.905E-05  3.575E-05  3.201E-05  2.762E-05  2.229E-05
  3.866E-05  3.542E-05  3.174E-05  2.743E-05  2.222E-05
  3.888E-05  3.563E-05  3.195E-05  2.762E-05  2.238E-05
  3.721E-05  3.414E-05  3.067E-05  2.664E-05  2.185E-05
  3.900E-05  3.576E-05  3.209E-05  2.777E-05  2.255E-05
  3.910E-05  3.586E-05  3.219E-05  2.788E-05  2.266E-05
  3.932E-05  3.607E-05  3.238E-05  2.805E-05  2.281E-05
  3.948E-05  3.624E-05  3.255E-05  2.822E-05  2.295E-05
  3.940E-05  3.617E-05  3.251E-05  2.819E-05  2.298E-05
  3.919E-05  3.599E-05  3.237E-05  2.811E-05  2.297E-05
  3.935E-05  3.617E-05  3.255E-05  2.829E-05  2.313E-05
  4.000E-05  3.675E-05  3.306E-05  2.870E-05  2.341E-05
  4.003E-05  3.679E-05  3.311E-05  2.876E-05  2.349E-05
  3.966E-05  3.645E-05  3.280E-05  2.852E-05  2.338E-05
  3.956E-05  3.638E-05  3.277E-05  2.853E-05  2.343E-05
  3.884E-05  3.576E-05  3.226E-05  2.816E-05  2.323E-05
  3.922E-05  3.611E-05  3.258E-05  2.843E-05  2.345E-05
  3.864E-05  3.561E-05  3.217E-05  2.815E-05  2.332E-05
  4.007E-05  3.690E-05  3.329E-05  2.903E-05  2.388E-05
  4.028E-05  3.710E-05  3.348E-05  2.920E-05  2.403E-05
  3.980E-05  3.667E-05  3.311E-05  2.893E-05  2.390E-05
  3.911E-05  3.607E-05  3.262E-05  2.858E-05  2.372E-05
  4.041E-05  3.724E-05  3.363E-05  2.938E-05  2.425E-05
  4.063E-05  3.745E-05  3.383E-05  2.956E-05  2.439E-05
  4.001E-05  3.691E-05  3.338E-05  2.923E-05  2.423E-05
  4.024E-05  3.713E-05  3.358E-05  2.941E-05  2.438E-05
  4.043E-05  3.730E-05  3.374E-05  2.955E-05  2.450E-05
  4.048E-05  3.735E-05  3.379E-05  2.960E-05  2.457E-05
  4.079E-05  3.766E-05  3.410E-05  2.988E-05  2.477E-05
  4.031E-05  3.724E-05  3.375E-05  2.963E-05  2.466E-05
  4.074E-05  3.765E-05  3.411E-05  2.993E-05  2.487E-05
  4.048E-05  3.742E-05  3.393E-05  2.981E-05  2.485E-05
  4.061E-05  3.754E-05  3.405E-05  2.993E-05  2.495E-05
  4.040E-05  3.738E-05  3.393E-05  2.986E-05  2.494E-05
  4.109E-05  3.802E-05  3.450E-05  3.032E-05  2.526E-05
  4.119E-05  3.813E-05  3.462E-05  3.044E-05  2.538E-05
  4.007E-05  3.732E-05  3.410E-05  3.018E-05  2.533E-05
  3.567E-05  3.363E-05  3.119E-05  2.817E-05  2.438E-05
  4.098E-05  3.802E-05  3.460E-05  3.052E-05  2.553E-05
  4.158E-05  3.850E-05  3.498E-05  3.079E-05  2.571E-05
  4.152E-05  3.845E-05  3.493E-05  3.077E-05  2.573E-05
  4.162E-05  3.855E-05  3.504E-05  3.087E-05  2.582E-05
  4.143E-05  3.839E-05  3.492E-05  3.079E-05  2.580E-05
  4.188E-05  3.881E-05  3.528E-05  3.110E-05  2.603E-05
  4.156E-05  3.851E-05  3.503E-05  3.091E-05  2.595E-05
  4.191E-05  3.885E-05  3.534E-05  3.118E-05  2.615E-05
  4.178E-05  3.874E-05  3.526E-05  3.114E-05  2.615E-05
  4.187E-05  3.882E-05  3.534E-05  3.121E-05  2.622E-05
  4.189E-05  3.885E-05  3.537E-05  3.125E-05  2.627E-05
  4.183E-05  3.881E-05  3.535E-05  3.126E-05  2.632E-05
  4.209E-05  3.906E-05  3.559E-05  3.147E-05  2.647E-05
  4.170E-05  3.871E-05  3.529E-05  3.124E-05  2.637E-05
  4.204E-05  3.903E-05  3.558E-05  3.149E-05  2.655E-05
  4.216E-05  3.915E-05  3.570E-05  3.160E-05  2.665E-05
  4.212E-05  3.912E-05  3.568E-05  3.160E-05  2.667E-05
  4.218E-05  3.918E-05  3.574E-05  3.166E-05  2.674E-05
  4.221E-05  3.922E-05  3.579E-05  3.172E-05  2.680E-05
  4.228E-05  3.930E-05  3.587E-05  3.180E-05  2.688E-05
  4.237E-05  3.938E-05  3.595E-05  3.188E-05  2.696E-05
  4.168E-05  3.876E-05  3.542E-05  3.147E-05  2.675E-05
  4.221E-05  3.926E-05  3.587E-05  3.184E-05  2.699E-05
  4.240E-05  3.944E-05  3.604E-05  3.200E-05  2.711E-05
  4.230E-05  3.935E-05  3.597E-05  3.195E-05  2.711E-05
  4.230E-05  3.936E-05  3.599E-05  3.199E-05  2.716E-05
  4.240E-05  3.948E-05  3.612E-05  3.211E-05  2.727E-05
  4.222E-05  3.931E-05  3.598E-05  3.201E-05  2.723E-05
  4.216E-05  3.927E-05  3.595E-05  3.201E-05  2.725E-05
  4.218E-05  3.930E-05  3.598E-05  3.205E-05  2.731E-05
  4.167E-05  3.883E-05  3.558E-05  3.174E-05  2.714E-05
  4.225E-05  3.937E-05  3.608E-05  3.215E-05  2.742E-05
  4.230E-05  3.942E-05  3.612E-05  3.219E-05  2.747E-05
  4.254E-05  3.966E-05  3.634E-05  3.239E-05  2.762E-05
  4.257E-05  3.969E-05  3.638E-05  3.243E-05  2.766E-05
  4.197E-05  3.915E-05  3.591E-05  3.208E-05  2.748E-05
  4.248E-05  3.962E-05  3.634E-05  3.243E-05  2.771E-05
  4.247E-05  3.962E-05  3.635E-05  3.246E-05  2.775E-05
  4.271E-05  3.984E-05  3.654E-05  3.261E-05  2.787E-05
  4.276E-05  3.990E-05  3.660E-05  3.268E-05  2.794E-05
  4.219E-05  3.939E-05  3.618E-05  3.237E-05  2.778E-05
  4.193E-05  3.917E-05  3.601E-05  3.226E-05  2.773E-05
  4.234E-05  3.955E-05  3.634E-05  3.251E-05  2.791E-05
  4.250E-05  3.970E-05  3.648E-05  3.264E-05  2.801E-05
  4.280E-05  3.998E-05  3.673E-05  3.286E-05  2.816E-05
  4.262E-05  3.983E-05  3.661E-05  3.277E-05  2.813E-05
  4.272E-05  3.993E-05  3.671E-05  3.286E-05  2.821E-05
  4.283E-05  4.003E-05  3.681E-05  3.296E-05  2.829E-05
  4.297E-05  4.016E-05  3.692E-05  3.306E-05  2.837E-05
  4.278E-05  4.000E-05  3.679E-05  3.297E-05  2.834E-05
  4.285E-05  4.007E-05  3.687E-05  3.304E-05  2.840E-05
  4.275E-05  3.998E-05  3.679E-05  3.299E-05  2.840E-05
  4.299E-05  4.021E-05  3.701E-05  3.318E-05  2.853E-05
  4.290E-05  4.014E-05  3.696E-05  3.315E-05  2.854E-05
  4.233E-05  3.963E-05  3.653E-05  3.283E-05  2.836E-05
  4.288E-05  4.014E-05  3.698E-05  3.320E-05  2.862E-05
  4.275E-05  4.002E-05  3.688E-05  3.312E-05  2.857E-05
  4.287E-05  4.013E-05  3.697E-05  3.320E-05  2.864E-05
  4.261E-05  3.991E-05  3.680E-05  3.309E-05  2.860E-05
  4.290E-05  4.020E-05  3.708E-05  3.333E-05  2.878E-05
  4.314E-05  4.041E-05  3.725E-05  3.347E-05  2.886E-05
  4.303E-05  4.031E-05  3.717E-05  3.341E-05  2.885E-05
  4.283E-05  4.015E-05  3.704E-05  3.333E-05  2.882E-05
  4.290E-05  4.021E-05  3.710E-05  3.338E-05  2.887E-05
  4.320E-05  4.048E-05  3.735E-05  3.358E-05  2.901E-05
  4.317E-05  4.047E-05  3.734E-05  3.359E-05  2.903E-05
  4.299E-05  4.030E-05  3.719E-05  3.348E-05  2.897E-05
  4.246E-05  3.985E-05  3.682E-05  3.321E-05  2.884E-05
  4.269E-05  4.005E-05  3.700E-05  3.335E-05  2.893E-05
  4.318E-05  4.049E-05  3.739E-05  3.366E-05  2.914E-05
  4.326E-05  4.058E-05  3.747E-05  3.374E-05  2.920E-05
  4.296E-05  4.032E-05  3.726E-05  3.358E-05  2.912E-05
  4.299E-05  4.034E-05  3.728E-05  3.361E-05  2.916E-05
  4.285E-05  4.022E-05  3.718E-05  3.355E-05  2.914E-05
  4.317E-05  4.051E-05  3.744E-05  3.375E-05  2.927E-05
  4.280E-05  4.018E-05  3.716E-05  3.354E-05  2.916E-05
  4.312E-05  4.048E-05  3.743E-05  3.376E-05  2.931E-05
  4.330E-05  4.065E-05  3.759E-05  3.390E-05  2.941E-05
  4.321E-05  4.057E-05  3.751E-05  3.385E-05  2.939E-05
  4.320E-05  4.057E-05  3.753E-05  3.387E-05  2.942E-05
  4.238E-05  3.985E-05  3.692E-05  3.341E-05  2.917E-05
  4.256E-05  4.001E-05  3.706E-05  3.353E-05  2.925E-05
  4.264E-05  4.009E-05  3.714E-05  3.360E-05  2.930E-05
  4.288E-05  4.031E-05  3.734E-05  3.376E-05  2.942E-05
  4.323E-05  4.063E-05  3.761E-05  3.398E-05  2.956E-05
  4.316E-05  4.057E-05  3.757E-05  3.396E-05  2.956E-05
  4.271E-05  4.016E-05  3.721E-05  3.368E-05  2.941E-05
  4.262E-05  4.010E-05  3.718E-05  3.367E-05  2.941E-05
  4.285E-05  4.030E-05  3.735E-05  3.381E-05  2.952E-05
  4.310E-05  4.053E-05  3.755E-05  3.397E-05  2.962E-05
  4.272E-05  4.019E-05  3.726E-05  3.374E-05  2.948E-05
  4.312E-05  4.056E-05  3.759E-05  3.402E-05  2.968E-05
  4.272E-05  4.020E-05  3.728E-05  3.379E-05  2.954E-05
  4.278E-05  4.028E-05  3.737E-05  3.388E-05  2.963E-05
  4.272E-05  4.022E-05  3.732E-05  3.384E-05  2.960E-05
  4.235E-05  3.988E-05  3.702E-05  3.361E-05  2.949E-05
  4.105E-05  3.872E-05  3.604E-05  3.284E-05  2.901E-05
  4.211E-05  3.965E-05  3.681E-05  3.343E-05  2.940E-05
  3.730E-05  3.537E-05  3.319E-05  3.066E-05  2.773E-05
  4.303E-05  4.051E-05  3.759E-05  3.408E-05  2.980E-05
  4.252E-05  4.008E-05  3.724E-05  3.383E-05  2.968E-05
  4.250E-05  4.007E-05  3.725E-05  3.385E-05  2.970E-05
  4.299E-05  4.050E-05  3.759E-05  3.411E-05  2.985E-05
  4.252E-05  4.007E-05  3.723E-05  3.382E-05  2.970E-05
  3.794E-05  3.599E-05  3.377E-05  3.117E-05  2.812E-05
  4.221E-05  3.980E-05  3.701E-05  3.366E-05  2.962E-05
  4.274E-05  4.027E-05  3.742E-05  3.399E-05  2.982E-05
  4.262E-05  4.019E-05  3.738E-05  3.398E-05  2.984E-05
  4.164E-05  3.942E-05  3.681E-05  3.363E-05  2.970E-05
  4.279E-05  4.038E-05  3.756E-05  3.415E-05  2.997E-05
  4.279E-05  4.033E-05  3.749E-05  3.407E-05  2.991E-05
  4.220E-05  3.980E-05  3.702E-05  3.370E-05  2.970E-05
  4.272E-05  4.029E-05  3.746E-05  3.407E-05  2.992E-05
  4.251E-05  4.018E-05  3.744E-05  3.410E-05  2.997E-05
  4.127E-05  3.915E-05  3.663E-05  3.355E-05  2.972E-05
  4.288E-05  4.045E-05  3.762E-05  3.421E-05  3.005E-05
  4.296E-05  4.052E-05  3.768E-05  3.427E-05  3.009E-05
  4.251E-05  4.011E-05  3.732E-05  3.398E-05  2.992E-05
  4.274E-05  4.031E-05  3.749E-05  3.412E-05  3.000E-05
  4.281E-05  4.038E-05  3.756E-05  3.418E-05  3.005E-05
  4.287E-05  4.045E-05  3.764E-05  3.425E-05  3.010E-05
  4.075E-05  3.870E-05  3.628E-05  3.331E-05  2.964E-05
  4.224E-05  4.000E-05  3.734E-05  3.409E-05  3.006E-05
  4.303E-05  4.061E-05  3.779E-05  3.439E-05  3.021E-05
  4.241E-05  4.006E-05  3.733E-05  3.404E-05  3.001E-05
  4.173E-05  3.945E-05  3.681E-05  3.364E-05  2.977E-05
  4.228E-05  3.992E-05  3.719E-05  3.393E-05  2.995E-05
  4.287E-05  4.046E-05  3.767E-05  3.431E-05  3.019E-05
  4.281E-05  4.040E-05  3.761E-05  3.425E-05  3.015E-05
  4.275E-05  4.036E-05  3.757E-05  3.423E-05  3.014E-05
  4.289E-05  4.049E-05  3.771E-05  3.435E-05  3.022E-05
  4.214E-05  3.986E-05  3.718E-05  3.395E-05  2.999E-05
  4.021E-05  3.836E-05  3.612E-05  3.332E-05  2.979E-05
  4.173E-05  3.952E-05  3.693E-05  3.378E-05  2.992E-05
  4.241E-05  4.008E-05  3.738E-05  3.412E-05  3.012E-05
  4.264E-05  4.028E-05  3.753E-05  3.422E-05  3.017E-05
  4.275E-05  4.038E-05  3.762E-05  3.430E-05  3.023E-05
  4.263E-05  4.027E-05  3.754E-05  3.424E-05  3.020E-05
  4.262E-05  4.026E-05  3.753E-05  3.424E-05  3.021E-05
  4.259E-05  4.024E-05  3.751E-05  3.423E-05  3.020E-05
  4.260E-05  4.025E-05  3.753E-05  3.424E-05  3.021E-05
  4.127E-05  3.909E-05  3.656E-05  3.351E-05  2.978E-05
  4.230E-05  4.000E-05  3.732E-05  3.410E-05  3.014E-05
  4.209E-05  3.980E-05  3.714E-05  3.395E-05  3.005E-05
  4.255E-05  4.023E-05  3.752E-05  3.426E-05  3.024E-05
  4.264E-05  4.031E-05  3.761E-05  3.433E-05  3.029E-05
  4.246E-05  4.015E-05  3.747E-05  3.423E-05  3.024E-05
  4.218E-05  3.997E-05  3.737E-05  3.418E-05  3.022E-05
  3.980E-05  3.808E-05  3.597E-05  3.331E-05  2.990E-05
  4.212E-05  3.990E-05  3.729E-05  3.412E-05  3.019E-05
  4.247E-05  4.018E-05  3.751E-05  3.428E-05  3.028E-05
  4.217E-05  3.991E-05  3.728E-05  3.410E-05  3.018E-05
  4.200E-05  3.976E-05  3.715E-05  3.401E-05  3.013E-05
  4.209E-05  3.983E-05  3.721E-05  3.405E-05  3.015E-05
  4.194E-05  3.971E-05  3.711E-05  3.397E-05  3.011E-05
  4.225E-05  3.999E-05  3.736E-05  3.418E-05  3.024E-05
  4.229E-05  4.002E-05  3.738E-05  3.418E-05  3.024E-05
  4.230E-05  4.003E-05  3.739E-05  3.420E-05  3.026E-05
  4.201E-05  3.977E-05  3.718E-05  3.404E-05  3.016E-05
  4.213E-05  3.988E-05  3.727E-05  3.411E-05  3.021E-05
  4.206E-05  3.981E-05  3.720E-05  3.405E-05  3.017E-05
  4.221E-05  3.996E-05  3.735E-05  3.419E-05  3.027E-05
  4.210E-05  3.987E-05  3.727E-05  3.412E-05  3.023E-05
  4.213E-05  3.991E-05  3.731E-05  3.416E-05  3.026E-05
  4.196E-05  3.976E-05  3.719E-05  3.407E-05  3.020E-05
  4.189E-05  3.969E-05  3.714E-05  3.404E-05  3.019E-05
  4.181E-05  3.962E-05  3.708E-05  3.400E-05  3.017E-05
  4.212E-05  3.990E-05  3.732E-05  3.419E-05  3.028E-05
  4.209E-05  3.989E-05  3.731E-05  3.418E-05  3.028E-05
  4.208E-05  3.987E-05  3.730E-05  3.417E-05  3.028E-05
  4.200E-05  3.980E-05  3.724E-05  3.413E-05  3.025E-05
  4.158E-05  3.952E-05  3.707E-05  3.405E-05  3.023E-05
  4.088E-05  3.893E-05  3.661E-05  3.374E-05  3.010E-05
  4.176E-05  3.961E-05  3.710E-05  3.404E-05  3.021E-05
  4.148E-05  3.936E-05  3.688E-05  3.387E-05  3.011E-05
  4.164E-05  3.950E-05  3.700E-05  3.396E-05  3.016E-05
  4.173E-05  3.959E-05  3.709E-05  3.404E-05  3.021E-05
  4.141E-05  3.931E-05  3.685E-05  3.386E-05  3.009E-05
  4.139E-05  3.929E-05  3.684E-05  3.385E-05  3.010E-05
  4.148E-05  3.938E-05  3.692E-05  3.392E-05  3.014E-05
  4.114E-05  3.908E-05  3.668E-05  3.374E-05  3.003E-05
  4.130E-05  3.923E-05  3.680E-05  3.383E-05  3.009E-05
  4.110E-05  3.905E-05  3.666E-05  3.373E-05  3.002E-05
  4.100E-05  3.897E-05  3.659E-05  3.368E-05  2.998E-05
  4.037E-05  3.842E-05  3.613E-05  3.333E-05  2.977E-05
  4.071E-05  3.872E-05  3.638E-05  3.351E-05  2.988E-05
  4.059E-05  3.861E-05  3.628E-05  3.343E-05  2.982E-05
  4.018E-05  3.823E-05  3.596E-05  3.318E-05  2.967E-05
  4.027E-05  3.833E-05  3.604E-05  3.325E-05  2.970E-05
  3.911E-05  3.747E-05  3.548E-05  3.296E-05  2.964E-05
  3.985E-05  3.800E-05  3.580E-05  3.308E-05  2.959E-05
  4.038E-05  3.843E-05  3.613E-05  3.331E-05  2.971E-05
  4.054E-05  3.857E-05  3.625E-05  3.340E-05  2.975E-05
  4.036E-05  3.840E-05  3.611E-05  3.329E-05  2.968E-05
  4.022E-05  3.829E-05  3.602E-05  3.322E-05  2.964E-05
  4.032E-05  3.838E-05  3.609E-05  3.328E-05  2.966E-05
  3.980E-05  3.792E-05  3.571E-05  3.298E-05  2.948E-05
  3.990E-05  3.802E-05  3.579E-05  3.305E-05  2.952E-05
  3.991E-05  3.802E-05  3.579E-05  3.304E-05  2.950E-05
  3.965E-05  3.778E-05  3.559E-05  3.289E-05  2.939E-05
  4.003E-05  3.814E-05  3.590E-05  3.314E-05  2.955E-05
  3.995E-05  3.806E-05  3.584E-05  3.308E-05  2.950E-05
  3.973E-05  3.786E-05  3.566E-05  3.294E-05  2.941E-05
  3.939E-05  3.757E-05  3.541E-05  3.275E-05  2.928E-05
  3.936E-05  3.755E-05  3.541E-05  3.275E-05  2.928E-05
  3.973E-05  3.788E-05  3.569E-05  3.297E-05  2.941E-05
  3.910E-05  3.733E-05  3.522E-05  3.262E-05  2.919E-05
  3.905E-05  3.727E-05  3.516E-05  3.255E-05  2.913E-05
  3.900E-05  3.722E-05  3.513E-05  3.253E-05  2.911E-05
  3.951E-05  3.770E-05  3.554E-05  3.286E-05  2.931E-05
  3.859E-05  3.686E-05  3.480E-05  3.226E-05  2.892E-05
  3.896E-05  3.720E-05  3.511E-05  3.251E-05  2.907E-05
  3.874E-05  3.700E-05  3.494E-05  3.237E-05  2.897E-05
  3.892E-05  3.716E-05  3.509E-05  3.249E-05  2.904E-05
  3.915E-05  3.738E-05  3.528E-05  3.265E-05  2.913E-05
  3.907E-05  3.731E-05  3.522E-05  3.260E-05  2.910E-05
  3.885E-05  3.711E-05  3.505E-05  3.248E-05  2.901E-05
  3.888E-05  3.714E-05  3.507E-05  3.249E-05  2.900E-05
  3.881E-05  3.708E-05  3.502E-05  3.245E-05  2.897E-05
  3.867E-05  3.695E-05  3.491E-05  3.235E-05  2.890E-05
  3.875E-05  3.703E-05  3.499E-05  3.242E-05  2.894E-05
  3.859E-05  3.689E-05  3.486E-05  3.231E-05  2.885E-05
  3.848E-05  3.680E-05  3.479E-05  3.226E-05  2.882E-05
  3.842E-05  3.675E-05  3.475E-05  3.223E-05  2.879E-05
  3.830E-05  3.663E-05  3.464E-05  3.213E-05  2.871E-05
  3.838E-05  3.671E-05  3.472E-05  3.220E-05  2.875E-05
  3.820E-05  3.660E-05  3.466E-05  3.219E-05  2.875E-05
  3.566E-05  3.448E-05  3.300E-05  3.103E-05  2.815E-05
  3.800E-05  3.640E-05  3.447E-05  3.201E-05  2.861E-05
  3.796E-05  3.634E-05  3.439E-05  3.193E-05  2.853E-05
  3.805E-05  3.642E-05  3.447E-05  3.200E-05  2.858E-05
  3.784E-05  3.622E-05  3.428E-05  3.183E-05  2.845E-05
  3.793E-05  3.631E-05  3.437E-05  3.191E-05  2.850E-05
  3.755E-05  3.596E-05  3.406E-05  3.166E-05  2.832E-05
  3.746E-05  3.589E-05  3.400E-05  3.161E-05  2.828E-05
  3.771E-05  3.611E-05  3.420E-05  3.177E-05  2.838E-05
  3.739E-05  3.582E-05  3.393E-05  3.154E-05  2.822E-05
  3.746E-05  3.589E-05  3.400E-05  3.161E-05  2.826E-05
  3.737E-05  3.580E-05  3.393E-05  3.155E-05  2.821E-05
  3.744E-05  3.588E-05  3.400E-05  3.161E-05  2.825E-05
  3.735E-05  3.580E-05  3.393E-05  3.155E-05  2.820E-05
  3.727E-05  3.574E-05  3.388E-05  3.152E-05  2.818E-05
  3.698E-05  3.546E-05  3.363E-05  3.131E-05  2.803E-05
  3.705E-05  3.553E-05  3.369E-05  3.136E-05  2.805E-05
  3.696E-05  3.545E-05  3.363E-05  3.131E-05  2.802E-05
  3.683E-05  3.534E-05  3.354E-05  3.125E-05  2.798E-05
  3.683E-05  3.534E-05  3.355E-05  3.125E-05  2.797E-05
  3.683E-05  3.534E-05  3.355E-05  3.126E-05  2.798E-05
  3.683E-05  3.535E-05  3.355E-05  3.126E-05  2.797E-05
  3.672E-05  3.526E-05  3.348E-05  3.121E-05  2.794E-05
  3.663E-05  3.517E-05  3.341E-05  3.116E-05  2.790E-05
  3.645E-05  3.500E-05  3.325E-05  3.101E-05  2.779E-05
  3.653E-05  3.508E-05  3.333E-05  3.108E-05  2.783E-05
  3.623E-05  3.480E-05  3.308E-05  3.087E-05  2.767E-05
  3.642E-05  3.499E-05  3.326E-05  3.102E-05  2.778E-05
  3.600E-05  3.460E-05  3.290E-05  3.072E-05  2.756E-05
  3.572E-05  3.433E-05  3.266E-05  3.051E-05  2.741E-05
  3.610E-05  3.469E-05  3.299E-05  3.080E-05  2.760E-05
  3.618E-05  3.478E-05  3.308E-05  3.088E-05  2.766E-05
  3.527E-05  3.394E-05  3.232E-05  3.024E-05  2.721E-05
  3.595E-05  3.457E-05  3.288E-05  3.071E-05  2.753E-05
  3.544E-05  3.410E-05  3.247E-05  3.037E-05  2.730E-05
  3.566E-05  3.431E-05  3.266E-05  3.054E-05  2.741E-05
  3.559E-05  3.424E-05  3.260E-05  3.048E-05  2.736E-05
  3.559E-05  3.425E-05  3.261E-05  3.049E-05  2.737E-05
  3.520E-05  3.389E-05  3.228E-05  3.021E-05  2.717E-05
  3.518E-05  3.387E-05  3.228E-05  3.022E-05  2.718E-05
  3.525E-05  3.393E-05  3.234E-05  3.027E-05  2.721E-05
  3.454E-05  3.328E-05  3.176E-05  2.978E-05  2.687E-05
  3.537E-05  3.407E-05  3.247E-05  3.040E-05  2.732E-05
  3.508E-05  3.380E-05  3.223E-05  3.020E-05  2.718E-05
  3.432E-05  3.309E-05  3.158E-05  2.964E-05  2.676E-05
  3.448E-05  3.324E-05  3.172E-05  2.977E-05  2.686E-05
  3.495E-05  3.368E-05  3.213E-05  3.011E-05  2.710E-05
  3.497E-05  3.371E-05  3.216E-05  3.016E-05  2.715E-05
  3.460E-05  3.336E-05  3.185E-05  2.988E-05  2.694E-05
  3.475E-05  3.352E-05  3.201E-05  3.003E-05  2.707E-05
  3.460E-05  3.338E-05  3.187E-05  2.991E-05  2.697E-05
  3.453E-05  3.332E-05  3.183E-05  2.989E-05  2.696E-05
  3.447E-05  3.326E-05  3.178E-05  2.985E-05  2.693E-05
  3.442E-05  3.322E-05  3.174E-05  2.981E-05  2.690E-05
  3.420E-05  3.300E-05  3.153E-05  2.962E-05  2.675E-05
  3.405E-05  3.286E-05  3.141E-05  2.951E-05  2.666E-05
  3.425E-05  3.307E-05  3.162E-05  2.973E-05  2.686E-05
  3.375E-05  3.259E-05  3.116E-05  2.931E-05  2.651E-05
  3.378E-05  3.264E-05  3.123E-05  2.940E-05  2.661E-05
  3.302E-05  3.191E-05  3.055E-05  2.878E-05  2.611E-05
  3.351E-05  3.238E-05  3.099E-05  2.917E-05  2.642E-05
  3.265E-05  3.155E-05  3.022E-05  2.848E-05  2.589E-05
  3.325E-05  3.213E-05  3.076E-05  2.896E-05  2.624E-05
  3.332E-05  3.221E-05  3.085E-05  2.906E-05  2.634E-05
  3.315E-05  3.206E-05  3.072E-05  2.896E-05  2.628E-05
  3.269E-05  3.163E-05  3.033E-05  2.863E-05  2.603E-05
  3.301E-05  3.192E-05  3.058E-05  2.882E-05  2.615E-05
  3.241E-05  3.138E-05  3.012E-05  2.845E-05  2.589E-05
  3.185E-05  3.086E-05  2.965E-05  2.806E-05  2.559E-05
  3.235E-05  3.129E-05  2.999E-05  2.828E-05  2.568E-05
  3.209E-05  3.105E-05  2.976E-05  2.808E-05  2.551E-05
  3.131E-05  3.036E-05  2.918E-05  2.762E-05  2.518E-05
  3.058E-05  2.968E-05  2.857E-05  2.709E-05  2.477E-05
  3.139E-05  3.039E-05  2.915E-05  2.752E-05  2.502E-05
  3.090E-05  2.990E-05  2.868E-05  2.707E-05  2.464E-05
  3.064E-05  2.966E-05  2.846E-05  2.689E-05  2.448E-05
  3.022E-05  2.926E-05  2.809E-05  2.655E-05  2.419E-05
  2.877E-05  2.799E-05  2.703E-05  2.573E-05  2.364E-05
  2.956E-05  2.867E-05  2.756E-05  2.609E-05  2.382E-05
  2.964E-05  2.870E-05  2.755E-05  2.604E-05  2.373E-05
  2.936E-05  2.844E-05  2.730E-05  2.581E-05  2.354E-05
  2.913E-05  2.821E-05  2.707E-05  2.559E-05  2.333E-05
  2.897E-05  2.806E-05  2.694E-05  2.548E-05  2.323E-05
  2.876E-05  2.786E-05  2.675E-05  2.529E-05  2.307E-05
  2.840E-05  2.752E-05  2.645E-05  2.503E-05  2.285E-05
  2.703E-05  2.634E-05  2.546E-05  2.427E-05  2.236E-05
  2.762E-05  2.682E-05  2.582E-05  2.450E-05  2.243E-05
  2.768E-05  2.683E-05  2.578E-05  2.441E-05  2.230E-05
  2.731E-05  2.647E-05  2.544E-05  2.409E-05  2.204E-05
  2.722E-05  2.639E-05  2.536E-05  2.402E-05  2.197E-05
  2.682E-05  2.601E-05  2.502E-05  2.371E-05  2.171E-05
  2.509E-05  2.452E-05  2.378E-05  2.276E-05  2.111E-05
  2.640E-05  2.562E-05  2.467E-05  2.340E-05  2.144E-05
  2.592E-05  2.514E-05  2.418E-05  2.293E-05  2.104E-05
  2.616E-05  2.537E-05  2.440E-05  2.313E-05  2.118E-05
  2.588E-05  2.510E-05  2.414E-05  2.289E-05  2.098E-05
  2.568E-05  2.491E-05  2.397E-05  2.273E-05  2.084E-05
  2.530E-05  2.456E-05  2.365E-05  2.245E-05  2.061E-05
  2.390E-05  2.334E-05  2.264E-05  2.167E-05  2.011E-05
  2.499E-05  2.427E-05  2.338E-05  2.220E-05  2.039E-05
  2.483E-05  2.409E-05  2.319E-05  2.201E-05  2.021E-05
  2.455E-05  2.383E-05  2.294E-05  2.178E-05  2.001E-05
  2.447E-05  2.375E-05  2.287E-05  2.171E-05  1.994E-05
  2.427E-05  2.356E-05  2.268E-05  2.154E-05  1.979E-05
  2.416E-05  2.345E-05  2.258E-05  2.144E-05  1.969E-05
  2.404E-05  2.334E-05  2.247E-05  2.134E-05  1.960E-05
  2.372E-05  2.302E-05  2.217E-05  2.106E-05  1.936E-05
  2.341E-05  2.273E-05  2.190E-05  2.081E-05  1.915E-05
  2.346E-05  2.278E-05  2.195E-05  2.085E-05  1.917E-05
  2.323E-05  2.255E-05  2.173E-05  2.064E-05  1.898E-05
  2.294E-05  2.228E-05  2.147E-05  2.042E-05  1.880E-05
  2.284E-05  2.219E-05  2.138E-05  2.032E-05  1.871E-05
  2.267E-05  2.201E-05  2.121E-05  2.016E-05  1.855E-05
  2.239E-05  2.175E-05  2.097E-05  1.994E-05  1.837E-05
  2.235E-05  2.172E-05  2.093E-05  1.991E-05  1.833E-05
  2.214E-05  2.151E-05  2.074E-05  1.973E-05  1.818E-05
  2.196E-05  2.134E-05  2.057E-05  1.957E-05  1.803E-05
  2.183E-05  2.121E-05  2.046E-05  1.946E-05  1.794E-05
  2.170E-05  2.109E-05  2.034E-05  1.935E-05  1.783E-05
  2.149E-05  2.090E-05  2.017E-05  1.920E-05  1.771E-05
  2.022E-05  1.979E-05  1.924E-05  1.847E-05  1.725E-05
  2.100E-05  2.044E-05  1.974E-05  1.881E-05  1.738E-05
  2.094E-05  2.036E-05  1.965E-05  1.872E-05  1.729E-05
  2.092E-05  2.033E-05  1.962E-05  1.868E-05  1.723E-05
  2.061E-05  2.004E-05  1.934E-05  1.843E-05  1.703E-05
  2.058E-05  2.001E-05  1.931E-05  1.839E-05  1.699E-05
  2.042E-05  1.986E-05  1.917E-05  1.825E-05  1.686E-05
  2.027E-05  1.971E-05  1.903E-05  1.812E-05  1.674E-05
  2.012E-05  1.957E-05  1.889E-05  1.800E-05  1.663E-05
  1.993E-05  1.938E-05  1.871E-05  1.784E-05  1.650E-05
  1.979E-05  1.924E-05  1.858E-05  1.771E-05  1.638E-05
  1.970E-05  1.916E-05  1.851E-05  1.764E-05  1.632E-05
  1.946E-05  1.893E-05  1.828E-05  1.743E-05  1.614E-05
  1.938E-05  1.885E-05  1.820E-05  1.735E-05  1.606E-05
  1.929E-05  1.877E-05  1.812E-05  1.728E-05  1.599E-05
  1.911E-05  1.859E-05  1.796E-05  1.712E-05  1.586E-05
  1.899E-05  1.847E-05  1.784E-05  1.701E-05  1.575E-05
  1.881E-05  1.830E-05  1.768E-05  1.687E-05  1.563E-05
  1.875E-05  1.824E-05  1.763E-05  1.681E-05  1.557E-05
  1.857E-05  1.807E-05  1.746E-05  1.664E-05  1.542E-05
  1.849E-05  1.799E-05  1.738E-05  1.658E-05  1.537E-05
  1.824E-05  1.775E-05  1.715E-05  1.636E-05  1.518E-05
  1.811E-05  1.763E-05  1.703E-05  1.625E-05  1.508E-05
  1.808E-05  1.760E-05  1.701E-05  1.623E-05  1.505E-05
  1.793E-05  1.745E-05  1.687E-05  1.610E-05  1.494E-05
  1.774E-05  1.726E-05  1.668E-05  1.592E-05  1.478E-05
  1.768E-05  1.721E-05  1.663E-05  1.587E-05  1.474E-05
  1.752E-05  1.706E-05  1.649E-05  1.574E-05  1.463E-05
  1.744E-05  1.698E-05  1.641E-05  1.566E-05  1.455E-05
  1.718E-05  1.673E-05  1.618E-05  1.545E-05  1.437E-05
  1.720E-05  1.675E-05  1.620E-05  1.546E-05  1.437E-05
  1.702E-05  1.658E-05  1.603E-05  1.531E-05  1.424E-05
  1.681E-05  1.638E-05  1.585E-05  1.514E-05  1.411E-05
  1.682E-05  1.638E-05  1.585E-05  1.513E-05  1.408E-05
  1.672E-05  1.628E-05  1.575E-05  1.504E-05  1.399E-05
  1.661E-05  1.618E-05  1.565E-05  1.495E-05  1.391E-05
  1.652E-05  1.609E-05  1.557E-05  1.487E-05  1.384E-05
  1.639E-05  1.597E-05  1.545E-05  1.476E-05  1.375E-05
  1.623E-05  1.581E-05  1.529E-05  1.462E-05  1.362E-05
  1.613E-05  1.572E-05  1.521E-05  1.454E-05  1.355E-05
  1.599E-05  1.559E-05  1.509E-05  1.442E-05  1.346E-05
  1.598E-05  1.558E-05  1.507E-05  1.441E-05  1.343E-05
  1.575E-05  1.534E-05  1.485E-05  1.420E-05  1.326E-05
  1.575E-05  1.535E-05  1.485E-05  1.420E-05  1.324E-05
  1.565E-05  1.526E-05  1.477E-05  1.413E-05  1.318E-05
  1.547E-05  1.509E-05  1.462E-05  1.400E-05  1.307E-05
  1.467E-05  1.439E-05  1.403E-05  1.355E-05  1.281E-05
  1.525E-05  1.489E-05  1.443E-05  1.382E-05  1.292E-05
  1.518E-05  1.480E-05  1.433E-05  1.371E-05  1.282E-05
  1.511E-05  1.473E-05  1.426E-05  1.365E-05  1.276E-05
  1.495E-05  1.458E-05  1.412E-05  1.352E-05  1.265E-05
  1.488E-05  1.452E-05  1.407E-05  1.347E-05  1.261E-05
  1.488E-05  1.451E-05  1.406E-05  1.346E-05  1.258E-05
  1.480E-05  1.443E-05  1.398E-05  1.337E-05  1.250E-05
  1.471E-05  1.434E-05  1.389E-05  1.329E-05  1.242E-05
  1.460E-05  1.424E-05  1.379E-05  1.320E-05  1.234E-05
  1.451E-05  1.415E-05  1.371E-05  1.312E-05  1.227E-05
  1.443E-05  1.407E-05  1.363E-05  1.305E-05  1.221E-05
  1.434E-05  1.399E-05  1.356E-05  1.298E-05  1.215E-05
  1.410E-05  1.376E-05  1.335E-05  1.280E-05  1.202E-05
  1.407E-05  1.374E-05  1.333E-05  1.277E-05  1.198E-05
  1.405E-05  1.371E-05  1.328E-05  1.272E-05  1.192E-05
  1.398E-05  1.363E-05  1.321E-05  1.265E-05  1.185E-05
  1.391E-05  1.357E-05  1.315E-05  1.260E-05  1.180E-05
  1.382E-05  1.348E-05  1.307E-05  1.252E-05  1.173E-05
  1.374E-05  1.341E-05  1.299E-05  1.245E-05  1.166E-05
  1.365E-05  1.332E-05  1.291E-05  1.237E-05  1.159E-05
  1.358E-05  1.325E-05  1.284E-05  1.230E-05  1.154E-05
  1.346E-05  1.313E-05  1.273E-05  1.220E-05  1.145E-05
  1.339E-05  1.307E-05  1.267E-05  1.215E-05  1.140E-05
  1.326E-05  1.295E-05  1.257E-05  1.205E-05  1.132E-05
  1.302E-05  1.273E-05  1.237E-05  1.188E-05  1.120E-05
  1.313E-05  1.282E-05  1.243E-05  1.192E-05  1.120E-05
  1.308E-05  1.276E-05  1.237E-05  1.186E-05  1.114E-05
  1.300E-05  1.269E-05  1.230E-05  1.179E-05  1.108E-05
  1.292E-05  1.261E-05  1.223E-05  1.172E-05  1.102E-05
  1.281E-05  1.250E-05  1.212E-05  1.162E-05  1.093E-05
  1.277E-05  1.246E-05  1.208E-05  1.159E-05  1.089E-05
  1.268E-05  1.237E-05  1.200E-05  1.151E-05  1.082E-05
  1.262E-05  1.231E-05  1.194E-05  1.145E-05  1.077E-05
  1.254E-05  1.224E-05  1.187E-05  1.139E-05  1.071E-05
  1.247E-05  1.217E-05  1.180E-05  1.132E-05  1.065E-05
  1.240E-05  1.210E-05  1.174E-05  1.126E-05  1.060E-05
  1.230E-05  1.201E-05  1.165E-05  1.118E-05  1.053E-05
  1.223E-05  1.194E-05  1.158E-05  1.112E-05  1.047E-05
  1.217E-05  1.189E-05  1.153E-05  1.107E-05  1.042E-05
  1.208E-05  1.180E-05  1.145E-05  1.099E-05  1.036E-05
  1.181E-05  1.156E-05  1.124E-05  1.082E-05  1.025E-05
  1.185E-05  1.159E-05  1.127E-05  1.083E-05  1.024E-05
  1.188E-05  1.160E-05  1.126E-05  1.081E-05  1.020E-05
  1.180E-05  1.153E-05  1.119E-05  1.074E-05  1.013E-05
  1.176E-05  1.149E-05  1.115E-05  1.070E-05  1.009E-05
  1.167E-05  1.140E-05  1.106E-05  1.062E-05  1.002E-05
  1.161E-05  1.134E-05  1.100E-05  1.057E-05  9.976E-06
  1.156E-05  1.129E-05  1.096E-05  1.053E-05  9.934E-06
  1.142E-05  1.116E-05  1.083E-05  1.041E-05  9.847E-06
  1.142E-05  1.115E-05  1.083E-05  1.040E-05  9.824E-06
  1.136E-05  1.110E-05  1.077E-05  1.035E-05  9.775E-06
  1.130E-05  1.104E-05  1.072E-05  1.030E-05  9.726E-06
  1.120E-05  1.094E-05  1.063E-05  1.022E-05  9.661E-06
  1.116E-05  1.090E-05  1.059E-05  1.017E-05  9.617E-06
  1.110E-05  1.084E-05  1.053E-05  1.012E-05  9.570E-06
  1.104E-05  1.079E-05  1.048E-05  1.007E-05  9.522E-06
  1.099E-05  1.074E-05  1.043E-05  1.002E-05  9.479E-06
  1.088E-05  1.063E-05  1.033E-05  9.931E-06  9.398E-06
  1.077E-05  1.053E-05  1.022E-05  9.829E-06  9.304E-06
  1.065E-05  1.041E-05  1.011E-05  9.720E-06  9.207E-06
  1.053E-05  1.029E-05  9.996E-06  9.616E-06  9.113E-06
  1.024E-05  1.003E-05  9.767E-06  9.428E-06  8.981E-06
  1.026E-05  1.003E-05  9.755E-06  9.395E-06  8.921E-06
  1.016E-05  9.935E-06  9.656E-06  9.298E-06  8.828E-06
  1.008E-05  9.852E-06  9.573E-06  9.216E-06  8.750E-06
  9.957E-06  9.734E-06  9.461E-06  9.111E-06  8.658E-06
  9.843E-06  9.623E-06  9.355E-06  9.012E-06  8.568E-06
  9.729E-06  9.513E-06  9.249E-06  8.913E-06  8.480E-06
  9.658E-06  9.443E-06  9.179E-06  8.843E-06  8.411E-06
  9.567E-06  9.354E-06  9.093E-06  8.760E-06  8.333E-06
  9.461E-06  9.251E-06  8.994E-06  8.667E-06  8.250E-06
  9.365E-06  9.158E-06  8.904E-06  8.582E-06  8.172E-06
  9.271E-06  9.067E-06  8.816E-06  8.499E-06  8.095E-06
  9.165E-06  8.963E-06  8.717E-06  8.406E-06  8.012E-06
  9.081E-06  8.882E-06  8.638E-06  8.331E-06  7.941E-06
  8.981E-06  8.785E-06  8.545E-06  8.244E-06  7.863E-06
  8.889E-06  8.695E-06  8.459E-06  8.162E-06  7.788E-06
  8.815E-06  8.624E-06  8.389E-06  8.094E-06  7.724E-06
  8.726E-06  8.537E-06  8.306E-06  8.015E-06  7.651E-06
  8.609E-06  8.423E-06  8.197E-06  7.915E-06  7.566E-06
  8.523E-06  8.340E-06  8.119E-06  7.842E-06  7.498E-06
  8.408E-06  8.230E-06  8.013E-06  7.746E-06  7.416E-06
  8.330E-06  8.152E-06  7.937E-06  7.673E-06  7.349E-06
  8.217E-06  8.051E-06  7.849E-06  7.599E-06  7.287E-06
  8.051E-06  7.894E-06  7.704E-06  7.472E-06  7.187E-06
  8.111E-06  7.939E-06  7.731E-06  7.475E-06  7.162E-06
  8.033E-06  7.863E-06  7.657E-06  7.405E-06  7.098E-06
  7.959E-06  7.790E-06  7.587E-06  7.338E-06  7.035E-06
  7.897E-06  7.730E-06  7.529E-06  7.281E-06  6.980E-06
  7.829E-06  7.664E-06  7.464E-06  7.219E-06  6.922E-06
  7.740E-06  7.577E-06  7.382E-06  7.143E-06  6.855E-06
  7.661E-06  7.501E-06  7.308E-06  7.073E-06  6.792E-06
  7.603E-06  7.445E-06  7.254E-06  7.020E-06  6.739E-06
  7.536E-06  7.379E-06  7.190E-06  6.959E-06  6.682E-06
  7.447E-06  7.292E-06  7.107E-06  6.882E-06  6.615E-06
  7.395E-06  7.241E-06  7.057E-06  6.833E-06  6.565E-06
  7.295E-06  7.145E-06  6.967E-06  6.751E-06  6.496E-06
  7.234E-06  7.087E-06  6.911E-06  6.698E-06  6.445E-06
  7.184E-06  7.037E-06  6.862E-06  6.650E-06  6.398E-06
  6.992E-06  6.869E-06  6.721E-06  6.541E-06  6.319E-06
  7.047E-06  6.904E-06  6.734E-06  6.529E-06  6.287E-06
  6.990E-06  6.848E-06  6.679E-06  6.476E-06  6.236E-06
  6.936E-06  6.795E-06  6.627E-06  6.425E-06  6.187E-06
  6.880E-06  6.741E-06  6.574E-06  6.375E-06  6.139E-06
  6.802E-06  6.666E-06  6.503E-06  6.310E-06  6.081E-06
  6.737E-06  6.603E-06  6.443E-06  6.254E-06  6.032E-06
  6.686E-06  6.553E-06  6.395E-06  6.206E-06  5.984E-06
  6.604E-06  6.474E-06  6.320E-06  6.138E-06  5.925E-06
  6.586E-06  6.454E-06  6.297E-06  6.110E-06  5.892E-06
  6.516E-06  6.386E-06  6.233E-06  6.051E-06  5.839E-06
  6.468E-06  6.339E-06  6.187E-06  6.006E-06  5.795E-06
  6.399E-06  6.271E-06  6.121E-06  5.944E-06  5.737E-06
  6.329E-06  6.204E-06  6.056E-06  5.883E-06  5.682E-06
  6.271E-06  6.148E-06  6.004E-06  5.835E-06  5.639E-06
  6.197E-06  6.075E-06  5.934E-06  5.770E-06  5.580E-06
  6.113E-06  5.997E-06  5.863E-06  5.708E-06  5.527E-06
  6.089E-06  5.973E-06  5.837E-06  5.679E-06  5.495E-06
  6.012E-06  5.897E-06  5.763E-06  5.610E-06  5.432E-06
  5.975E-06  5.861E-06  5.729E-06  5.575E-06  5.398E-06
  5.931E-06  5.818E-06  5.687E-06  5.535E-06  5.360E-06
  5.869E-06  5.757E-06  5.627E-06  5.478E-06  5.306E-06
  5.832E-06  5.721E-06  5.593E-06  5.445E-06  5.274E-06
  5.781E-06  5.672E-06  5.546E-06  5.400E-06  5.233E-06
  5.724E-06  5.616E-06  5.492E-06  5.349E-06  5.184E-06
  5.685E-06  5.578E-06  5.455E-06  5.314E-06  5.151E-06
  5.641E-06  5.536E-06  5.414E-06  5.275E-06  5.114E-06
  5.585E-06  5.481E-06  5.361E-06  5.224E-06  5.067E-06
  5.551E-06  5.448E-06  5.329E-06  5.193E-06  5.036E-06
  5.505E-06  5.403E-06  5.286E-06  5.152E-06  4.998E-06
  5.372E-06  5.288E-06  5.192E-06  5.081E-06  4.945E-06
  5.386E-06  5.292E-06  5.184E-06  5.063E-06  4.920E-06
  5.381E-06  5.283E-06  5.169E-06  5.041E-06  4.892E-06
  5.341E-06  5.242E-06  5.129E-06  5.002E-06  4.855E-06
  5.307E-06  5.209E-06  5.097E-06  4.970E-06  4.824E-06
  5.264E-06  5.167E-06  5.056E-06  4.931E-06  4.788E-06
  5.221E-06  5.125E-06  5.016E-06  4.893E-06  4.752E-06
  5.184E-06  5.089E-06  4.981E-06  4.859E-06  4.719E-06
  5.139E-06  5.045E-06  4.939E-06  4.819E-06  4.682E-06
  5.106E-06  5.013E-06  4.908E-06  4.789E-06  4.653E-06
  5.062E-06  4.970E-06  4.867E-06  4.750E-06  4.617E-06
  5.024E-06  4.934E-06  4.831E-06  4.716E-06  4.584E-06
  4.988E-06  4.898E-06  4.797E-06  4.683E-06  4.552E-06
  4.950E-06  4.862E-06  4.762E-06  4.650E-06  4.520E-06
  4.913E-06  4.825E-06  4.726E-06  4.616E-06  4.488E-06
  4.872E-06  4.786E-06  4.689E-06  4.580E-06  4.455E-06
  4.837E-06  4.752E-06  4.656E-06  4.548E-06  4.424E-06
  4.807E-06  4.722E-06  4.627E-06  4.520E-06  4.396E-06
  4.764E-06  4.681E-06  4.587E-06  4.483E-06  4.362E-06
  4.735E-06  4.652E-06  4.559E-06  4.455E-06  4.335E-06
  4.694E-06  4.612E-06  4.521E-06  4.419E-06  4.301E-06
  4.661E-06  4.580E-06  4.490E-06  4.389E-06  4.273E-06
  4.628E-06  4.548E-06  4.459E-06  4.360E-06  4.245E-06
  4.585E-06  4.507E-06  4.421E-06  4.325E-06  4.213E-06
  4.524E-06  4.453E-06  4.373E-06  4.285E-06  4.179E-06
  4.525E-06  4.448E-06  4.362E-06  4.268E-06  4.157E-06
  4.498E-06  4.421E-06  4.336E-06  4.241E-06  4.132E-06
  4.462E-06  4.387E-06  4.303E-06  4.210E-06  4.101E-06
  4.427E-06  4.352E-06  4.270E-06  4.178E-06  4.072E-06
  4.395E-06  4.321E-06  4.240E-06  4.150E-06  4.044E-06
  4.369E-06  4.295E-06  4.214E-06  4.124E-06  4.020E-06
  4.339E-06  4.266E-06  4.186E-06  4.097E-06  3.994E-06
  4.304E-06  4.232E-06  4.153E-06  4.066E-06  3.964E-06
  4.276E-06  4.205E-06  4.127E-06  4.041E-06  3.940E-06
  4.245E-06  4.175E-06  4.098E-06  4.013E-06  3.913E-06
  4.216E-06  4.147E-06  4.070E-06  3.986E-06  3.888E-06
  4.180E-06  4.112E-06  4.038E-06  3.956E-06  3.860E-06
  4.156E-06  4.089E-06  4.014E-06  3.933E-06  3.837E-06
  4.131E-06  4.063E-06  3.989E-06  3.908E-06  3.813E-06
  4.095E-06  4.029E-06  3.957E-06  3.878E-06  3.784E-06
  4.074E-06  4.008E-06  3.936E-06  3.857E-06  3.763E-06
  4.040E-06  3.976E-06  3.905E-06  3.828E-06  3.736E-06
  4.016E-06  3.952E-06  3.881E-06  3.804E-06  3.713E-06
  3.991E-06  3.928E-06  3.858E-06  3.782E-06  3.691E-06
  3.963E-06  3.900E-06  3.832E-06  3.757E-06  3.667E-06
  3.936E-06  3.874E-06  3.806E-06  3.732E-06  3.643E-06
  3.913E-06  3.851E-06  3.784E-06  3.710E-06  3.622E-06
  3.875E-06  3.815E-06  3.750E-06  3.679E-06  3.593E-06
  3.859E-06  3.799E-06  3.733E-06  3.661E-06  3.575E-06
  3.831E-06  3.771E-06  3.706E-06  3.636E-06  3.551E-06
  3.810E-06  3.751E-06  3.686E-06  3.616E-06  3.531E-06
  3.785E-06  3.726E-06  3.662E-06  3.593E-06  3.509E-06
  3.755E-06  3.697E-06  3.635E-06  3.567E-06  3.485E-06
  3.731E-06  3.675E-06  3.613E-06  3.546E-06  3.465E-06
  3.710E-06  3.653E-06  3.592E-06  3.525E-06  3.444E-06
  3.685E-06  3.629E-06  3.568E-06  3.502E-06  3.422E-06
  3.660E-06  3.605E-06  3.545E-06  3.480E-06  3.401E-06
  3.636E-06  3.582E-06  3.522E-06  3.458E-06  3.380E-06
  3.613E-06  3.559E-06  3.500E-06  3.437E-06  3.359E-06
  3.591E-06  3.537E-06  3.479E-06  3.416E-06  3.339E-06
  3.568E-06  3.515E-06  3.458E-06  3.395E-06  3.319E-06
  3.543E-06  3.491E-06  3.434E-06  3.373E-06  3.298E-06
  3.513E-06  3.462E-06  3.408E-06  3.349E-06  3.275E-06
  3.468E-06  3.424E-06  3.376E-06  3.322E-06  3.252E-06
  3.475E-06  3.425E-06  3.371E-06  3.312E-06  3.239E-06
  3.445E-06  3.396E-06  3.343E-06  3.286E-06  3.215E-06
  3.431E-06  3.382E-06  3.329E-06  3.271E-06  3.200E-06
  3.411E-06  3.362E-06  3.309E-06  3.252E-06  3.181E-06
  3.387E-06  3.339E-06  3.287E-06  3.230E-06  3.161E-06
  3.369E-06  3.321E-06  3.269E-06  3.213E-06  3.143E-06
  3.349E-06  3.301E-06  3.249E-06  3.194E-06  3.125E-06
  3.326E-06  3.279E-06  3.228E-06  3.173E-06  3.105E-06
  3.303E-06  3.257E-06  3.207E-06  3.153E-06  3.086E-06
  3.279E-06  3.234E-06  3.185E-06  3.132E-06  3.066E-06
  3.264E-06  3.219E-06  3.170E-06  3.117E-06  3.051E-06
  3.246E-06  3.201E-06  3.152E-06  3.099E-06  3.034E-06
  3.225E-06  3.181E-06  3.133E-06  3.081E-06  3.016E-06
  3.206E-06  3.162E-06  3.114E-06  3.063E-06  2.998E-06
  3.187E-06  3.143E-06  3.096E-06  3.045E-06  2.981E-06
  3.159E-06  3.117E-06  3.072E-06  3.022E-06  2.960E-06
  3.145E-06  3.102E-06  3.057E-06  3.008E-06  2.945E-06
  3.126E-06  3.084E-06  3.039E-06  2.990E-06  2.928E-06
  3.104E-06  3.063E-06  3.020E-06  2.972E-06  2.911E-06
  3.085E-06  3.044E-06  3.001E-06  2.954E-06  2.893E-06
  3.073E-06  3.032E-06  2.988E-06  2.940E-06  2.879E-06
  3.054E-06  3.013E-06  2.970E-06  2.923E-06  2.863E-06
  3.035E-06  2.995E-06  2.952E-06  2.905E-06  2.846E-06
  3.017E-06  2.977E-06  2.935E-06  2.889E-06  2.830E-06
  2.991E-06  2.952E-06  2.910E-06  2.865E-06  2.806E-06
  2.954E-06  2.916E-06  2.875E-06  2.831E-06  2.774E-06
  2.919E-06  2.881E-06  2.842E-06  2.798E-06  2.742E-06
  2.888E-06  2.851E-06  2.811E-06  2.769E-06  2.713E-06
  2.854E-06  2.818E-06  2.780E-06  2.738E-06  2.683E-06
  2.821E-06  2.786E-06  2.748E-06  2.707E-06  2.653E-06
  2.790E-06  2.755E-06  2.718E-06  2.678E-06  2.625E-06
  2.757E-06  2.723E-06  2.687E-06  2.648E-06  2.596E-06
  2.724E-06  2.691E-06  2.657E-06  2.618E-06  2.567E-06
  2.692E-06  2.660E-06  2.627E-06  2.589E-06  2.539E-06
  2.665E-06  2.633E-06  2.600E-06  2.562E-06  2.513E-06
  2.636E-06  2.605E-06  2.571E-06  2.535E-06  2.486E-06
  2.607E-06  2.576E-06  2.544E-06  2.508E-06  2.460E-06
  2.577E-06  2.547E-06  2.516E-06  2.481E-06  2.433E-06
  2.550E-06  2.521E-06  2.490E-06  2.455E-06  2.408E-06
  2.520E-06  2.492E-06  2.462E-06  2.428E-06  2.382E-06
  2.495E-06  2.467E-06  2.437E-06  2.403E-06  2.358E-06
  2.469E-06  2.441E-06  2.411E-06  2.378E-06  2.334E-06
  2.442E-06  2.415E-06  2.386E-06  2.354E-06  2.310E-06
  2.416E-06  2.389E-06  2.361E-06  2.329E-06  2.286E-06
  2.390E-06  2.364E-06  2.336E-06  2.305E-06  2.263E-06
  2.365E-06  2.339E-06  2.312E-06  2.282E-06  2.240E-06
  2.341E-06  2.316E-06  2.289E-06  2.259E-06  2.217E-06
  2.315E-06  2.291E-06  2.265E-06  2.235E-06  2.195E-06
  2.293E-06  2.268E-06  2.243E-06  2.213E-06  2.173E-06
  2.268E-06  2.244E-06  2.219E-06  2.191E-06  2.151E-06
  2.232E-06  2.211E-06  2.189E-06  2.163E-06  2.125E-06
  2.210E-06  2.191E-06  2.169E-06  2.143E-06  2.105E-06
  2.199E-06  2.177E-06  2.153E-06  2.126E-06  2.088E-06
  2.178E-06  2.156E-06  2.133E-06  2.106E-06  2.068E-06
  2.156E-06  2.135E-06  2.112E-06  2.085E-06  2.048E-06
  2.135E-06  2.114E-06  2.091E-06  2.065E-06  2.028E-06
  2.113E-06  2.092E-06  2.070E-06  2.044E-06  2.008E-06
  2.093E-06  2.073E-06  2.051E-06  2.025E-06  1.990E-06
  2.072E-06  2.052E-06  2.031E-06  2.006E-06  1.971E-06
  2.052E-06  2.032E-06  2.011E-06  1.987E-06  1.952E-06
  2.032E-06  2.013E-06  1.992E-06  1.968E-06  1.934E-06
  2.013E-06  1.994E-06  1.973E-06  1.949E-06  1.916E-06
  1.993E-06  1.975E-06  1.954E-06  1.931E-06  1.898E-06
  1.974E-06  1.956E-06  1.936E-06  1.913E-06  1.880E-06
  1.955E-06  1.937E-06  1.917E-06  1.895E-06  1.862E-06
  1.936E-06  1.918E-06  1.899E-06  1.877E-06  1.845E-06
  1.919E-06  1.901E-06  1.882E-06  1.860E-06  1.828E-06
  1.899E-06  1.882E-06  1.864E-06  1.842E-06  1.811E-06
  1.882E-06  1.865E-06  1.847E-06  1.826E-06  1.795E-06
  1.865E-06  1.849E-06  1.831E-06  1.809E-06  1.779E-06
  1.848E-06  1.832E-06  1.814E-06  1.793E-06  1.763E-06
  1.831E-06  1.815E-06  1.798E-06  1.777E-06  1.747E-06
  1.813E-06  1.798E-06  1.781E-06  1.760E-06  1.731E-06
  1.797E-06  1.782E-06  1.765E-06  1.745E-06  1.716E-06
  1.781E-06  1.766E-06  1.749E-06  1.729E-06  1.701E-06
  1.765E-06  1.750E-06  1.734E-06  1.714E-06  1.686E-06
  1.749E-06  1.735E-06  1.718E-06  1.699E-06  1.671E-06
  1.734E-06  1.719E-06  1.703E-06  1.684E-06  1.656E-06
  1.718E-06  1.704E-06  1.688E-06  1.669E-06  1.642E-06
  1.703E-06  1.689E-06  1.673E-06  1.655E-06  1.628E-06
  1.688E-06  1.674E-06  1.658E-06  1.640E-06  1.613E-06
  1.673E-06  1.659E-06  1.644E-06  1.626E-06  1.600E-06
  1.657E-06  1.644E-06  1.629E-06  1.611E-06  1.585E-06
  1.642E-06  1.630E-06  1.615E-06  1.598E-06  1.572E-06
  1.629E-06  1.616E-06  1.602E-06  1.584E-06  1.559E-06
  1.615E-06  1.602E-06  1.588E-06  1.571E-06  1.546E-06
  1.601E-06  1.589E-06  1.575E-06  1.558E-06  1.533E-06
  1.588E-06  1.575E-06  1.562E-06  1.545E-06  1.520E-06
  1.574E-06  1.562E-06  1.548E-06  1.531E-06  1.507E-06
  1.561E-06  1.549E-06  1.535E-06  1.519E-06  1.495E-06
  1.548E-06  1.536E-06  1.523E-06  1.506E-06  1.483E-06
  1.534E-06  1.523E-06  1.510E-06  1.493E-06  1.470E-06
  1.522E-06  1.510E-06  1.497E-06  1.481E-06  1.458E-06
  1.509E-06  1.498E-06  1.485E-06  1.469E-06  1.446E-06
  1.497E-06  1.486E-06  1.473E-06  1.457E-06  1.434E-06
  1.484E-06  1.473E-06  1.461E-06  1.445E-06  1.423E-06
  1.472E-06  1.461E-06  1.449E-06  1.434E-06  1.411E-06
  1.460E-06  1.449E-06  1.437E-06  1.422E-06  1.400E-06
  1.448E-06  1.437E-06  1.425E-06  1.410E-06  1.388E-06
  1.436E-06  1.426E-06  1.414E-06  1.399E-06  1.378E-06
  1.425E-06  1.414E-06  1.403E-06  1.388E-06  1.367E-06
  1.413E-06  1.403E-06  1.391E-06  1.377E-06  1.356E-06
  1.402E-06  1.392E-06  1.380E-06  1.366E-06  1.345E-06
  1.391E-06  1.381E-06  1.369E-06  1.355E-06  1.334E-06
  1.379E-06  1.370E-06  1.358E-06  1.344E-06  1.324E-06
  1.369E-06  1.359E-06  1.348E-06  1.334E-06  1.314E-06
  1.358E-06  1.348E-06  1.337E-06  1.324E-06  1.304E-06
  1.346E-06  1.337E-06  1.326E-06  1.313E-06  1.293E-06
  1.336E-06  1.327E-06  1.316E-06  1.303E-06  1.283E-06
  1.326E-06  1.317E-06  1.306E-06  1.293E-06  1.273E-06
  1.316E-06  1.307E-06  1.296E-06  1.283E-06  1.264E-06
  1.306E-06  1.297E-06  1.286E-06  1.273E-06  1.254E-06
  1.295E-06  1.286E-06  1.276E-06  1.263E-06  1.244E-06
  1.286E-06  1.277E-06  1.267E-06  1.254E-06  1.235E-06
  1.276E-06  1.267E-06  1.257E-06  1.244E-06  1.226E-06
  3.322E-07  3.307E-07  3.290E-07  3.269E-07  3.237E-07
  8.416E-08  8.392E-08  8.364E-08  8.328E-08  8.275E-08
  3.750E-08  3.742E-08  3.732E-08  3.719E-08  3.699E-08
  2.111E-08  2.107E-08  2.102E-08  2.095E-08  2.085E-08
  1.351E-08  1.348E-08  1.345E-08  1.341E-08  1.336E-08
  9.376E-09  9.360E-09  9.341E-09  9.316E-09  9.284E-09
  6.884E-09  6.874E-09  6.861E-09  6.845E-09  6.826E-09
  5.268E-09  5.260E-09  5.251E-09  5.241E-09  5.230E-09
