  6.651-175  5.616-175  4.581-175  3.545-175  2.510-175
  4.651-170  3.955-170  3.260-170  2.564-170  1.869-170
  1.782-165  1.527-165  1.271-165  1.016-165  7.608-166
  8.923-163  7.680-163  6.437-163  5.194-163  3.951-163
  1.107-159  9.581-160  8.091-160  6.601-160  5.112-160
  6.129-156  5.342-156  4.554-156  3.767-156  2.979-156
  3.032-153  2.656-153  2.281-153  1.905-153  1.529-153
  1.215-150  1.070-150  9.248-151  7.798-151  6.347-151
  1.027-147  9.097-148  7.925-148  6.753-148  5.581-148
  4.092-144  3.652-144  3.212-144  2.772-144  2.332-144
  1.406-139  1.267-139  1.128-139  9.891-140  8.500-140
  4.333-135  3.942-135  3.551-135  3.160-135  2.769-135
  3.337-131  3.060-131  2.784-131  2.508-131  2.232-131
  1.558-127  1.440-127  1.322-127  1.204-127  1.086-127
  3.120-125  2.897-125  2.674-125  2.451-125  2.228-125
  5.737-124  5.341-124  4.944-124  4.548-124  4.151-124
  5.603-122  5.236-122  4.869-122  4.503-122  4.136-122
  3.121-120  2.927-120  2.732-120  2.538-120  2.343-120
  6.884-119  6.471-119  6.059-119  5.646-119  5.233-119
  1.520-116  1.435-116  1.350-116  1.265-116  1.180-116
  6.969-114  6.610-114  6.251-114  5.892-114  5.534-114
  4.148-111  3.953-111  3.758-111  3.563-111  3.368-111
  3.584-108  3.431-108  3.279-108  3.126-108  2.974-108
  1.861-105  1.789-105  1.717-105  1.645-105  1.574-105
  1.307-102  1.261-102  1.216-102  1.171-102  1.125-102
  2.730-100  2.643-100  2.556-100  2.470-100  2.383-100
  2.580E-98  2.504E-98  2.428E-98  2.353E-98  2.277E-98
  5.938E-96  5.780E-96  5.621E-96  5.463E-96  5.305E-96
  1.545E-93  1.507E-93  1.470E-93  1.433E-93  1.396E-93
  7.170E-92  7.009E-92  6.849E-92  6.688E-92  6.528E-92
  4.131E-90  4.046E-90  3.960E-90  3.875E-90  3.789E-90
  2.042E-88  2.002E-88  1.963E-88  1.924E-88  1.885E-88
  1.089E-87  1.069E-87  1.049E-87  1.028E-87  1.008E-87
  1.265E-85  1.243E-85  1.222E-85  1.201E-85  1.179E-85
  1.946E-83  1.916E-83  1.887E-83  1.857E-83  1.828E-83
  3.397E-82  3.348E-82  3.300E-82  3.252E-82  3.203E-82
  2.433E-80  2.401E-80  2.370E-80  2.338E-80  2.307E-80
  5.402E-79  5.337E-79  5.272E-79  5.206E-79  5.141E-79
  9.096E-78  8.993E-78  8.889E-78  8.786E-78  8.683E-78
  9.522E-76  9.425E-76  9.329E-76  9.232E-76  9.135E-76
  9.183E-74  9.099E-74  9.016E-74  8.932E-74  8.848E-74
  1.455E-72  1.442E-72  1.430E-72  1.418E-72  1.405E-72
  1.572E-71  1.560E-71  1.547E-71  1.534E-71  1.522E-71
  2.432E-70  2.414E-70  2.395E-70  2.377E-70  2.359E-70
  2.274E-69  2.258E-69  2.242E-69  2.226E-69  2.210E-69
  3.411E-68  3.388E-68  3.366E-68  3.343E-68  3.321E-68
  1.670E-66  1.660E-66  1.650E-66  1.640E-66  1.630E-66
  9.117E-65  9.068E-65  9.019E-65  8.971E-65  8.922E-65
  2.874E-63  2.860E-63  2.846E-63  2.832E-63  2.818E-63
  3.395E-62  3.380E-62  3.364E-62  3.349E-62  3.334E-62
  1.940E-61  1.932E-61  1.923E-61  1.915E-61  1.906E-61
  1.614E-60  1.607E-60  1.601E-60  1.594E-60  1.588E-60
  1.621E-59  1.615E-59  1.609E-59  1.603E-59  1.597E-59
  1.924E-58  1.917E-58  1.910E-58  1.903E-58  1.897E-58
  2.087E-57  2.080E-57  2.073E-57  2.066E-57  2.059E-57
  2.605E-56  2.597E-56  2.589E-56  2.581E-56  2.573E-56
  3.662E-55  3.652E-55  3.642E-55  3.632E-55  3.622E-55
  4.621E-54  4.609E-54  4.597E-54  4.585E-54  4.573E-54
  3.534E-53  3.526E-53  3.517E-53  3.509E-53  3.500E-53
  5.452E-52  5.440E-52  5.428E-52  5.416E-52  5.404E-52
  2.199E-50  2.194E-50  2.190E-50  2.186E-50  2.182E-50
  7.059E-49  7.047E-49  7.034E-49  7.022E-49  7.010E-49
  1.841E-47  1.838E-47  1.835E-47  1.832E-47  1.830E-47
  3.970E-46  3.965E-46  3.959E-46  3.954E-46  3.948E-46
  5.426E-45  5.419E-45  5.412E-45  5.406E-45  5.399E-45
  6.508E-44  6.501E-44  6.494E-44  6.486E-44  6.479E-44
  6.917E-43  6.910E-43  6.903E-43  6.896E-43  6.889E-43
  8.382E-42  8.374E-42  8.366E-42  8.359E-42  8.351E-42
  8.934E-41  8.926E-41  8.919E-41  8.912E-41  8.904E-41
  8.456E-40  8.450E-40  8.444E-40  8.437E-40  8.431E-40
  5.818E-39  5.814E-39  5.810E-39  5.806E-39  5.802E-39
  3.011E-38  3.009E-38  3.007E-38  3.005E-38  3.004E-38
  1.465E-37  1.464E-37  1.463E-37  1.462E-37  1.461E-37
  1.172E-36  1.171E-36  1.171E-36  1.170E-36  1.169E-36
  7.098E-36  7.094E-36  7.090E-36  7.087E-36  7.083E-36
  3.353E-35  3.352E-35  3.350E-35  3.349E-35  3.347E-35
  1.753E-34  1.753E-34  1.752E-34  1.751E-34  1.750E-34
  8.547E-34  8.543E-34  8.540E-34  8.536E-34  8.533E-34
  3.900E-33  3.899E-33  3.897E-33  3.896E-33  3.894E-33
  1.673E-32  1.672E-32  1.672E-32  1.671E-32  1.671E-32
  3.898E-32  3.897E-32  3.895E-32  3.893E-32  3.892E-32
  8.900E-32  8.896E-32  8.892E-32  8.887E-32  8.883E-32
  2.595E-31  2.594E-31  2.592E-31  2.591E-31  2.590E-31
  9.437E-31  9.433E-31  9.429E-31  9.425E-31  9.422E-31
  3.268E-30  3.267E-30  3.266E-30  3.265E-30  3.264E-30
  1.081E-29  1.081E-29  1.080E-29  1.080E-29  1.079E-29
  3.422E-29  3.421E-29  3.420E-29  3.419E-29  3.418E-29
  1.039E-28  1.039E-28  1.039E-28  1.039E-28  1.038E-28
  3.036E-28  3.035E-28  3.034E-28  3.033E-28  3.033E-28
  8.543E-28  8.541E-28  8.539E-28  8.537E-28  8.534E-28
  2.321E-27  2.320E-27  2.320E-27  2.319E-27  2.318E-27
  6.096E-27  6.094E-27  6.093E-27  6.092E-27  6.090E-27
  1.551E-26  1.550E-26  1.550E-26  1.550E-26  1.549E-26
  3.827E-26  3.826E-26  3.826E-26  3.825E-26  3.824E-26
  9.176E-26  9.174E-26  9.172E-26  9.170E-26  9.169E-26
  2.140E-25  2.139E-25  2.139E-25  2.139E-25  2.138E-25
  4.133E-25  4.133E-25  4.132E-25  4.131E-25  4.131E-25
  7.256E-25  7.255E-25  7.254E-25  7.253E-25  7.251E-25
  1.588E-24  1.588E-24  1.587E-24  1.587E-24  1.587E-24
  3.394E-24  3.393E-24  3.393E-24  3.392E-24  3.392E-24
  7.092E-24  7.091E-24  7.091E-24  7.090E-24  7.089E-24
  1.451E-23  1.450E-23  1.450E-23  1.450E-23  1.450E-23
  3.112E-23  3.112E-23  3.112E-23  3.111E-23  3.111E-23
  6.102E-23  6.102E-23  6.101E-23  6.100E-23  6.099E-23
  1.101E-22  1.101E-22  1.100E-22  1.100E-22  1.100E-22
  2.083E-22  2.083E-22  2.083E-22  2.083E-22  2.083E-22
  3.876E-22  3.875E-22  3.875E-22  3.874E-22  3.874E-22
  7.090E-22  7.089E-22  7.088E-22  7.088E-22  7.087E-22
  1.276E-21  1.276E-21  1.276E-21  1.276E-21  1.276E-21
  2.262E-21  2.262E-21  2.262E-21  2.261E-21  2.261E-21
  3.950E-21  3.950E-21  3.949E-21  3.949E-21  3.949E-21
  6.800E-21  6.800E-21  6.799E-21  6.798E-21  6.798E-21
  1.155E-20  1.154E-20  1.154E-20  1.154E-20  1.154E-20
  1.934E-20  1.934E-20  1.934E-20  1.934E-20  1.934E-20
  3.200E-20  3.200E-20  3.200E-20  3.199E-20  3.199E-20
  5.229E-20  5.228E-20  5.228E-20  5.228E-20  5.227E-20
  8.442E-20  8.441E-20  8.441E-20  8.440E-20  8.440E-20
  1.347E-19  1.347E-19  1.347E-19  1.347E-19  1.347E-19
  2.127E-19  2.127E-19  2.127E-19  2.127E-19  2.127E-19
  3.322E-19  3.322E-19  3.322E-19  3.321E-19  3.321E-19
  5.135E-19  5.134E-19  5.134E-19  5.134E-19  5.134E-19
  7.858E-19  7.857E-19  7.857E-19  7.856E-19  7.856E-19
  1.197E-18  1.193E-18  1.191E-18  1.191E-18  1.191E-18
  1.806E-18  1.794E-18  1.789E-18  1.788E-18  1.787E-18
  2.693E-18  2.676E-18  2.668E-18  2.664E-18  2.662E-18
  3.957E-18  3.935E-18  3.926E-18  3.924E-18  3.924E-18
  5.805E-18  5.767E-18  5.751E-18  5.745E-18  5.742E-18
  8.403E-18  8.350E-18  8.328E-18  8.323E-18  8.322E-18
  1.208E-17  1.201E-17  1.198E-17  1.197E-17  1.197E-17
  1.729E-17  1.718E-17  1.714E-17  1.712E-17  1.712E-17
  2.449E-17  2.434E-17  2.428E-17  2.427E-17  2.426E-17
  3.446E-17  3.425E-17  3.416E-17  3.414E-17  3.413E-17
  4.810E-17  4.782E-17  4.770E-17  4.767E-17  4.765E-17
  6.669E-17  6.637E-17  6.624E-17  6.621E-17  6.620E-17
  9.213E-17  9.159E-17  9.136E-17  9.130E-17  9.127E-17
  1.262E-16  1.254E-16  1.251E-16  1.251E-16  1.250E-16
  1.716E-16  1.707E-16  1.704E-16  1.703E-16  1.702E-16
  2.322E-16  2.310E-16  2.305E-16  2.304E-16  2.304E-16
  3.125E-16  3.108E-16  3.101E-16  3.099E-16  3.099E-16
  4.182E-16  4.158E-16  4.148E-16  4.146E-16  4.145E-16
  5.555E-16  5.527E-16  5.516E-16  5.513E-16  5.513E-16
  9.201E-16  8.541E-16  7.986E-16  7.565E-16  7.326E-16
  1.709E-15  1.475E-15  1.263E-15  1.087E-15  9.766E-16
  2.398E-15  2.048E-15  1.727E-15  1.457E-15  1.284E-15
  3.362E-15  2.834E-15  2.349E-15  1.939E-15  1.677E-15
  4.346E-15  3.662E-15  3.034E-15  2.505E-15  2.171E-15
  5.289E-15  4.496E-15  3.771E-15  3.164E-15  2.788E-15
  6.836E-15  5.792E-15  4.840E-15  4.049E-15  3.572E-15
  8.703E-15  7.370E-15  6.155E-15  5.150E-15  4.551E-15
  1.031E-14  8.831E-15  7.492E-15  6.405E-15  5.793E-15
  1.059E-14  9.419E-15  8.402E-15  7.642E-15  7.285E-15
  1.195E-14  1.087E-14  9.982E-15  9.393E-15  9.175E-15
  1.163E-14  1.159E-14  1.156E-14  1.155E-14  1.154E-14
  1.753E-14  1.627E-14  1.527E-14  1.465E-14  1.444E-14
  2.691E-14  2.374E-14  2.099E-14  1.897E-14  1.806E-14
  3.522E-14  3.076E-14  2.682E-14  2.376E-14  2.215E-14
  4.352E-14  3.807E-14  3.326E-14  2.953E-14  2.763E-14
  5.108E-14  4.518E-14  4.002E-14  3.609E-14  3.418E-14
  6.258E-14  5.544E-14  4.917E-14  4.440E-14  4.208E-14
  7.484E-14  6.656E-14  5.938E-14  5.404E-14  5.158E-14
  9.072E-14  8.082E-14  7.226E-14  6.591E-14  6.303E-14
  1.056E-13  9.501E-14  8.599E-14  7.951E-14  7.672E-14
  1.280E-13  1.152E-13  1.042E-13  9.641E-14  9.311E-14
  1.484E-13  1.350E-13  1.237E-13  1.158E-13  1.126E-13
  1.747E-13  1.599E-13  1.476E-13  1.391E-13  1.359E-13
  2.077E-13  1.907E-13  1.767E-13  1.671E-13  1.634E-13
  2.470E-13  2.272E-13  2.109E-13  2.000E-13  1.959E-13
  2.883E-13  2.672E-13  2.500E-13  2.385E-13  2.343E-13
  3.378E-13  3.148E-13  2.961E-13  2.838E-13  2.794E-13
  3.959E-13  3.708E-13  3.506E-13  3.372E-13  3.324E-13
  4.640E-13  4.363E-13  4.139E-13  3.994E-13  3.942E-13
  5.522E-13  5.182E-13  4.908E-13  4.728E-13  4.665E-13
  6.471E-13  6.088E-13  5.778E-13  5.576E-13  5.504E-13
  7.597E-13  7.152E-13  6.794E-13  6.561E-13  6.481E-13
  8.901E-13  8.387E-13  7.973E-13  7.704E-13  7.611E-13
  1.019E-12  9.530E-13  8.990E-13  8.632E-13  8.506E-13
  1.071E-12  1.011E-12  9.626E-13  9.311E-13  9.202E-13
  1.217E-12  1.147E-12  1.091E-12  1.055E-12  1.042E-12
  1.428E-12  1.343E-12  1.275E-12  1.231E-12  1.216E-12
  1.610E-12  1.531E-12  1.468E-12  1.428E-12  1.414E-12
  1.885E-12  1.788E-12  1.710E-12  1.660E-12  1.643E-12
  2.220E-12  2.092E-12  1.989E-12  1.924E-12  1.903E-12
  2.591E-12  2.434E-12  2.308E-12  2.227E-12  2.200E-12
  2.734E-12  2.610E-12  2.513E-12  2.453E-12  2.433E-12
  3.073E-12  2.892E-12  2.744E-12  2.647E-12  2.613E-12
  4.104E-12  3.725E-12  3.380E-12  3.099E-12  2.941E-12
  1.211E-11  1.029E-11  8.422E-12  6.519E-12  4.631E-12
  1.336E-11  1.144E-11  9.464E-12  7.445E-12  5.409E-12
  2.032E-11  1.723E-11  1.403E-11  1.069E-11  7.234E-12
  2.040E-11  1.742E-11  1.432E-11  1.110E-11  7.752E-12
  3.377E-11  2.864E-11  2.323E-11  1.749E-11  1.135E-11
  4.111E-11  3.487E-11  2.827E-11  2.123E-11  1.363E-11
  4.763E-11  4.044E-11  3.281E-11  2.463E-11  1.577E-11
  5.372E-11  4.560E-11  3.700E-11  2.778E-11  1.778E-11
  5.999E-11  5.085E-11  4.118E-11  3.087E-11  1.974E-11
  6.856E-11  5.827E-11  4.735E-11  3.565E-11  2.289E-11
  8.074E-11  6.842E-11  5.540E-11  4.149E-11  2.642E-11
  1.110E-10  9.385E-11  7.571E-11  5.621E-11  3.485E-11
  8.018E-11  6.821E-11  5.565E-11  4.238E-11  2.822E-11
  1.337E-10  1.134E-10  9.184E-11  6.865E-11  4.314E-11
  1.015E-10  8.635E-11  7.046E-11  5.360E-11  3.554E-11
  1.457E-10  1.240E-10  1.009E-10  7.593E-11  4.838E-11
  2.463E-10  2.108E-10  1.724E-10  1.299E-10  8.092E-11
  4.130E-10  3.568E-10  2.959E-10  2.271E-10  1.445E-10
  5.728E-10  4.852E-10  3.959E-10  3.002E-10  1.892E-10
  6.815E-10  5.410E-10  4.274E-10  3.194E-10  2.020E-10
  8.558E-10  6.777E-10  5.371E-10  4.026E-10  2.546E-10
  1.147E-09  8.429E-10  6.464E-10  4.801E-10  3.043E-10
  1.512E-09  1.099E-09  8.379E-10  6.215E-10  3.935E-10
  2.347E-09  1.563E-09  1.136E-09  8.317E-10  5.287E-10
  1.681E-09  1.290E-09  1.014E-09  7.686E-10  4.991E-10
  2.205E-09  1.560E-09  1.170E-09  8.658E-10  5.528E-10
  3.137E-09  2.111E-09  1.541E-09  1.131E-09  7.205E-10
  4.239E-09  2.626E-09  1.814E-09  1.306E-09  8.331E-10
  3.936E-09  2.654E-09  1.936E-09  1.424E-09  9.142E-10
  3.344E-09  2.453E-09  1.881E-09  1.409E-09  9.105E-10
  4.033E-09  2.937E-09  2.241E-09  1.681E-09  1.097E-09
  4.498E-09  3.274E-09  2.495E-09  1.870E-09  1.218E-09
  2.777E-09  2.300E-09  1.879E-09  1.451E-09  9.539E-10
  4.912E-09  3.534E-09  2.688E-09  2.023E-09  1.324E-09
  6.873E-09  4.545E-09  3.278E-09  2.413E-09  1.570E-09
  7.367E-09  4.952E-09  3.603E-09  2.666E-09  1.747E-09
  8.117E-09  5.405E-09  3.905E-09  2.883E-09  1.891E-09
  1.012E-08  6.729E-09  4.859E-09  3.589E-09  2.362E-09
  9.411E-09  6.455E-09  4.757E-09  3.544E-09  2.341E-09
  1.052E-08  7.233E-09  5.352E-09  3.997E-09  2.635E-09
  9.052E-09  6.877E-09  5.403E-09  4.142E-09  2.764E-09
  5.233E-09  4.488E-09  3.758E-09  2.967E-09  1.998E-09
  1.292E-08  9.231E-09  6.993E-09  5.292E-09  3.543E-09
  1.383E-08  9.839E-09  7.444E-09  5.631E-09  3.765E-09
  1.834E-08  1.266E-08  9.376E-09  7.034E-09  4.714E-09
  1.654E-08  1.204E-08  9.231E-09  7.037E-09  4.752E-09
  1.669E-08  1.238E-08  9.600E-09  7.359E-09  4.996E-09
  1.939E-08  1.383E-08  1.047E-08  7.942E-09  5.379E-09
  1.937E-08  1.402E-08  1.068E-08  8.132E-09  5.540E-09
  2.244E-08  1.593E-08  1.195E-08  9.030E-09  6.119E-09
  1.692E-08  1.289E-08  1.015E-08  7.855E-09  5.388E-09
  2.628E-08  1.841E-08  1.372E-08  1.037E-08  7.052E-09
  3.082E-08  2.128E-08  1.569E-08  1.179E-08  8.012E-09
  2.991E-08  2.143E-08  1.621E-08  1.232E-08  8.406E-09
  3.015E-08  2.170E-08  1.645E-08  1.252E-08  8.556E-09
  2.812E-08  2.159E-08  1.714E-08  1.336E-08  9.217E-09
  4.261E-08  2.895E-08  2.107E-08  1.576E-08  1.074E-08
  4.352E-08  2.990E-08  2.184E-08  1.638E-08  1.126E-08
  8.554E-08  5.452E-08  3.452E-08  2.248E-08  1.444E-08
  1.852E-07  1.170E-07  6.758E-08  3.639E-08  1.978E-08
  2.634E-07  1.648E-07  9.231E-08  4.676E-08  2.393E-08
  2.180E-07  1.353E-07  7.580E-08  3.937E-08  2.096E-08
  2.286E-07  1.444E-07  8.239E-08  4.306E-08  2.265E-08
  3.304E-07  2.080E-07  1.163E-07  5.780E-08  2.854E-08
  3.242E-07  2.035E-07  1.137E-07  5.680E-08  2.847E-08
  2.623E-07  1.666E-07  9.603E-08  5.101E-08  2.719E-08
  2.723E-07  1.727E-07  9.925E-08  5.270E-08  2.830E-08
  4.058E-07  2.573E-07  1.447E-07  7.178E-08  3.506E-08
  3.924E-07  2.485E-07  1.410E-07  7.223E-08  3.706E-08
  3.655E-07  2.336E-07  1.345E-07  7.026E-08  3.656E-08
  2.491E-07  1.608E-07  9.578E-08  5.395E-08  3.045E-08
  3.563E-07  2.313E-07  1.362E-07  7.317E-08  3.870E-08
  5.087E-07  3.321E-07  1.941E-07  1.004E-07  4.964E-08
  4.800E-07  3.140E-07  1.846E-07  9.652E-08  4.849E-08
  3.277E-07  2.174E-07  1.327E-07  7.495E-08  4.123E-08
  2.754E-07  1.827E-07  1.131E-07  6.654E-08  3.852E-08
  3.226E-07  2.144E-07  1.322E-07  7.679E-08  4.408E-08
  4.868E-07  3.232E-07  1.945E-07  1.053E-07  5.463E-08
  3.559E-07  2.381E-07  1.471E-07  8.474E-08  4.771E-08
  5.013E-07  3.341E-07  2.022E-07  1.104E-07  5.767E-08
  4.042E-07  2.705E-07  1.673E-07  9.637E-08  5.408E-08
  3.675E-07  2.465E-07  1.544E-07  9.184E-08  5.350E-08
  2.620E-07  1.826E-07  1.221E-07  7.950E-08  4.956E-08
  1.457E-07  1.080E-07  7.897E-08  5.684E-08  3.800E-08
  3.923E-07  2.680E-07  1.722E-07  1.053E-07  6.225E-08
  1.757E-07  1.299E-07  9.453E-08  6.764E-08  4.504E-08
  2.575E-07  1.836E-07  1.273E-07  8.668E-08  5.610E-08
  1.186E-07  9.322E-08  7.272E-08  5.543E-08  3.830E-08
  1.742E-07  1.314E-07  9.820E-08  7.223E-08  4.907E-08
  1.746E-07  1.331E-07  1.007E-07  7.480E-08  5.103E-08
  2.316E-07  1.699E-07  1.212E-07  8.460E-08  5.580E-08
  5.157E-07  3.598E-07  2.345E-07  1.431E-07  8.370E-08
  5.091E-07  3.594E-07  2.376E-07  1.472E-07  8.723E-08
  6.498E-07  4.556E-07  2.963E-07  1.780E-07  1.015E-07
  7.055E-07  4.936E-07  3.193E-07  1.896E-07  1.067E-07
  5.740E-07  4.030E-07  2.653E-07  1.645E-07  9.814E-08
  4.957E-07  3.502E-07  2.335E-07  1.483E-07  9.095E-08
  1.957E-07  1.470E-07  1.103E-07  8.283E-08  5.809E-08
  3.433E-07  2.479E-07  1.722E-07  1.165E-07  7.583E-08
  5.515E-07  3.880E-07  2.591E-07  1.668E-07  1.049E-07
  1.977E-07  1.587E-07  1.279E-07  1.017E-07  7.430E-08
  1.202E-07  1.064E-07  9.249E-08  7.721E-08  5.757E-08
  1.274E-07  1.090E-07  9.272E-08  7.655E-08  5.703E-08
  1.885E-07  1.575E-07  1.306E-07  1.058E-07  7.870E-08
  2.618E-07  2.137E-07  1.711E-07  1.330E-07  9.577E-08
  7.010E-07  5.507E-07  4.089E-07  2.791E-07  1.673E-07
  6.038E-07  4.672E-07  3.435E-07  2.357E-07  1.464E-07
  9.289E-07  7.086E-07  5.083E-07  3.332E-07  1.899E-07
  8.181E-07  6.199E-07  4.440E-07  2.945E-07  1.742E-07
  7.003E-07  5.319E-07  3.850E-07  2.619E-07  1.618E-07
  5.258E-07  4.036E-07  3.001E-07  2.149E-07  1.422E-07
  4.785E-07  3.708E-07  2.788E-07  2.022E-07  1.353E-07
  7.398E-07  5.595E-07  4.052E-07  2.787E-07  1.768E-07
  1.579E-06  1.209E-06  8.625E-07  5.521E-07  2.973E-07
  2.244E-06  1.727E-06  1.236E-06  7.859E-07  4.071E-07
  3.046E-06  2.377E-06  1.726E-06  1.111E-06  5.664E-07
  1.912E-06  1.480E-06  1.071E-06  6.972E-07  3.792E-07
  2.235E-06  1.727E-06  1.245E-06  8.028E-07  4.271E-07
  2.685E-06  2.088E-06  1.514E-06  9.784E-07  5.122E-07
  1.928E-06  1.495E-06  1.084E-06  7.064E-07  3.840E-07
  2.399E-06  1.864E-06  1.353E-06  8.789E-07  4.685E-07
  1.609E-06  1.246E-06  9.064E-07  5.985E-07  3.376E-07
  1.219E-06  9.211E-07  6.596E-07  4.419E-07  2.728E-07
  1.556E-06  1.189E-06  8.556E-07  5.672E-07  3.352E-07
  7.433E-07  5.877E-07  4.509E-07  3.330E-07  2.278E-07
  1.181E-06  9.166E-07  6.786E-07  4.718E-07  2.985E-07
  1.721E-06  1.328E-06  9.666E-07  6.474E-07  3.846E-07
  1.727E-06  1.325E-06  9.622E-07  6.504E-07  3.996E-07
  7.520E-07  6.170E-07  4.984E-07  3.918E-07  2.844E-07
  2.566E-07  2.309E-07  2.030E-07  1.709E-07  1.285E-07
  3.354E-07  2.967E-07  2.573E-07  2.143E-07  1.603E-07
  1.455E-06  1.124E-06  8.372E-07  5.976E-07  3.977E-07
  2.514E-06  1.910E-06  1.360E-06  8.861E-07  5.170E-07
  2.299E-06  1.747E-06  1.246E-06  8.190E-07  4.893E-07
  1.182E-06  9.139E-07  6.879E-07  5.056E-07  3.561E-07
  4.411E-07  3.817E-07  3.287E-07  2.772E-07  2.154E-07
  1.990E-06  1.503E-06  1.075E-06  7.231E-07  4.577E-07
  3.211E-06  2.488E-06  1.797E-06  1.166E-06  6.462E-07
  2.828E-06  2.222E-06  1.642E-06  1.103E-06  6.343E-07
  3.651E-06  2.898E-06  2.158E-06  1.445E-06  7.983E-07
  4.775E-06  3.811E-06  2.849E-06  1.906E-06  1.029E-06
  4.276E-06  3.430E-06  2.586E-06  1.759E-06  9.815E-07
  4.145E-06  3.313E-06  2.488E-06  1.687E-06  9.445E-07
  4.475E-06  3.574E-06  2.680E-06  1.812E-06  1.011E-06
  4.464E-06  3.576E-06  2.694E-06  1.834E-06  1.033E-06
  4.573E-06  3.645E-06  2.727E-06  1.839E-06  1.029E-06
  4.929E-06  3.970E-06  3.008E-06  2.056E-06  1.156E-06
  5.231E-06  4.215E-06  3.194E-06  2.184E-06  1.230E-06
  5.514E-06  4.470E-06  3.417E-06  2.366E-06  1.350E-06
  5.274E-06  4.260E-06  3.250E-06  2.257E-06  1.315E-06
  5.891E-06  4.819E-06  3.730E-06  2.625E-06  1.525E-06
  5.884E-06  4.780E-06  3.664E-06  2.550E-06  1.478E-06
  5.587E-06  4.562E-06  3.531E-06  2.499E-06  1.487E-06
  6.119E-06  5.011E-06  3.889E-06  2.757E-06  1.639E-06
  5.527E-06  4.524E-06  3.513E-06  2.499E-06  1.506E-06
  6.246E-06  5.116E-06  3.965E-06  2.803E-06  1.666E-06
  5.285E-06  4.321E-06  3.353E-06  2.391E-06  1.464E-06
  7.030E-06  5.824E-06  4.574E-06  3.278E-06  1.957E-06
  8.280E-06  6.891E-06  5.436E-06  3.906E-06  2.316E-06
  8.104E-06  6.747E-06  5.331E-06  3.848E-06  2.313E-06
  7.907E-06  6.547E-06  5.143E-06  3.697E-06  2.233E-06
  8.033E-06  6.674E-06  5.264E-06  3.800E-06  2.301E-06
  7.973E-06  6.615E-06  5.207E-06  3.751E-06  2.277E-06
  6.366E-06  5.243E-06  4.112E-06  2.985E-06  1.888E-06
  7.433E-06  6.135E-06  4.806E-06  3.460E-06  2.140E-06
  7.631E-06  6.319E-06  4.969E-06  3.590E-06  2.228E-06
  8.042E-06  6.693E-06  5.294E-06  3.852E-06  2.406E-06
  8.270E-06  6.907E-06  5.484E-06  4.001E-06  2.493E-06
  8.670E-06  7.257E-06  5.774E-06  4.217E-06  2.619E-06
  9.408E-06  7.915E-06  6.334E-06  4.651E-06  2.883E-06
  9.889E-06  8.341E-06  6.694E-06  4.928E-06  3.055E-06
  9.330E-06  7.876E-06  6.331E-06  4.673E-06  2.912E-06
  1.083E-05  9.164E-06  7.371E-06  5.428E-06  3.340E-06
  8.413E-06  7.046E-06  5.616E-06  4.126E-06  2.615E-06
  8.507E-06  7.163E-06  5.752E-06  4.268E-06  2.732E-06
  9.507E-06  8.075E-06  6.549E-06  4.909E-06  3.151E-06
  9.719E-06  8.275E-06  6.735E-06  5.073E-06  3.279E-06
  9.960E-06  8.476E-06  6.894E-06  5.190E-06  3.357E-06
  1.124E-05  9.577E-06  7.791E-06  5.852E-06  3.745E-06
  1.165E-05  9.957E-06  8.129E-06  6.128E-06  3.925E-06
  1.129E-05  9.632E-06  7.854E-06  5.926E-06  3.835E-06
  1.178E-05  1.010E-05  8.275E-06  6.268E-06  4.053E-06
  9.119E-06  7.754E-06  6.307E-06  4.775E-06  3.189E-06
  1.036E-05  8.789E-06  7.113E-06  5.328E-06  3.472E-06
  1.247E-05  1.062E-05  8.618E-06  6.435E-06  4.106E-06
  1.318E-05  1.110E-05  8.887E-06  6.552E-06  4.139E-06
  1.336E-05  1.114E-05  8.830E-06  6.443E-06  4.054E-06
  8.289E-06  6.926E-06  5.564E-06  4.234E-06  2.971E-06
  1.192E-05  9.782E-06  7.626E-06  5.505E-06  3.518E-06
  1.184E-05  9.673E-06  7.520E-06  5.442E-06  3.521E-06
  1.248E-05  1.057E-05  8.538E-06  6.400E-06  4.205E-06
  1.475E-05  1.233E-05  9.844E-06  7.305E-06  4.749E-06
  7.754E-06  6.546E-06  5.362E-06  4.211E-06  3.076E-06
  1.358E-05  1.133E-05  9.059E-06  6.780E-06  4.545E-06
  9.139E-06  7.780E-06  6.394E-06  4.995E-06  3.589E-06
  1.788E-05  1.510E-05  1.219E-05  9.119E-06  5.895E-06
  1.917E-05  1.620E-05  1.310E-05  9.829E-06  6.351E-06
  1.918E-05  1.620E-05  1.308E-05  9.801E-06  6.337E-06
  1.871E-05  1.582E-05  1.279E-05  9.620E-06  6.267E-06
  1.846E-05  1.560E-05  1.261E-05  9.481E-06  6.202E-06
  2.054E-05  1.760E-05  1.443E-05  1.096E-05  7.130E-06
  1.967E-05  1.710E-05  1.422E-05  1.097E-05  7.246E-06
  2.083E-05  1.770E-05  1.438E-05  1.084E-05  7.037E-06
  2.114E-05  1.793E-05  1.452E-05  1.091E-05  7.057E-06
  2.146E-05  1.822E-05  1.480E-05  1.115E-05  7.249E-06
  2.070E-05  1.756E-05  1.426E-05  1.077E-05  7.071E-06
  2.102E-05  1.788E-05  1.458E-05  1.108E-05  7.330E-06
  2.009E-05  1.714E-05  1.405E-05  1.077E-05  7.247E-06
  2.078E-05  1.767E-05  1.443E-05  1.101E-05  7.395E-06
  1.980E-05  1.682E-05  1.374E-05  1.052E-05  7.170E-06
  1.839E-05  1.564E-05  1.280E-05  9.868E-06  6.804E-06
  1.551E-05  1.320E-05  1.087E-05  8.506E-06  6.076E-06
  2.165E-05  1.869E-05  1.549E-05  1.199E-05  8.130E-06
  2.079E-05  1.808E-05  1.508E-05  1.175E-05  8.060E-06
  2.343E-05  2.006E-05  1.647E-05  1.265E-05  8.533E-06
  2.177E-05  1.860E-05  1.527E-05  1.177E-05  8.070E-06
  2.331E-05  1.999E-05  1.648E-05  1.270E-05  8.627E-06
  2.469E-05  2.130E-05  1.766E-05  1.370E-05  9.297E-06
  2.459E-05  2.124E-05  1.765E-05  1.374E-05  9.358E-06
  2.578E-05  2.231E-05  1.858E-05  1.448E-05  9.850E-06
  2.622E-05  2.273E-05  1.896E-05  1.482E-05  1.011E-05
  2.846E-05  2.473E-05  2.067E-05  1.617E-05  1.099E-05
  2.638E-05  2.292E-05  1.917E-05  1.503E-05  1.031E-05
  2.735E-05  2.378E-05  1.990E-05  1.561E-05  1.069E-05
  2.889E-05  2.514E-05  2.106E-05  1.653E-05  1.130E-05
  2.772E-05  2.414E-05  2.026E-05  1.596E-05  1.101E-05
  2.853E-05  2.487E-05  2.089E-05  1.646E-05  1.134E-05
  2.842E-05  2.478E-05  2.082E-05  1.642E-05  1.135E-05
  2.886E-05  2.518E-05  2.118E-05  1.671E-05  1.156E-05
  2.967E-05  2.590E-05  2.179E-05  1.720E-05  1.189E-05
  2.941E-05  2.571E-05  2.167E-05  1.715E-05  1.191E-05
  2.856E-05  2.502E-05  2.114E-05  1.680E-05  1.176E-05
  2.999E-05  2.623E-05  2.213E-05  1.754E-05  1.222E-05
  3.050E-05  2.672E-05  2.258E-05  1.794E-05  1.253E-05
  3.070E-05  2.692E-05  2.278E-05  1.812E-05  1.268E-05
  3.082E-05  2.704E-05  2.290E-05  1.823E-05  1.277E-05
  3.081E-05  2.703E-05  2.289E-05  1.823E-05  1.282E-05
  3.135E-05  2.756E-05  2.338E-05  1.865E-05  1.310E-05
  2.968E-05  2.632E-05  2.252E-05  1.813E-05  1.287E-05
  2.649E-05  2.375E-05  2.059E-05  1.685E-05  1.226E-05
  3.059E-05  2.696E-05  2.296E-05  1.843E-05  1.309E-05
  3.086E-05  2.719E-05  2.315E-05  1.858E-05  1.322E-05
  3.046E-05  2.684E-05  2.287E-05  1.838E-05  1.313E-05
  3.163E-05  2.791E-05  2.381E-05  1.916E-05  1.367E-05
  3.222E-05  2.841E-05  2.421E-05  1.946E-05  1.387E-05
  3.059E-05  2.700E-05  2.305E-05  1.858E-05  1.334E-05
  2.967E-05  2.620E-05  2.238E-05  1.808E-05  1.305E-05
  3.139E-05  2.772E-05  2.367E-05  1.911E-05  1.374E-05
  3.149E-05  2.783E-05  2.379E-05  1.922E-05  1.382E-05
  3.281E-05  2.900E-05  2.480E-05  2.002E-05  1.437E-05
  3.204E-05  2.832E-05  2.421E-05  1.956E-05  1.408E-05
  3.260E-05  2.883E-05  2.466E-05  1.992E-05  1.434E-05
  3.220E-05  2.848E-05  2.437E-05  1.971E-05  1.423E-05
  3.139E-05  2.777E-05  2.379E-05  1.928E-05  1.399E-05
  2.845E-05  2.518E-05  2.160E-05  1.761E-05  1.303E-05
  2.897E-05  2.568E-05  2.208E-05  1.806E-05  1.341E-05
  3.196E-05  2.835E-05  2.436E-05  1.982E-05  1.446E-05
  3.262E-05  2.895E-05  2.489E-05  2.028E-05  1.482E-05
  3.371E-05  2.994E-05  2.577E-05  2.101E-05  1.534E-05
  3.048E-05  2.710E-05  2.338E-05  1.918E-05  1.423E-05
  3.384E-05  3.010E-05  2.595E-05  2.121E-05  1.556E-05
  3.491E-05  3.109E-05  2.683E-05  2.194E-05  1.608E-05
  3.219E-05  2.867E-05  2.478E-05  2.034E-05  1.507E-05
  3.440E-05  3.066E-05  2.650E-05  2.172E-05  1.600E-05
  3.450E-05  3.077E-05  2.661E-05  2.184E-05  1.611E-05
  3.448E-05  3.075E-05  2.659E-05  2.182E-05  1.611E-05
  3.361E-05  3.000E-05  2.598E-05  2.138E-05  1.589E-05
  3.463E-05  3.089E-05  2.674E-05  2.197E-05  1.626E-05
  3.548E-05  3.170E-05  2.748E-05  2.261E-05  1.673E-05
  3.521E-05  3.146E-05  2.727E-05  2.246E-05  1.666E-05
  3.522E-05  3.147E-05  2.729E-05  2.248E-05  1.671E-05
  3.550E-05  3.172E-05  2.750E-05  2.265E-05  1.684E-05
  3.577E-05  3.200E-05  2.779E-05  2.293E-05  1.708E-05
  3.641E-05  3.259E-05  2.831E-05  2.337E-05  1.741E-05
  3.567E-05  3.195E-05  2.779E-05  2.299E-05  1.720E-05
  3.528E-05  3.160E-05  2.749E-05  2.276E-05  1.707E-05
  3.624E-05  3.250E-05  2.832E-05  2.346E-05  1.757E-05
  3.671E-05  3.290E-05  2.863E-05  2.370E-05  1.775E-05
  3.680E-05  3.299E-05  2.873E-05  2.381E-05  1.786E-05
  3.626E-05  3.252E-05  2.835E-05  2.353E-05  1.771E-05
  3.687E-05  3.310E-05  2.887E-05  2.398E-05  1.806E-05
  3.647E-05  3.275E-05  2.858E-05  2.375E-05  1.791E-05
  3.838E-05  3.450E-05  3.012E-05  2.503E-05  1.880E-05
  3.760E-05  3.380E-05  2.952E-05  2.456E-05  1.853E-05
  3.807E-05  3.423E-05  2.992E-05  2.490E-05  1.878E-05
  3.748E-05  3.369E-05  2.943E-05  2.450E-05  1.853E-05
  3.826E-05  3.443E-05  3.011E-05  2.509E-05  1.897E-05
  3.880E-05  3.494E-05  3.059E-05  2.551E-05  1.929E-05
  3.825E-05  3.446E-05  3.018E-05  2.520E-05  1.911E-05
  3.850E-05  3.470E-05  3.041E-05  2.540E-05  1.928E-05
  3.618E-05  3.258E-05  2.856E-05  2.390E-05  1.830E-05
  3.856E-05  3.477E-05  3.049E-05  2.550E-05  1.939E-05
  3.867E-05  3.488E-05  3.061E-05  2.562E-05  1.951E-05
  3.890E-05  3.510E-05  3.081E-05  2.580E-05  1.965E-05
  3.910E-05  3.530E-05  3.102E-05  2.600E-05  1.983E-05
  3.898E-05  3.520E-05  3.092E-05  2.593E-05  1.981E-05
  3.864E-05  3.491E-05  3.069E-05  2.576E-05  1.973E-05
  3.887E-05  3.515E-05  3.094E-05  2.601E-05  1.994E-05
  3.966E-05  3.586E-05  3.156E-05  2.651E-05  2.029E-05
  3.962E-05  3.583E-05  3.154E-05  2.651E-05  2.032E-05
  3.912E-05  3.537E-05  3.112E-05  2.616E-05  2.010E-05
  3.899E-05  3.528E-05  3.108E-05  2.617E-05  2.014E-05
  3.802E-05  3.441E-05  3.034E-05  2.558E-05  1.976E-05
  3.859E-05  3.495E-05  3.084E-05  2.602E-05  2.012E-05
  3.770E-05  3.416E-05  3.016E-05  2.550E-05  1.979E-05
  3.950E-05  3.579E-05  3.159E-05  2.665E-05  2.058E-05
  3.974E-05  3.602E-05  3.180E-05  2.685E-05  2.074E-05
  3.909E-05  3.543E-05  3.129E-05  2.644E-05  2.048E-05
  3.827E-05  3.472E-05  3.069E-05  2.599E-05  2.022E-05
  3.979E-05  3.609E-05  3.189E-05  2.696E-05  2.089E-05
  4.006E-05  3.635E-05  3.213E-05  2.718E-05  2.107E-05
  3.926E-05  3.564E-05  3.154E-05  2.672E-05  2.079E-05
  3.955E-05  3.591E-05  3.178E-05  2.693E-05  2.097E-05
  3.981E-05  3.616E-05  3.201E-05  2.713E-05  2.114E-05
  3.985E-05  3.620E-05  3.205E-05  2.718E-05  2.119E-05
  4.018E-05  3.652E-05  3.237E-05  2.747E-05  2.142E-05
  3.955E-05  3.597E-05  3.190E-05  2.711E-05  2.121E-05
  4.007E-05  3.645E-05  3.233E-05  2.747E-05  2.146E-05
  3.975E-05  3.617E-05  3.211E-05  2.733E-05  2.142E-05
  3.984E-05  3.626E-05  3.220E-05  2.741E-05  2.149E-05
  3.955E-05  3.602E-05  3.200E-05  2.726E-05  2.140E-05
  4.044E-05  3.685E-05  3.275E-05  2.789E-05  2.187E-05
  4.056E-05  3.699E-05  3.291E-05  2.805E-05  2.201E-05
  3.930E-05  3.610E-05  3.234E-05  2.777E-05  2.194E-05
  3.485E-05  3.244E-05  2.953E-05  2.590E-05  2.107E-05
  4.021E-05  3.677E-05  3.280E-05  2.805E-05  2.210E-05
  4.094E-05  3.736E-05  3.325E-05  2.838E-05  2.233E-05
  4.086E-05  3.727E-05  3.317E-05  2.833E-05  2.232E-05
  4.095E-05  3.736E-05  3.327E-05  2.842E-05  2.240E-05
  4.069E-05  3.714E-05  3.309E-05  2.829E-05  2.233E-05
  4.128E-05  3.769E-05  3.358E-05  2.871E-05  2.266E-05
  4.080E-05  3.724E-05  3.318E-05  2.839E-05  2.245E-05
  4.128E-05  3.770E-05  3.362E-05  2.878E-05  2.276E-05
  4.109E-05  3.754E-05  3.348E-05  2.868E-05  2.271E-05
  4.117E-05  3.761E-05  3.356E-05  2.875E-05  2.279E-05
  4.120E-05  3.765E-05  3.359E-05  2.879E-05  2.283E-05
  4.110E-05  3.757E-05  3.354E-05  2.877E-05  2.285E-05
  4.144E-05  3.790E-05  3.385E-05  2.905E-05  2.307E-05
  4.089E-05  3.740E-05  3.341E-05  2.870E-05  2.284E-05
  4.130E-05  3.778E-05  3.377E-05  2.900E-05  2.307E-05
  4.148E-05  3.796E-05  3.394E-05  2.916E-05  2.322E-05
  4.140E-05  3.789E-05  3.388E-05  2.913E-05  2.321E-05
  4.145E-05  3.794E-05  3.394E-05  2.918E-05  2.327E-05
  4.145E-05  3.796E-05  3.396E-05  2.922E-05  2.331E-05
  4.156E-05  3.807E-05  3.407E-05  2.932E-05  2.341E-05
  4.161E-05  3.812E-05  3.413E-05  2.938E-05  2.346E-05
  4.078E-05  3.737E-05  3.347E-05  2.886E-05  2.314E-05
  4.142E-05  3.797E-05  3.401E-05  2.932E-05  2.347E-05
  4.164E-05  3.818E-05  3.422E-05  2.950E-05  2.362E-05
  4.150E-05  3.805E-05  3.410E-05  2.942E-05  2.358E-05
  4.148E-05  3.805E-05  3.411E-05  2.944E-05  2.362E-05
  4.165E-05  3.824E-05  3.432E-05  2.964E-05  2.378E-05
  4.134E-05  3.795E-05  3.405E-05  2.942E-05  2.364E-05
  4.124E-05  3.786E-05  3.399E-05  2.938E-05  2.364E-05
  4.132E-05  3.794E-05  3.408E-05  2.948E-05  2.374E-05
  4.060E-05  3.728E-05  3.349E-05  2.899E-05  2.341E-05
  4.133E-05  3.797E-05  3.412E-05  2.954E-05  2.381E-05
  4.146E-05  3.809E-05  3.424E-05  2.965E-05  2.393E-05
  4.173E-05  3.836E-05  3.448E-05  2.987E-05  2.409E-05
  4.175E-05  3.838E-05  3.450E-05  2.989E-05  2.412E-05
  4.098E-05  3.768E-05  3.389E-05  2.941E-05  2.381E-05
  4.162E-05  3.828E-05  3.444E-05  2.986E-05  2.414E-05
  4.158E-05  3.825E-05  3.443E-05  2.988E-05  2.417E-05
  4.187E-05  3.851E-05  3.465E-05  3.006E-05  2.431E-05
  4.195E-05  3.861E-05  3.476E-05  3.017E-05  2.442E-05
  4.123E-05  3.796E-05  3.420E-05  2.973E-05  2.415E-05
  4.089E-05  3.767E-05  3.397E-05  2.957E-05  2.406E-05
  4.142E-05  3.816E-05  3.440E-05  2.992E-05  2.432E-05
  4.160E-05  3.833E-05  3.457E-05  3.007E-05  2.444E-05
  4.196E-05  3.867E-05  3.487E-05  3.034E-05  2.464E-05
  4.173E-05  3.847E-05  3.471E-05  3.021E-05  2.457E-05
  4.185E-05  3.859E-05  3.482E-05  3.032E-05  2.467E-05
  4.198E-05  3.871E-05  3.495E-05  3.044E-05  2.477E-05
  4.217E-05  3.888E-05  3.510E-05  3.057E-05  2.488E-05
  4.192E-05  3.867E-05  3.492E-05  3.044E-05  2.481E-05
  4.197E-05  3.873E-05  3.498E-05  3.050E-05  2.486E-05
  4.187E-05  3.864E-05  3.491E-05  3.046E-05  2.487E-05
  4.215E-05  3.891E-05  3.517E-05  3.069E-05  2.504E-05
  4.207E-05  3.884E-05  3.513E-05  3.067E-05  2.506E-05
  4.130E-05  3.815E-05  3.452E-05  3.018E-05  2.472E-05
  4.205E-05  3.886E-05  3.516E-05  3.073E-05  2.514E-05
  4.182E-05  3.864E-05  3.496E-05  3.056E-05  2.501E-05
  4.198E-05  3.878E-05  3.509E-05  3.067E-05  2.511E-05
  4.165E-05  3.849E-05  3.486E-05  3.050E-05  2.502E-05
  4.215E-05  3.899E-05  3.534E-05  3.094E-05  2.537E-05
  4.231E-05  3.912E-05  3.543E-05  3.100E-05  2.539E-05
  4.221E-05  3.903E-05  3.536E-05  3.095E-05  2.539E-05
  4.194E-05  3.880E-05  3.518E-05  3.082E-05  2.532E-05
  4.204E-05  3.890E-05  3.527E-05  3.090E-05  2.539E-05
  4.240E-05  3.923E-05  3.556E-05  3.115E-05  2.557E-05
  4.235E-05  3.918E-05  3.552E-05  3.112E-05  2.555E-05
  4.206E-05  3.892E-05  3.528E-05  3.092E-05  2.540E-05
  4.144E-05  3.838E-05  3.484E-05  3.059E-05  2.522E-05
  4.166E-05  3.857E-05  3.500E-05  3.071E-05  2.529E-05
  4.233E-05  3.918E-05  3.555E-05  3.117E-05  2.564E-05
  4.241E-05  3.927E-05  3.564E-05  3.126E-05  2.571E-05
  4.204E-05  3.894E-05  3.536E-05  3.104E-05  2.559E-05
  4.210E-05  3.900E-05  3.541E-05  3.110E-05  2.565E-05
  4.188E-05  3.881E-05  3.525E-05  3.098E-05  2.557E-05
  4.229E-05  3.919E-05  3.559E-05  3.125E-05  2.576E-05
  4.178E-05  3.872E-05  3.518E-05  3.092E-05  2.554E-05
  4.219E-05  3.910E-05  3.553E-05  3.122E-05  2.576E-05
  4.243E-05  3.934E-05  3.574E-05  3.141E-05  2.590E-05
  4.232E-05  3.923E-05  3.565E-05  3.134E-05  2.587E-05
  4.233E-05  3.925E-05  3.568E-05  3.138E-05  2.592E-05
  4.130E-05  3.834E-05  3.490E-05  3.077E-05  2.553E-05
  4.154E-05  3.855E-05  3.509E-05  3.093E-05  2.566E-05
  4.162E-05  3.864E-05  3.518E-05  3.101E-05  2.573E-05
  4.198E-05  3.897E-05  3.548E-05  3.127E-05  2.593E-05
  4.238E-05  3.934E-05  3.580E-05  3.154E-05  2.611E-05
  4.229E-05  3.926E-05  3.574E-05  3.150E-05  2.610E-05
  4.172E-05  3.873E-05  3.527E-05  3.111E-05  2.584E-05
  4.161E-05  3.865E-05  3.522E-05  3.109E-05  2.583E-05
  4.189E-05  3.891E-05  3.545E-05  3.128E-05  2.599E-05
  4.219E-05  3.918E-05  3.569E-05  3.148E-05  2.613E-05
  4.163E-05  3.867E-05  3.523E-05  3.109E-05  2.585E-05
  4.224E-05  3.924E-05  3.576E-05  3.156E-05  2.622E-05
  4.168E-05  3.873E-05  3.531E-05  3.119E-05  2.597E-05
  4.190E-05  3.896E-05  3.555E-05  3.143E-05  2.618E-05
  4.175E-05  3.882E-05  3.542E-05  3.132E-05  2.610E-05
  4.140E-05  3.851E-05  3.515E-05  3.112E-05  2.601E-05
  3.973E-05  3.699E-05  3.383E-05  3.004E-05  2.524E-05
  4.112E-05  3.825E-05  3.492E-05  3.093E-05  2.591E-05
  3.535E-05  3.306E-05  3.044E-05  2.736E-05  2.349E-05
  4.217E-05  3.923E-05  3.581E-05  3.168E-05  2.641E-05
  4.157E-05  3.871E-05  3.538E-05  3.136E-05  2.623E-05
  4.157E-05  3.872E-05  3.541E-05  3.140E-05  2.627E-05
  4.211E-05  3.919E-05  3.579E-05  3.169E-05  2.646E-05
  4.163E-05  3.877E-05  3.544E-05  3.142E-05  2.631E-05
  3.613E-05  3.382E-05  3.116E-05  2.800E-05  2.400E-05
  4.114E-05  3.832E-05  3.505E-05  3.109E-05  2.607E-05
  4.181E-05  3.893E-05  3.557E-05  3.153E-05  2.640E-05
  4.170E-05  3.887E-05  3.556E-05  3.156E-05  2.645E-05
  4.071E-05  3.810E-05  3.503E-05  3.126E-05  2.634E-05
  4.192E-05  3.910E-05  3.580E-05  3.178E-05  2.662E-05
  4.189E-05  3.902E-05  3.568E-05  3.165E-05  2.652E-05
  4.109E-05  3.828E-05  3.502E-05  3.111E-05  2.615E-05
  4.178E-05  3.894E-05  3.563E-05  3.163E-05  2.652E-05
  4.162E-05  3.890E-05  3.568E-05  3.174E-05  2.665E-05
  4.031E-05  3.782E-05  3.486E-05  3.119E-05  2.638E-05
  4.206E-05  3.922E-05  3.591E-05  3.190E-05  2.675E-05
  4.220E-05  3.934E-05  3.602E-05  3.199E-05  2.684E-05
  4.165E-05  3.882E-05  3.555E-05  3.161E-05  2.658E-05
  4.184E-05  3.899E-05  3.569E-05  3.172E-05  2.664E-05
  4.196E-05  3.911E-05  3.581E-05  3.182E-05  2.673E-05
  4.205E-05  3.923E-05  3.594E-05  3.194E-05  2.683E-05
  3.970E-05  3.730E-05  3.444E-05  3.090E-05  2.625E-05
  4.138E-05  3.875E-05  3.563E-05  3.178E-05  2.678E-05
  4.227E-05  3.945E-05  3.615E-05  3.215E-05  2.701E-05
  4.164E-05  3.888E-05  3.567E-05  3.179E-05  2.680E-05
  4.079E-05  3.811E-05  3.500E-05  3.123E-05  2.641E-05
  4.139E-05  3.863E-05  3.542E-05  3.155E-05  2.662E-05
  4.208E-05  3.926E-05  3.598E-05  3.203E-05  2.696E-05
  4.194E-05  3.911E-05  3.583E-05  3.186E-05  2.680E-05
  4.185E-05  3.903E-05  3.576E-05  3.180E-05  2.675E-05
  4.202E-05  3.921E-05  3.594E-05  3.197E-05  2.687E-05
  4.113E-05  3.845E-05  3.530E-05  3.147E-05  2.654E-05
  3.936E-05  3.717E-05  3.450E-05  3.111E-05  2.653E-05
  4.070E-05  3.811E-05  3.506E-05  3.132E-05  2.650E-05
  4.150E-05  3.878E-05  3.560E-05  3.174E-05  2.678E-05
  4.173E-05  3.895E-05  3.572E-05  3.181E-05  2.680E-05
  4.192E-05  3.914E-05  3.590E-05  3.197E-05  2.694E-05
  4.179E-05  3.902E-05  3.581E-05  3.191E-05  2.691E-05
  4.175E-05  3.899E-05  3.578E-05  3.189E-05  2.690E-05
  4.169E-05  3.893E-05  3.573E-05  3.185E-05  2.688E-05
  4.175E-05  3.899E-05  3.578E-05  3.189E-05  2.691E-05
  4.021E-05  3.764E-05  3.465E-05  3.102E-05  2.637E-05
  4.143E-05  3.871E-05  3.556E-05  3.174E-05  2.683E-05
  4.112E-05  3.842E-05  3.529E-05  3.151E-05  2.667E-05
  4.172E-05  3.898E-05  3.580E-05  3.194E-05  2.697E-05
  4.183E-05  3.910E-05  3.591E-05  3.204E-05  2.705E-05
  4.163E-05  3.894E-05  3.579E-05  3.195E-05  2.702E-05
  4.131E-05  3.873E-05  3.566E-05  3.188E-05  2.698E-05
  3.906E-05  3.702E-05  3.450E-05  3.125E-05  2.680E-05
  4.124E-05  3.864E-05  3.558E-05  3.182E-05  2.695E-05
  4.169E-05  3.901E-05  3.587E-05  3.205E-05  2.712E-05
  4.139E-05  3.873E-05  3.563E-05  3.187E-05  2.701E-05
  4.119E-05  3.855E-05  3.548E-05  3.175E-05  2.694E-05
  4.121E-05  3.856E-05  3.547E-05  3.173E-05  2.691E-05
  4.111E-05  3.849E-05  3.542E-05  3.170E-05  2.690E-05
  4.150E-05  3.885E-05  3.575E-05  3.199E-05  2.712E-05
  4.150E-05  3.884E-05  3.573E-05  3.195E-05  2.708E-05
  4.152E-05  3.885E-05  3.575E-05  3.198E-05  2.711E-05
  4.119E-05  3.857E-05  3.551E-05  3.179E-05  2.700E-05
  4.135E-05  3.871E-05  3.563E-05  3.189E-05  2.707E-05
  4.123E-05  3.859E-05  3.552E-05  3.179E-05  2.699E-05
  4.148E-05  3.885E-05  3.577E-05  3.203E-05  2.719E-05
  4.137E-05  3.874E-05  3.568E-05  3.196E-05  2.715E-05
  4.144E-05  3.883E-05  3.577E-05  3.205E-05  2.722E-05
  4.123E-05  3.863E-05  3.561E-05  3.193E-05  2.715E-05
  4.118E-05  3.860E-05  3.560E-05  3.193E-05  2.717E-05
  4.108E-05  3.851E-05  3.552E-05  3.187E-05  2.713E-05
  4.146E-05  3.886E-05  3.582E-05  3.212E-05  2.730E-05
  4.143E-05  3.884E-05  3.581E-05  3.211E-05  2.730E-05
  4.142E-05  3.884E-05  3.582E-05  3.212E-05  2.732E-05
  4.133E-05  3.876E-05  3.575E-05  3.207E-05  2.729E-05
  4.091E-05  3.849E-05  3.561E-05  3.203E-05  2.730E-05
  4.024E-05  3.795E-05  3.521E-05  3.178E-05  2.720E-05
  4.113E-05  3.860E-05  3.565E-05  3.203E-05  2.730E-05
  4.080E-05  3.830E-05  3.538E-05  3.181E-05  2.717E-05
  4.100E-05  3.848E-05  3.555E-05  3.196E-05  2.727E-05
  4.113E-05  3.862E-05  3.568E-05  3.208E-05  2.737E-05
  4.076E-05  3.829E-05  3.539E-05  3.185E-05  2.722E-05
  4.075E-05  3.828E-05  3.540E-05  3.186E-05  2.724E-05
  4.091E-05  3.844E-05  3.555E-05  3.200E-05  2.735E-05
  4.056E-05  3.814E-05  3.531E-05  3.183E-05  2.726E-05
  4.075E-05  3.832E-05  3.547E-05  3.196E-05  2.735E-05
  4.052E-05  3.812E-05  3.530E-05  3.183E-05  2.727E-05
  4.042E-05  3.803E-05  3.523E-05  3.179E-05  2.725E-05
  3.975E-05  3.746E-05  3.475E-05  3.143E-05  2.703E-05
  4.016E-05  3.782E-05  3.506E-05  3.167E-05  2.719E-05
  3.999E-05  3.766E-05  3.492E-05  3.156E-05  2.711E-05
  3.949E-05  3.722E-05  3.454E-05  3.125E-05  2.691E-05
  3.962E-05  3.735E-05  3.467E-05  3.136E-05  2.698E-05
  3.860E-05  3.667E-05  3.430E-05  3.126E-05  2.705E-05
  3.909E-05  3.692E-05  3.432E-05  3.108E-05  2.675E-05
  3.971E-05  3.741E-05  3.469E-05  3.134E-05  2.690E-05
  3.995E-05  3.763E-05  3.489E-05  3.150E-05  2.702E-05
  3.976E-05  3.746E-05  3.475E-05  3.141E-05  2.697E-05
  3.965E-05  3.738E-05  3.470E-05  3.139E-05  2.698E-05
  3.980E-05  3.752E-05  3.483E-05  3.149E-05  2.706E-05
  3.921E-05  3.700E-05  3.439E-05  3.115E-05  2.684E-05
  3.942E-05  3.721E-05  3.459E-05  3.134E-05  2.700E-05
  3.938E-05  3.716E-05  3.453E-05  3.127E-05  2.693E-05
  3.911E-05  3.693E-05  3.435E-05  3.115E-05  2.686E-05
  3.962E-05  3.740E-05  3.477E-05  3.150E-05  2.711E-05
  3.956E-05  3.735E-05  3.474E-05  3.148E-05  2.711E-05
  3.931E-05  3.712E-05  3.453E-05  3.131E-05  2.699E-05
  3.893E-05  3.680E-05  3.427E-05  3.111E-05  2.686E-05
  3.898E-05  3.686E-05  3.434E-05  3.120E-05  2.695E-05
  3.942E-05  3.726E-05  3.469E-05  3.148E-05  2.714E-05
  3.875E-05  3.667E-05  3.420E-05  3.110E-05  2.690E-05
  3.864E-05  3.656E-05  3.408E-05  3.100E-05  2.682E-05
  3.861E-05  3.654E-05  3.408E-05  3.100E-05  2.681E-05
  3.927E-05  3.714E-05  3.461E-05  3.145E-05  2.713E-05
  3.812E-05  3.609E-05  3.367E-05  3.066E-05  2.657E-05
  3.863E-05  3.657E-05  3.412E-05  3.105E-05  2.687E-05
  3.838E-05  3.635E-05  3.393E-05  3.089E-05  2.676E-05
  3.865E-05  3.661E-05  3.416E-05  3.110E-05  2.691E-05
  3.896E-05  3.689E-05  3.443E-05  3.133E-05  2.706E-05
  3.888E-05  3.683E-05  3.438E-05  3.129E-05  2.704E-05
  3.864E-05  3.662E-05  3.420E-05  3.116E-05  2.696E-05
  3.871E-05  3.668E-05  3.426E-05  3.120E-05  2.699E-05
  3.864E-05  3.662E-05  3.421E-05  3.117E-05  2.697E-05
  3.850E-05  3.649E-05  3.409E-05  3.107E-05  2.690E-05
  3.862E-05  3.662E-05  3.422E-05  3.119E-05  2.700E-05
  3.846E-05  3.647E-05  3.410E-05  3.109E-05  2.692E-05
  3.838E-05  3.642E-05  3.406E-05  3.108E-05  2.693E-05
  3.832E-05  3.637E-05  3.403E-05  3.106E-05  2.692E-05
  3.818E-05  3.623E-05  3.390E-05  3.094E-05  2.682E-05
  3.829E-05  3.636E-05  3.403E-05  3.106E-05  2.692E-05
  3.810E-05  3.626E-05  3.400E-05  3.109E-05  2.696E-05
  3.554E-05  3.416E-05  3.239E-05  3.000E-05  2.640E-05
  3.790E-05  3.606E-05  3.381E-05  3.092E-05  2.682E-05
  3.788E-05  3.599E-05  3.372E-05  3.082E-05  2.674E-05
  3.804E-05  3.615E-05  3.388E-05  3.097E-05  2.687E-05
  3.782E-05  3.594E-05  3.368E-05  3.080E-05  2.674E-05
  3.795E-05  3.608E-05  3.381E-05  3.093E-05  2.684E-05
  3.750E-05  3.566E-05  3.345E-05  3.062E-05  2.662E-05
  3.743E-05  3.561E-05  3.341E-05  3.060E-05  2.661E-05
  3.777E-05  3.592E-05  3.369E-05  3.084E-05  2.678E-05
  3.739E-05  3.557E-05  3.337E-05  3.056E-05  2.658E-05
  3.752E-05  3.570E-05  3.351E-05  3.070E-05  2.669E-05
  3.743E-05  3.562E-05  3.344E-05  3.064E-05  2.666E-05
  3.756E-05  3.575E-05  3.357E-05  3.077E-05  2.676E-05
  3.746E-05  3.567E-05  3.350E-05  3.071E-05  2.672E-05
  3.741E-05  3.564E-05  3.348E-05  3.072E-05  2.673E-05
  3.706E-05  3.531E-05  3.318E-05  3.045E-05  2.653E-05
  3.715E-05  3.539E-05  3.326E-05  3.052E-05  2.658E-05
  3.709E-05  3.534E-05  3.323E-05  3.051E-05  2.659E-05
  3.700E-05  3.529E-05  3.320E-05  3.052E-05  2.662E-05
  3.700E-05  3.528E-05  3.320E-05  3.050E-05  2.660E-05
  3.701E-05  3.530E-05  3.323E-05  3.054E-05  2.664E-05
  3.699E-05  3.528E-05  3.320E-05  3.052E-05  2.661E-05
  3.693E-05  3.524E-05  3.318E-05  3.052E-05  2.664E-05
  3.684E-05  3.516E-05  3.312E-05  3.047E-05  2.661E-05
  3.662E-05  3.496E-05  3.293E-05  3.031E-05  2.648E-05
  3.675E-05  3.508E-05  3.305E-05  3.041E-05  2.655E-05
  3.639E-05  3.474E-05  3.274E-05  3.014E-05  2.633E-05
  3.665E-05  3.500E-05  3.299E-05  3.037E-05  2.651E-05
  3.616E-05  3.454E-05  3.257E-05  3.001E-05  2.624E-05
  3.583E-05  3.423E-05  3.228E-05  2.976E-05  2.606E-05
  3.634E-05  3.472E-05  3.275E-05  3.018E-05  2.639E-05
  3.647E-05  3.486E-05  3.289E-05  3.032E-05  2.651E-05
  3.546E-05  3.393E-05  3.206E-05  2.962E-05  2.600E-05
  3.625E-05  3.466E-05  3.273E-05  3.020E-05  2.643E-05
  3.567E-05  3.414E-05  3.226E-05  2.981E-05  2.616E-05
  3.592E-05  3.437E-05  3.247E-05  2.999E-05  2.629E-05
  3.590E-05  3.435E-05  3.246E-05  2.999E-05  2.628E-05
  3.590E-05  3.436E-05  3.247E-05  3.000E-05  2.630E-05
  3.546E-05  3.395E-05  3.210E-05  2.968E-05  2.607E-05
  3.548E-05  3.398E-05  3.215E-05  2.975E-05  2.614E-05
  3.556E-05  3.406E-05  3.222E-05  2.981E-05  2.618E-05
  3.472E-05  3.329E-05  3.153E-05  2.922E-05  2.577E-05
  3.575E-05  3.426E-05  3.243E-05  3.002E-05  2.639E-05
  3.542E-05  3.395E-05  3.215E-05  2.979E-05  2.622E-05
  3.448E-05  3.307E-05  3.133E-05  2.906E-05  2.566E-05
  3.472E-05  3.330E-05  3.156E-05  2.928E-05  2.584E-05
  3.533E-05  3.388E-05  3.210E-05  2.976E-05  2.621E-05
  3.537E-05  3.394E-05  3.217E-05  2.985E-05  2.631E-05
  3.496E-05  3.355E-05  3.181E-05  2.953E-05  2.607E-05
  3.517E-05  3.377E-05  3.204E-05  2.976E-05  2.627E-05
  3.503E-05  3.363E-05  3.191E-05  2.965E-05  2.620E-05
  3.497E-05  3.359E-05  3.190E-05  2.965E-05  2.622E-05
  3.495E-05  3.358E-05  3.190E-05  2.967E-05  2.626E-05
  3.490E-05  3.354E-05  3.186E-05  2.965E-05  2.624E-05
  3.464E-05  3.328E-05  3.161E-05  2.941E-05  2.604E-05
  3.451E-05  3.316E-05  3.151E-05  2.932E-05  2.598E-05
  3.474E-05  3.341E-05  3.177E-05  2.960E-05  2.625E-05
  3.419E-05  3.287E-05  3.125E-05  2.911E-05  2.584E-05
  3.425E-05  3.296E-05  3.137E-05  2.927E-05  2.603E-05
  3.331E-05  3.205E-05  3.050E-05  2.845E-05  2.533E-05
  3.394E-05  3.266E-05  3.109E-05  2.900E-05  2.579E-05
  3.300E-05  3.175E-05  3.023E-05  2.824E-05  2.519E-05
  3.370E-05  3.244E-05  3.088E-05  2.882E-05  2.564E-05
  3.379E-05  3.254E-05  3.099E-05  2.895E-05  2.578E-05
  3.363E-05  3.241E-05  3.089E-05  2.889E-05  2.576E-05
  3.316E-05  3.197E-05  3.050E-05  2.856E-05  2.554E-05
  3.352E-05  3.230E-05  3.079E-05  2.879E-05  2.568E-05
  3.288E-05  3.174E-05  3.032E-05  2.842E-05  2.544E-05
  3.233E-05  3.122E-05  2.986E-05  2.805E-05  2.519E-05
  3.287E-05  3.169E-05  3.023E-05  2.829E-05  2.528E-05
  3.261E-05  3.144E-05  3.000E-05  2.808E-05  2.510E-05
  3.175E-05  3.069E-05  2.937E-05  2.759E-05  2.476E-05
  3.102E-05  3.002E-05  2.877E-05  2.708E-05  2.440E-05
  3.191E-05  3.079E-05  2.940E-05  2.755E-05  2.466E-05
  3.137E-05  3.025E-05  2.887E-05  2.705E-05  2.423E-05
  3.109E-05  2.999E-05  2.864E-05  2.685E-05  2.407E-05
  3.065E-05  2.959E-05  2.827E-05  2.652E-05  2.379E-05
  2.914E-05  2.828E-05  2.720E-05  2.571E-05  2.330E-05
  2.996E-05  2.897E-05  2.772E-05  2.605E-05  2.343E-05
  3.008E-05  2.904E-05  2.775E-05  2.603E-05  2.336E-05
  2.980E-05  2.877E-05  2.749E-05  2.580E-05  2.317E-05
  2.955E-05  2.851E-05  2.724E-05  2.555E-05  2.293E-05
  2.940E-05  2.838E-05  2.712E-05  2.546E-05  2.287E-05
  2.918E-05  2.817E-05  2.692E-05  2.526E-05  2.269E-05
  2.878E-05  2.781E-05  2.660E-05  2.498E-05  2.246E-05
  2.738E-05  2.661E-05  2.562E-05  2.427E-05  2.206E-05
  2.796E-05  2.707E-05  2.595E-05  2.444E-05  2.204E-05
  2.803E-05  2.708E-05  2.590E-05  2.433E-05  2.190E-05
  2.762E-05  2.668E-05  2.551E-05  2.397E-05  2.158E-05
  2.756E-05  2.663E-05  2.548E-05  2.394E-05  2.156E-05
  2.711E-05  2.621E-05  2.509E-05  2.359E-05  2.126E-05
  2.535E-05  2.470E-05  2.386E-05  2.268E-05  2.072E-05
  2.670E-05  2.583E-05  2.475E-05  2.330E-05  2.103E-05
  2.616E-05  2.528E-05  2.419E-05  2.275E-05  2.054E-05
  2.647E-05  2.558E-05  2.448E-05  2.302E-05  2.077E-05
  2.616E-05  2.529E-05  2.420E-05  2.277E-05  2.055E-05
  2.597E-05  2.510E-05  2.404E-05  2.262E-05  2.042E-05
  2.554E-05  2.471E-05  2.368E-05  2.230E-05  2.015E-05
  2.411E-05  2.348E-05  2.269E-05  2.157E-05  1.973E-05
  2.523E-05  2.443E-05  2.342E-05  2.207E-05  1.996E-05
  2.507E-05  2.425E-05  2.322E-05  2.186E-05  1.977E-05
  2.477E-05  2.395E-05  2.294E-05  2.160E-05  1.954E-05
  2.471E-05  2.389E-05  2.289E-05  2.155E-05  1.949E-05
  2.450E-05  2.370E-05  2.270E-05  2.138E-05  1.935E-05
  2.442E-05  2.362E-05  2.263E-05  2.132E-05  1.929E-05
  2.430E-05  2.351E-05  2.253E-05  2.123E-05  1.921E-05
  2.394E-05  2.316E-05  2.219E-05  2.091E-05  1.893E-05
  2.362E-05  2.285E-05  2.190E-05  2.064E-05  1.871E-05
  2.371E-05  2.294E-05  2.199E-05  2.073E-05  1.878E-05
  2.346E-05  2.270E-05  2.176E-05  2.050E-05  1.857E-05
  2.314E-05  2.239E-05  2.148E-05  2.025E-05  1.837E-05
  2.306E-05  2.231E-05  2.140E-05  2.018E-05  1.830E-05
  2.287E-05  2.214E-05  2.123E-05  2.001E-05  1.815E-05
  2.257E-05  2.185E-05  2.095E-05  1.977E-05  1.794E-05
  2.256E-05  2.184E-05  2.096E-05  1.977E-05  1.795E-05
  2.234E-05  2.163E-05  2.075E-05  1.959E-05  1.778E-05
  2.215E-05  2.145E-05  2.058E-05  1.943E-05  1.764E-05
  2.202E-05  2.133E-05  2.047E-05  1.933E-05  1.756E-05
  2.188E-05  2.120E-05  2.035E-05  1.921E-05  1.745E-05
  2.166E-05  2.100E-05  2.018E-05  1.906E-05  1.733E-05
  2.039E-05  1.990E-05  1.927E-05  1.838E-05  1.692E-05
  2.114E-05  2.051E-05  1.972E-05  1.864E-05  1.697E-05
  2.109E-05  2.043E-05  1.963E-05  1.854E-05  1.688E-05
  2.108E-05  2.043E-05  1.961E-05  1.853E-05  1.685E-05
  2.073E-05  2.009E-05  1.929E-05  1.823E-05  1.661E-05
  2.074E-05  2.010E-05  1.930E-05  1.824E-05  1.661E-05
  2.057E-05  1.993E-05  1.914E-05  1.808E-05  1.646E-05
  2.041E-05  1.978E-05  1.899E-05  1.795E-05  1.634E-05
  2.026E-05  1.964E-05  1.886E-05  1.782E-05  1.624E-05
  2.006E-05  1.945E-05  1.869E-05  1.767E-05  1.611E-05
  1.991E-05  1.929E-05  1.853E-05  1.752E-05  1.597E-05
  1.984E-05  1.923E-05  1.848E-05  1.747E-05  1.593E-05
  1.956E-05  1.896E-05  1.822E-05  1.723E-05  1.573E-05
  1.944E-05  1.884E-05  1.809E-05  1.708E-05  1.554E-05
  1.939E-05  1.879E-05  1.805E-05  1.706E-05  1.555E-05
  1.921E-05  1.862E-05  1.789E-05  1.691E-05  1.542E-05
  1.900E-05  1.841E-05  1.767E-05  1.667E-05  1.516E-05
  1.886E-05  1.828E-05  1.756E-05  1.660E-05  1.514E-05
  1.883E-05  1.826E-05  1.754E-05  1.659E-05  1.513E-05
  1.856E-05  1.797E-05  1.725E-05  1.628E-05  1.480E-05
  1.854E-05  1.797E-05  1.726E-05  1.632E-05  1.488E-05
  1.828E-05  1.772E-05  1.703E-05  1.611E-05  1.472E-05
  1.809E-05  1.752E-05  1.682E-05  1.589E-05  1.447E-05
  1.812E-05  1.757E-05  1.688E-05  1.596E-05  1.456E-05
  1.798E-05  1.744E-05  1.676E-05  1.585E-05  1.448E-05
  1.772E-05  1.717E-05  1.649E-05  1.558E-05  1.421E-05
  1.770E-05  1.716E-05  1.649E-05  1.560E-05  1.424E-05
  1.756E-05  1.702E-05  1.636E-05  1.549E-05  1.416E-05
  1.745E-05  1.691E-05  1.625E-05  1.537E-05  1.402E-05
  1.717E-05  1.664E-05  1.599E-05  1.513E-05  1.384E-05
  1.724E-05  1.672E-05  1.608E-05  1.522E-05  1.392E-05
  1.703E-05  1.651E-05  1.587E-05  1.503E-05  1.375E-05
  1.678E-05  1.628E-05  1.565E-05  1.482E-05  1.357E-05
  1.685E-05  1.634E-05  1.572E-05  1.488E-05  1.362E-05
  1.674E-05  1.624E-05  1.562E-05  1.479E-05  1.355E-05
  1.661E-05  1.611E-05  1.549E-05  1.466E-05  1.341E-05
  1.655E-05  1.606E-05  1.545E-05  1.463E-05  1.340E-05
  1.641E-05  1.593E-05  1.532E-05  1.452E-05  1.331E-05
  1.623E-05  1.574E-05  1.515E-05  1.435E-05  1.316E-05
  1.614E-05  1.566E-05  1.507E-05  1.428E-05  1.310E-05
  1.601E-05  1.554E-05  1.495E-05  1.418E-05  1.302E-05
  1.601E-05  1.554E-05  1.496E-05  1.419E-05  1.302E-05
  1.573E-05  1.526E-05  1.468E-05  1.392E-05  1.278E-05
  1.576E-05  1.530E-05  1.472E-05  1.396E-05  1.281E-05
  1.567E-05  1.522E-05  1.466E-05  1.391E-05  1.277E-05
  1.549E-05  1.505E-05  1.451E-05  1.378E-05  1.267E-05
  1.469E-05  1.437E-05  1.395E-05  1.336E-05  1.242E-05
  1.525E-05  1.483E-05  1.430E-05  1.358E-05  1.249E-05
  1.517E-05  1.473E-05  1.419E-05  1.347E-05  1.239E-05
  1.510E-05  1.467E-05  1.412E-05  1.340E-05  1.233E-05
  1.492E-05  1.449E-05  1.397E-05  1.326E-05  1.221E-05
  1.489E-05  1.447E-05  1.395E-05  1.326E-05  1.223E-05
  1.489E-05  1.447E-05  1.394E-05  1.324E-05  1.219E-05
  1.481E-05  1.438E-05  1.385E-05  1.315E-05  1.210E-05
  1.472E-05  1.429E-05  1.377E-05  1.307E-05  1.203E-05
  1.461E-05  1.419E-05  1.367E-05  1.298E-05  1.195E-05
  1.452E-05  1.410E-05  1.359E-05  1.290E-05  1.189E-05
  1.443E-05  1.402E-05  1.351E-05  1.283E-05  1.182E-05
  1.435E-05  1.395E-05  1.344E-05  1.277E-05  1.177E-05
  1.410E-05  1.372E-05  1.324E-05  1.261E-05  1.165E-05
  1.407E-05  1.368E-05  1.320E-05  1.256E-05  1.160E-05
  1.405E-05  1.365E-05  1.316E-05  1.250E-05  1.153E-05
  1.397E-05  1.358E-05  1.308E-05  1.243E-05  1.147E-05
  1.391E-05  1.352E-05  1.303E-05  1.238E-05  1.142E-05
  1.382E-05  1.343E-05  1.294E-05  1.230E-05  1.135E-05
  1.374E-05  1.335E-05  1.287E-05  1.224E-05  1.129E-05
  1.365E-05  1.326E-05  1.279E-05  1.216E-05  1.122E-05
  1.358E-05  1.320E-05  1.273E-05  1.210E-05  1.117E-05
  1.345E-05  1.307E-05  1.260E-05  1.199E-05  1.108E-05
  1.339E-05  1.302E-05  1.255E-05  1.194E-05  1.103E-05
  1.325E-05  1.290E-05  1.245E-05  1.185E-05  1.097E-05
  1.301E-05  1.268E-05  1.226E-05  1.170E-05  1.086E-05
  1.312E-05  1.276E-05  1.231E-05  1.172E-05  1.084E-05
  1.307E-05  1.271E-05  1.226E-05  1.166E-05  1.079E-05
  1.299E-05  1.263E-05  1.218E-05  1.159E-05  1.072E-05
  1.291E-05  1.255E-05  1.211E-05  1.153E-05  1.067E-05
  1.278E-05  1.243E-05  1.199E-05  1.141E-05  1.057E-05
  1.275E-05  1.240E-05  1.196E-05  1.139E-05  1.054E-05
  1.266E-05  1.231E-05  1.187E-05  1.130E-05  1.046E-05
  1.260E-05  1.225E-05  1.182E-05  1.125E-05  1.042E-05
  1.253E-05  1.218E-05  1.175E-05  1.119E-05  1.036E-05
  1.245E-05  1.211E-05  1.168E-05  1.113E-05  1.031E-05
  1.238E-05  1.204E-05  1.162E-05  1.106E-05  1.025E-05
  1.228E-05  1.194E-05  1.153E-05  1.098E-05  1.018E-05
  1.221E-05  1.187E-05  1.146E-05  1.092E-05  1.012E-05
  1.215E-05  1.182E-05  1.141E-05  1.087E-05  1.008E-05
  1.206E-05  1.174E-05  1.133E-05  1.080E-05  1.002E-05
  1.179E-05  1.150E-05  1.113E-05  1.064E-05  9.915E-06
  1.183E-05  1.153E-05  1.115E-05  1.065E-05  9.900E-06
  1.185E-05  1.153E-05  1.114E-05  1.062E-05  9.854E-06
  1.177E-05  1.145E-05  1.106E-05  1.054E-05  9.788E-06
  1.174E-05  1.142E-05  1.103E-05  1.051E-05  9.756E-06
  1.163E-05  1.132E-05  1.093E-05  1.042E-05  9.676E-06
  1.157E-05  1.126E-05  1.087E-05  1.037E-05  9.629E-06
  1.153E-05  1.122E-05  1.084E-05  1.033E-05  9.597E-06
  1.137E-05  1.106E-05  1.069E-05  1.020E-05  9.488E-06
  1.138E-05  1.108E-05  1.070E-05  1.020E-05  9.485E-06
  1.132E-05  1.102E-05  1.064E-05  1.015E-05  9.434E-06
  1.126E-05  1.096E-05  1.059E-05  1.010E-05  9.390E-06
  1.116E-05  1.086E-05  1.049E-05  1.001E-05  9.313E-06
  1.112E-05  1.082E-05  1.045E-05  9.971E-06  9.274E-06
  1.105E-05  1.076E-05  1.039E-05  9.918E-06  9.228E-06
  1.100E-05  1.071E-05  1.034E-05  9.867E-06  9.181E-06
  1.095E-05  1.066E-05  1.030E-05  9.825E-06  9.143E-06
  1.084E-05  1.055E-05  1.019E-05  9.730E-06  9.060E-06
  1.072E-05  1.044E-05  1.009E-05  9.626E-06  8.964E-06
  1.060E-05  1.032E-05  9.971E-06  9.519E-06  8.869E-06
  1.048E-05  1.020E-05  9.860E-06  9.415E-06  8.776E-06
  1.020E-05  9.956E-06  9.650E-06  9.245E-06  8.653E-06
  1.020E-05  9.944E-06  9.621E-06  9.197E-06  8.586E-06
  1.010E-05  9.836E-06  9.512E-06  9.090E-06  8.487E-06
  1.002E-05  9.761E-06  9.438E-06  9.018E-06  8.419E-06
  9.901E-06  9.643E-06  9.326E-06  8.914E-06  8.328E-06
  9.779E-06  9.525E-06  9.212E-06  8.808E-06  8.232E-06
  9.664E-06  9.413E-06  9.106E-06  8.709E-06  8.145E-06
  9.601E-06  9.352E-06  9.046E-06  8.650E-06  8.087E-06
  9.508E-06  9.262E-06  8.959E-06  8.566E-06  8.009E-06
  9.402E-06  9.159E-06  8.860E-06  8.474E-06  7.928E-06
  9.306E-06  9.066E-06  8.771E-06  8.390E-06  7.852E-06
  9.211E-06  8.974E-06  8.683E-06  8.308E-06  7.776E-06
  9.100E-06  8.866E-06  8.580E-06  8.210E-06  7.689E-06
  9.018E-06  8.787E-06  8.504E-06  8.139E-06  7.625E-06
  8.914E-06  8.686E-06  8.408E-06  8.049E-06  7.544E-06
  8.820E-06  8.595E-06  8.320E-06  7.966E-06  7.468E-06
  8.750E-06  8.528E-06  8.256E-06  7.905E-06  7.412E-06
  8.658E-06  8.439E-06  8.170E-06  7.824E-06  7.339E-06
  8.534E-06  8.318E-06  8.054E-06  7.716E-06  7.245E-06
  8.445E-06  8.233E-06  7.974E-06  7.642E-06  7.179E-06
  8.325E-06  8.117E-06  7.864E-06  7.541E-06  7.091E-06
  8.247E-06  8.040E-06  7.788E-06  7.467E-06  7.022E-06
  8.150E-06  7.957E-06  7.719E-06  7.410E-06  6.975E-06
  7.977E-06  7.792E-06  7.565E-06  7.273E-06  6.863E-06
  8.035E-06  7.835E-06  7.591E-06  7.280E-06  6.849E-06
  7.955E-06  7.757E-06  7.517E-06  7.210E-06  6.785E-06
  7.882E-06  7.687E-06  7.449E-06  7.146E-06  6.726E-06
  7.823E-06  7.630E-06  7.394E-06  7.094E-06  6.677E-06
  7.756E-06  7.565E-06  7.332E-06  7.034E-06  6.621E-06
  7.663E-06  7.475E-06  7.246E-06  6.955E-06  6.552E-06
  7.583E-06  7.397E-06  7.171E-06  6.884E-06  6.488E-06
  7.530E-06  7.346E-06  7.123E-06  6.838E-06  6.444E-06
  7.461E-06  7.279E-06  7.057E-06  6.776E-06  6.386E-06
  7.366E-06  7.186E-06  6.968E-06  6.692E-06  6.312E-06
  7.317E-06  7.138E-06  6.922E-06  6.647E-06  6.269E-06
  7.208E-06  7.033E-06  6.822E-06  6.556E-06  6.190E-06
  7.153E-06  6.981E-06  6.773E-06  6.510E-06  6.148E-06
  7.106E-06  6.936E-06  6.730E-06  6.468E-06  6.107E-06
  6.923E-06  6.776E-06  6.594E-06  6.360E-06  6.027E-06
  6.964E-06  6.798E-06  6.596E-06  6.342E-06  5.993E-06
  6.908E-06  6.743E-06  6.544E-06  6.292E-06  5.946E-06
  6.854E-06  6.690E-06  6.492E-06  6.242E-06  5.899E-06
  6.801E-06  6.639E-06  6.443E-06  6.195E-06  5.855E-06
  6.721E-06  6.561E-06  6.369E-06  6.126E-06  5.794E-06
  6.658E-06  6.502E-06  6.314E-06  6.076E-06  5.750E-06
  6.605E-06  6.449E-06  6.261E-06  6.025E-06  5.701E-06
  6.511E-06  6.359E-06  6.176E-06  5.947E-06  5.634E-06
  6.507E-06  6.353E-06  6.168E-06  5.934E-06  5.615E-06
  6.433E-06  6.282E-06  6.099E-06  5.870E-06  5.558E-06
  6.389E-06  6.238E-06  6.057E-06  5.830E-06  5.519E-06
  6.275E-06  6.125E-06  5.944E-06  5.719E-06  5.413E-06
  6.178E-06  6.030E-06  5.854E-06  5.634E-06  5.335E-06
  6.142E-06  5.998E-06  5.826E-06  5.610E-06  5.317E-06
  6.019E-06  5.876E-06  5.706E-06  5.494E-06  5.209E-06
  5.935E-06  5.799E-06  5.637E-06  5.434E-06  5.157E-06
  5.926E-06  5.790E-06  5.626E-06  5.421E-06  5.142E-06
  5.793E-06  5.656E-06  5.493E-06  5.291E-06  5.019E-06
  5.778E-06  5.644E-06  5.484E-06  5.285E-06  5.014E-06
  5.742E-06  5.609E-06  5.451E-06  5.253E-06  4.985E-06
  5.632E-06  5.498E-06  5.340E-06  5.144E-06  4.881E-06
  5.629E-06  5.499E-06  5.344E-06  5.151E-06  4.888E-06
  5.577E-06  5.449E-06  5.296E-06  5.106E-06  4.847E-06
  5.488E-06  5.359E-06  5.205E-06  5.016E-06  4.761E-06
  5.473E-06  5.347E-06  5.196E-06  5.009E-06  4.756E-06
  5.442E-06  5.317E-06  5.168E-06  4.984E-06  4.734E-06
  5.353E-06  5.228E-06  5.080E-06  4.897E-06  4.649E-06
  5.342E-06  5.219E-06  5.073E-06  4.892E-06  4.647E-06
  5.295E-06  5.174E-06  5.030E-06  4.851E-06  4.608E-06
  5.200E-06  5.092E-06  4.961E-06  4.797E-06  4.568E-06
  5.200E-06  5.086E-06  4.950E-06  4.781E-06  4.548E-06
  5.188E-06  5.070E-06  4.930E-06  4.757E-06  4.522E-06
  5.148E-06  5.029E-06  4.890E-06  4.717E-06  4.484E-06
  5.131E-06  5.013E-06  4.875E-06  4.704E-06  4.473E-06
  5.082E-06  4.966E-06  4.829E-06  4.661E-06  4.433E-06
  5.040E-06  4.925E-06  4.790E-06  4.623E-06  4.398E-06
  5.009E-06  4.895E-06  4.761E-06  4.595E-06  4.372E-06
  4.954E-06  4.841E-06  4.709E-06  4.546E-06  4.326E-06
  4.942E-06  4.831E-06  4.700E-06  4.539E-06  4.322E-06
  4.893E-06  4.783E-06  4.654E-06  4.495E-06  4.280E-06
  4.856E-06  4.747E-06  4.618E-06  4.460E-06  4.248E-06
  4.823E-06  4.715E-06  4.588E-06  4.432E-06  4.222E-06
  4.790E-06  4.683E-06  4.557E-06  4.402E-06  4.193E-06
  4.753E-06  4.648E-06  4.523E-06  4.370E-06  4.164E-06
  4.714E-06  4.609E-06  4.486E-06  4.335E-06  4.132E-06
  4.680E-06  4.577E-06  4.455E-06  4.306E-06  4.105E-06
  4.658E-06  4.554E-06  4.433E-06  4.284E-06  4.083E-06
  4.607E-06  4.505E-06  4.386E-06  4.240E-06  4.042E-06
  4.589E-06  4.489E-06  4.370E-06  4.225E-06  4.030E-06
  4.538E-06  4.439E-06  4.323E-06  4.180E-06  3.988E-06
  4.512E-06  4.414E-06  4.298E-06  4.157E-06  3.966E-06
  4.488E-06  4.390E-06  4.276E-06  4.136E-06  3.946E-06
  4.441E-06  4.346E-06  4.234E-06  4.096E-06  3.911E-06
  4.393E-06  4.304E-06  4.198E-06  4.067E-06  3.887E-06
  4.384E-06  4.290E-06  4.180E-06  4.045E-06  3.862E-06
  4.369E-06  4.275E-06  4.165E-06  4.031E-06  3.850E-06
  4.323E-06  4.231E-06  4.123E-06  3.990E-06  3.811E-06
  4.288E-06  4.197E-06  4.091E-06  3.960E-06  3.783E-06
  4.257E-06  4.167E-06  4.061E-06  3.932E-06  3.758E-06
  4.237E-06  4.148E-06  4.043E-06  3.915E-06  3.741E-06
  4.213E-06  4.125E-06  4.021E-06  3.894E-06  3.723E-06
  4.167E-06  4.079E-06  3.977E-06  3.851E-06  3.682E-06
  4.148E-06  4.061E-06  3.959E-06  3.835E-06  3.667E-06
  4.115E-06  4.030E-06  3.929E-06  3.806E-06  3.641E-06
  4.090E-06  4.005E-06  3.905E-06  3.784E-06  3.619E-06
  4.056E-06  3.973E-06  3.875E-06  3.755E-06  3.594E-06
  4.036E-06  3.952E-06  3.855E-06  3.736E-06  3.576E-06
  4.010E-06  3.927E-06  3.830E-06  3.712E-06  3.553E-06
  3.968E-06  3.887E-06  3.791E-06  3.675E-06  3.519E-06
  3.956E-06  3.875E-06  3.780E-06  3.665E-06  3.508E-06
  3.922E-06  3.842E-06  3.749E-06  3.635E-06  3.481E-06
  3.896E-06  3.816E-06  3.723E-06  3.610E-06  3.458E-06
  3.877E-06  3.798E-06  3.706E-06  3.593E-06  3.442E-06
  3.856E-06  3.778E-06  3.687E-06  3.576E-06  3.427E-06
  3.819E-06  3.741E-06  3.651E-06  3.541E-06  3.392E-06
  3.807E-06  3.730E-06  3.641E-06  3.531E-06  3.384E-06
  3.763E-06  3.688E-06  3.600E-06  3.494E-06  3.350E-06
  3.749E-06  3.674E-06  3.586E-06  3.479E-06  3.335E-06
  3.722E-06  3.647E-06  3.560E-06  3.454E-06  3.312E-06
  3.708E-06  3.633E-06  3.547E-06  3.442E-06  3.300E-06
  3.684E-06  3.610E-06  3.524E-06  3.420E-06  3.280E-06
  3.649E-06  3.576E-06  3.491E-06  3.389E-06  3.251E-06
  3.633E-06  3.561E-06  3.478E-06  3.376E-06  3.239E-06
  3.612E-06  3.540E-06  3.457E-06  3.356E-06  3.220E-06
  3.587E-06  3.516E-06  3.433E-06  3.334E-06  3.199E-06
  3.563E-06  3.493E-06  3.411E-06  3.312E-06  3.179E-06
  3.542E-06  3.472E-06  3.392E-06  3.294E-06  3.162E-06
  3.518E-06  3.449E-06  3.368E-06  3.271E-06  3.140E-06
  3.497E-06  3.429E-06  3.349E-06  3.253E-06  3.123E-06
  3.478E-06  3.410E-06  3.331E-06  3.235E-06  3.107E-06
  3.451E-06  3.384E-06  3.306E-06  3.211E-06  3.084E-06
  3.421E-06  3.356E-06  3.280E-06  3.187E-06  3.063E-06
  3.388E-06  3.328E-06  3.257E-06  3.169E-06  3.048E-06
  3.387E-06  3.323E-06  3.247E-06  3.155E-06  3.031E-06
  3.356E-06  3.292E-06  3.218E-06  3.129E-06  3.008E-06
  3.346E-06  3.282E-06  3.208E-06  3.118E-06  2.997E-06
  3.326E-06  3.262E-06  3.189E-06  3.099E-06  2.979E-06
  3.302E-06  3.239E-06  3.167E-06  3.079E-06  2.960E-06
  3.285E-06  3.222E-06  3.150E-06  3.062E-06  2.944E-06
  3.264E-06  3.202E-06  3.130E-06  3.043E-06  2.926E-06
  3.242E-06  3.180E-06  3.109E-06  3.024E-06  2.908E-06
  3.219E-06  3.158E-06  3.088E-06  3.004E-06  2.890E-06
  3.193E-06  3.134E-06  3.065E-06  2.982E-06  2.870E-06
  3.182E-06  3.123E-06  3.054E-06  2.971E-06  2.858E-06
  3.165E-06  3.106E-06  3.038E-06  2.955E-06  2.842E-06
  3.145E-06  3.087E-06  3.019E-06  2.937E-06  2.826E-06
  3.127E-06  3.069E-06  3.002E-06  2.920E-06  2.811E-06
  3.108E-06  3.050E-06  2.984E-06  2.903E-06  2.795E-06
  3.077E-06  3.021E-06  2.957E-06  2.879E-06  2.773E-06
  3.064E-06  3.008E-06  2.943E-06  2.865E-06  2.759E-06
  3.046E-06  2.991E-06  2.927E-06  2.849E-06  2.744E-06
  3.028E-06  2.973E-06  2.910E-06  2.833E-06  2.729E-06
  3.006E-06  2.951E-06  2.889E-06  2.813E-06  2.710E-06
  2.997E-06  2.943E-06  2.880E-06  2.803E-06  2.700E-06
  2.977E-06  2.923E-06  2.861E-06  2.785E-06  2.683E-06
  2.959E-06  2.905E-06  2.844E-06  2.770E-06  2.669E-06
  2.940E-06  2.888E-06  2.826E-06  2.752E-06  2.652E-06
  2.916E-06  2.864E-06  2.803E-06  2.730E-06  2.631E-06
  2.878E-06  2.827E-06  2.768E-06  2.697E-06  2.600E-06
  2.843E-06  2.793E-06  2.735E-06  2.665E-06  2.570E-06
  2.814E-06  2.764E-06  2.707E-06  2.637E-06  2.543E-06
  2.781E-06  2.733E-06  2.676E-06  2.608E-06  2.516E-06
  2.748E-06  2.700E-06  2.644E-06  2.578E-06  2.487E-06
  2.717E-06  2.670E-06  2.616E-06  2.550E-06  2.460E-06
  2.684E-06  2.638E-06  2.585E-06  2.520E-06  2.433E-06
  2.652E-06  2.606E-06  2.554E-06  2.491E-06  2.405E-06
  2.621E-06  2.577E-06  2.526E-06  2.464E-06  2.380E-06
  2.594E-06  2.550E-06  2.499E-06  2.438E-06  2.354E-06
  2.565E-06  2.522E-06  2.472E-06  2.411E-06  2.329E-06
  2.536E-06  2.493E-06  2.444E-06  2.385E-06  2.304E-06
  2.506E-06  2.465E-06  2.417E-06  2.358E-06  2.279E-06
  2.480E-06  2.439E-06  2.392E-06  2.334E-06  2.256E-06
  2.449E-06  2.409E-06  2.363E-06  2.307E-06  2.230E-06
  2.425E-06  2.385E-06  2.340E-06  2.284E-06  2.208E-06
  2.399E-06  2.360E-06  2.315E-06  2.260E-06  2.185E-06
  2.373E-06  2.334E-06  2.290E-06  2.236E-06  2.162E-06
  2.347E-06  2.309E-06  2.265E-06  2.212E-06  2.140E-06
  2.321E-06  2.284E-06  2.241E-06  2.189E-06  2.118E-06
  2.296E-06  2.259E-06  2.217E-06  2.166E-06  2.096E-06
  2.273E-06  2.237E-06  2.195E-06  2.144E-06  2.075E-06
  2.247E-06  2.212E-06  2.171E-06  2.121E-06  2.053E-06
  2.225E-06  2.190E-06  2.149E-06  2.100E-06  2.033E-06
  2.200E-06  2.166E-06  2.126E-06  2.078E-06  2.012E-06
  2.165E-06  2.134E-06  2.097E-06  2.052E-06  1.989E-06
  2.146E-06  2.115E-06  2.079E-06  2.034E-06  1.971E-06
  2.132E-06  2.100E-06  2.062E-06  2.016E-06  1.952E-06
  2.112E-06  2.079E-06  2.042E-06  1.996E-06  1.934E-06
  2.090E-06  2.058E-06  2.021E-06  1.976E-06  1.915E-06
  2.069E-06  2.037E-06  2.001E-06  1.957E-06  1.896E-06
  2.047E-06  2.016E-06  1.980E-06  1.936E-06  1.877E-06
  2.027E-06  1.997E-06  1.961E-06  1.918E-06  1.860E-06
  2.007E-06  1.977E-06  1.942E-06  1.900E-06  1.842E-06
  1.987E-06  1.957E-06  1.923E-06  1.881E-06  1.824E-06
  1.968E-06  1.938E-06  1.904E-06  1.863E-06  1.807E-06
  1.948E-06  1.919E-06  1.886E-06  1.845E-06  1.789E-06
  1.929E-06  1.900E-06  1.867E-06  1.827E-06  1.772E-06
  1.910E-06  1.882E-06  1.849E-06  1.810E-06  1.756E-06
  1.890E-06  1.863E-06  1.831E-06  1.792E-06  1.739E-06
  1.872E-06  1.845E-06  1.813E-06  1.775E-06  1.722E-06
  1.855E-06  1.828E-06  1.797E-06  1.759E-06  1.707E-06
  1.835E-06  1.809E-06  1.778E-06  1.741E-06  1.690E-06
  1.819E-06  1.793E-06  1.762E-06  1.726E-06  1.675E-06
  1.802E-06  1.777E-06  1.747E-06  1.711E-06  1.660E-06
  1.785E-06  1.760E-06  1.730E-06  1.694E-06  1.645E-06
  1.768E-06  1.743E-06  1.714E-06  1.679E-06  1.630E-06
  1.751E-06  1.726E-06  1.697E-06  1.663E-06  1.615E-06
  1.735E-06  1.710E-06  1.682E-06  1.648E-06  1.601E-06
  1.719E-06  1.695E-06  1.667E-06  1.634E-06  1.587E-06
  1.704E-06  1.680E-06  1.652E-06  1.619E-06  1.573E-06
  1.688E-06  1.664E-06  1.637E-06  1.604E-06  1.559E-06
  1.672E-06  1.649E-06  1.622E-06  1.590E-06  1.545E-06
  1.657E-06  1.634E-06  1.608E-06  1.576E-06  1.531E-06
  1.642E-06  1.619E-06  1.593E-06  1.562E-06  1.518E-06
  1.627E-06  1.605E-06  1.579E-06  1.548E-06  1.505E-06
  1.613E-06  1.591E-06  1.566E-06  1.535E-06  1.492E-06
  1.597E-06  1.576E-06  1.551E-06  1.521E-06  1.479E-06
  1.583E-06  1.562E-06  1.537E-06  1.508E-06  1.466E-06
  1.569E-06  1.548E-06  1.524E-06  1.494E-06  1.453E-06
  1.555E-06  1.534E-06  1.510E-06  1.481E-06  1.441E-06
  1.541E-06  1.521E-06  1.497E-06  1.468E-06  1.428E-06
  1.529E-06  1.508E-06  1.485E-06  1.456E-06  1.416E-06
  1.514E-06  1.494E-06  1.471E-06  1.443E-06  1.404E-06
  1.502E-06  1.482E-06  1.459E-06  1.431E-06  1.392E-06
  1.490E-06  1.470E-06  1.447E-06  1.420E-06  1.381E-06
  1.476E-06  1.456E-06  1.434E-06  1.407E-06  1.369E-06
  1.463E-06  1.444E-06  1.422E-06  1.395E-06  1.358E-06
  1.451E-06  1.432E-06  1.411E-06  1.384E-06  1.347E-06
  1.439E-06  1.421E-06  1.399E-06  1.373E-06  1.336E-06
  1.427E-06  1.409E-06  1.387E-06  1.361E-06  1.325E-06
  1.415E-06  1.397E-06  1.376E-06  1.350E-06  1.314E-06
  1.403E-06  1.385E-06  1.364E-06  1.339E-06  1.303E-06
  1.391E-06  1.373E-06  1.353E-06  1.328E-06  1.293E-06
  1.380E-06  1.362E-06  1.342E-06  1.317E-06  1.283E-06
  1.368E-06  1.351E-06  1.331E-06  1.306E-06  1.272E-06
  1.357E-06  1.340E-06  1.320E-06  1.296E-06  1.262E-06
  1.346E-06  1.329E-06  1.309E-06  1.285E-06  1.252E-06
  1.335E-06  1.318E-06  1.299E-06  1.275E-06  1.242E-06
  1.324E-06  1.307E-06  1.288E-06  1.265E-06  1.232E-06
  1.313E-06  1.297E-06  1.278E-06  1.255E-06  1.222E-06
  1.303E-06  1.287E-06  1.268E-06  1.245E-06  1.213E-06
  1.291E-06  1.275E-06  1.257E-06  1.234E-06  1.203E-06
  1.281E-06  1.265E-06  1.247E-06  1.225E-06  1.194E-06
  1.271E-06  1.256E-06  1.238E-06  1.216E-06  1.185E-06
  1.261E-06  1.246E-06  1.228E-06  1.206E-06  1.176E-06
  1.251E-06  1.236E-06  1.219E-06  1.197E-06  1.167E-06
  1.241E-06  1.226E-06  1.209E-06  1.187E-06  1.157E-06
  1.232E-06  1.217E-06  1.200E-06  1.179E-06  1.149E-06
  1.222E-06  1.207E-06  1.190E-06  1.170E-06  1.140E-06
  3.114E-07  3.092E-07  3.065E-07  3.031E-07  2.978E-07
  7.785E-08  7.744E-08  7.692E-08  7.622E-08  7.506E-08
  3.441E-08  3.424E-08  3.402E-08  3.372E-08  3.322E-08
  1.924E-08  1.914E-08  1.903E-08  1.886E-08  1.858E-08
  1.224E-08  1.218E-08  1.211E-08  1.200E-08  1.182E-08
  8.458E-09  8.417E-09  8.365E-09  8.293E-09  8.170E-09
  6.185E-09  6.155E-09  6.117E-09  6.064E-09  5.975E-09
  4.715E-09  4.692E-09  4.663E-09  4.623E-09  4.555E-09
