 0.36450E-07
 0.41870E-07
 0.37686E-07
 0.44009E-07
 0.22254E-07
 0.42247E-07
 0.51274E-07
 0.33915E-07
 0.55469E-07
 0.85655E-07
 0.73922E-07
 0.82526E-07
 0.61670E-07
 0.21503E-07
 0.84357E-07
 0.11441E-06
 0.14043E-06
 0.13774E-06
 0.10275E-06
 0.13650E-06
 0.13976E-06
 0.16080E-06
 0.11191E-06
 0.19202E-06
 0.21801E-06
 0.20330E-06
 0.18039E-06
 0.22949E-06
 0.21061E-06
 0.31171E-06
 0.44242E-06
 0.57975E-06
 0.40670E-06
 0.49935E-06
 0.67487E-06
 0.61855E-06
 0.55647E-06
 0.53926E-06
 0.79490E-06
 0.80438E-06
 0.70523E-06
 0.55553E-06
 0.73236E-06
 0.88709E-06
 0.80638E-06
 0.60842E-06
 0.63780E-06
 0.61246E-06
 0.89225E-06
 0.70119E-06
 0.97776E-06
 0.70889E-06
 0.80318E-06
 0.59058E-06
 0.40927E-06
 0.81948E-06
 0.48448E-06
 0.66963E-06
 0.35758E-06
 0.48835E-06
 0.50983E-06
 0.58186E-06
 0.96827E-06
 0.90212E-06
 0.11583E-05
 0.12242E-05
 0.10074E-05
 0.90420E-06
 0.59181E-06
 0.86883E-06
 0.12180E-05
 0.41230E-06
 0.30926E-06
 0.45879E-06
 0.61547E-06
 0.11495E-05
 0.10223E-05
 0.13614E-05
 0.13812E-05
 0.10366E-05
 0.12923E-05
 0.10108E-05
 0.13398E-05
 0.21216E-05
 0.25755E-05
 0.31259E-05
 0.22037E-05
 0.24994E-05
 0.28926E-05
 0.24613E-05
 0.25401E-05
 0.21189E-05
 0.20948E-05
 0.20239E-05
 0.14412E-05
 0.20303E-05
 0.23363E-05
 0.23118E-05
 0.15186E-05
 0.67306E-06
 0.93683E-06
 0.25286E-05
 0.34360E-05
 0.31573E-05
 0.20895E-05
 0.13789E-05
 0.30432E-05
 0.37561E-05
 0.32550E-05
 0.40939E-05
 0.49039E-05
 0.47908E-05
 0.42967E-05
 0.49187E-05
 0.42786E-05
 0.52247E-05
 0.47288E-05
 0.53667E-05
 0.46209E-05
 0.56313E-05
