 0.10281E-07
 0.11277E-07
 0.92286E-08
 0.11712E-07
 0.39072E-08
 0.10401E-07
 0.11213E-07
 0.57937E-08
 0.12942E-07
 0.26478E-07
 0.19646E-07
 0.21877E-07
 0.13680E-07
 0.31513E-08
 0.18702E-07
 0.30580E-07
 0.40936E-07
 0.39101E-07
 0.24242E-07
 0.40340E-07
 0.40822E-07
 0.51450E-07
 0.26050E-07
 0.61998E-07
 0.69827E-07
 0.61655E-07
 0.52338E-07
 0.53979E-07
 0.67588E-07
 0.18544E-06
 0.32486E-06
 0.49192E-06
 0.28140E-06
 0.41375E-06
 0.59573E-06
 0.49568E-06
 0.41191E-06
 0.38161E-06
 0.68832E-06
 0.65261E-06
 0.55977E-06
 0.38962E-06
 0.62429E-06
 0.74088E-06
 0.65514E-06
 0.42934E-06
 0.43489E-06
 0.38016E-06
 0.69093E-06
 0.46060E-06
 0.76314E-06
 0.44374E-06
 0.52622E-06
 0.37506E-06
 0.21286E-06
 0.59465E-06
 0.26733E-06
 0.41584E-06
 0.16196E-06
 0.26805E-06
 0.27138E-06
 0.31961E-06
 0.66095E-06
 0.57136E-06
 0.80213E-06
 0.85793E-06
 0.61482E-06
 0.52348E-06
 0.18418E-06
 0.46658E-06
 0.73723E-06
 0.11496E-06
 0.88756E-07
 0.16890E-06
 0.26187E-06
 0.77380E-06
 0.65706E-06
 0.10127E-05
 0.10629E-05
 0.66293E-06
 0.91625E-06
 0.62909E-06
 0.92017E-06
 0.18388E-05
 0.21980E-05
 0.29587E-05
 0.18017E-05
 0.20998E-05
 0.26160E-05
 0.20690E-05
 0.21372E-05
 0.15765E-05
 0.13970E-05
 0.13770E-05
 0.88008E-06
 0.14961E-05
 0.18210E-05
 0.16280E-05
 0.81918E-06
 0.25733E-06
 0.42716E-06
 0.17470E-05
 0.25500E-05
 0.21175E-05
 0.86909E-06
 0.44154E-06
 0.17533E-05
 0.28218E-05
 0.23722E-05
 0.35068E-05
 0.44122E-05
 0.42262E-05
 0.36953E-05
 0.43564E-05
 0.34669E-05
 0.46611E-05
 0.37833E-05
 0.46249E-05
 0.36899E-05
 0.47717E-05
