 0.27827E-07
 0.30569E-07
 0.27293E-07
 0.32315E-07
 0.17290E-07
 0.31623E-07
 0.36666E-07
 0.25105E-07
 0.40506E-07
 0.64846E-07
 0.54144E-07
 0.60968E-07
 0.46169E-07
 0.21649E-07
 0.61082E-07
 0.83669E-07
 0.10358E-06
 0.10069E-06
 0.72930E-07
 0.10198E-06
 0.10347E-06
 0.12214E-06
 0.81757E-07
 0.14644E-06
 0.16429E-06
 0.15126E-06
 0.13436E-06
 0.17049E-06
 0.15911E-06
 0.27172E-06
 0.41287E-06
 0.56604E-06
 0.37325E-06
 0.48410E-06
 0.66869E-06
 0.59417E-06
 0.51496E-06
 0.49468E-06
 0.78428E-06
 0.77297E-06
 0.66777E-06
 0.51017E-06
 0.71054E-06
 0.85494E-06
 0.77077E-06
 0.55453E-06
 0.56891E-06
 0.53852E-06
 0.83508E-06
 0.62583E-06
 0.91684E-06
 0.62578E-06
 0.71338E-06
 0.51848E-06
 0.35347E-06
 0.75241E-06
 0.41853E-06
 0.58919E-06
 0.31486E-06
 0.43243E-06
 0.44016E-06
 0.51030E-06
 0.87876E-06
 0.79861E-06
 0.10429E-05
 0.11098E-05
 0.88365E-06
 0.79651E-06
 0.48912E-06
 0.75601E-06
 0.10684E-05
 0.37576E-06
 0.31457E-06
 0.40830E-06
 0.52909E-06
 0.10303E-05
 0.91418E-06
 0.12556E-05
 0.12825E-05
 0.92584E-06
 0.11622E-05
 0.90927E-06
 0.11932E-05
 0.20396E-05
 0.24606E-05
 0.30797E-05
 0.20678E-05
 0.23594E-05
 0.28057E-05
 0.23487E-05
 0.24233E-05
 0.19605E-05
 0.18685E-05
 0.18192E-05
 0.12771E-05
 0.18542E-05
 0.21614E-05
 0.20437E-05
 0.12638E-05
 0.69553E-06
 0.87753E-06
 0.21894E-05
 0.30831E-05
 0.27973E-05
 0.16820E-05
 0.11554E-05
 0.25984E-05
 0.34334E-05
 0.29504E-05
 0.38899E-05
 0.47078E-05
 0.45837E-05
 0.40945E-05
 0.47122E-05
 0.39967E-05
 0.50272E-05
 0.44138E-05
 0.50985E-05
 0.43060E-05
 0.53286E-05
