 0.12609E-07
 0.13871E-07
 0.11610E-07
 0.14523E-07
 0.54811E-08
 0.13280E-07
 0.14462E-07
 0.79854E-08
 0.16593E-07
 0.32093E-07
 0.24525E-07
 0.27266E-07
 0.17608E-07
 0.55851E-08
 0.24117E-07
 0.38055E-07
 0.50113E-07
 0.47866E-07
 0.30407E-07
 0.49170E-07
 0.50272E-07
 0.62406E-07
 0.33912E-07
 0.75299E-07
 0.84605E-07
 0.75014E-07
 0.64307E-07
 0.67848E-07
 0.79714E-07
 0.20172E-06
 0.34360E-06
 0.50775E-06
 0.29887E-06
 0.42712E-06
 0.61127E-06
 0.51647E-06
 0.43393E-06
 0.40575E-06
 0.70890E-06
 0.67757E-06
 0.58337E-06
 0.41246E-06
 0.64358E-06
 0.76694E-06
 0.68081E-06
 0.45476E-06
 0.46433E-06
 0.41134E-06
 0.72434E-06
 0.49591E-06
 0.80038E-06
 0.47859E-06
 0.56518E-06
 0.40074E-06
 0.23507E-06
 0.62841E-06
 0.29154E-06
 0.44706E-06
 0.18462E-06
 0.29332E-06
 0.29640E-06
 0.35157E-06
 0.70476E-06
 0.61608E-06
 0.85491E-06
 0.91332E-06
 0.66742E-06
 0.57701E-06
 0.23506E-06
 0.52291E-06
 0.80423E-06
 0.15084E-06
 0.12238E-06
 0.20512E-06
 0.30580E-06
 0.82838E-06
 0.70738E-06
 0.10646E-05
 0.11067E-05
 0.70692E-06
 0.95783E-06
 0.67337E-06
 0.96793E-06
 0.18937E-05
 0.22756E-05
 0.30201E-05
 0.18728E-05
 0.21701E-05
 0.26833E-05
 0.21448E-05
 0.22137E-05
 0.16632E-05
 0.14955E-05
 0.14664E-05
 0.94875E-06
 0.15699E-05
 0.18957E-05
 0.17123E-05
 0.88286E-06
 0.32337E-06
 0.49136E-06
 0.18272E-05
 0.26815E-05
 0.22712E-05
 0.10028E-05
 0.55578E-06
 0.19330E-05
 0.29806E-05
 0.25022E-05
 0.36228E-05
 0.45325E-05
 0.43559E-05
 0.38162E-05
 0.44902E-05
 0.36130E-05
 0.48064E-05
 0.39587E-05
 0.47970E-05
 0.38606E-05
 0.49621E-05
