 0.17337E-07
 0.19007E-07
 0.15157E-07
 0.19571E-07
 0.53476E-08
 0.17799E-07
 0.24263E-07
 0.14125E-07
 0.26993E-07
 0.47010E-07
 0.34403E-07
 0.38701E-07
 0.22158E-07
 0.34394E-08
 0.31843E-07
 0.55788E-07
 0.76942E-07
 0.73078E-07
 0.42080E-07
 0.92111E-07
 0.96204E-07
 0.12661E-06
 0.56084E-07
 0.15580E-06
 0.17792E-06
 0.15351E-06
 0.12689E-06
 0.11229E-06
 0.77140E-07
 0.21273E-06
 0.37086E-06
 0.56274E-06
 0.32212E-06
 0.47393E-06
 0.68516E-06
 0.57155E-06
 0.47522E-06
 0.44216E-06
 0.79865E-06
 0.75973E-06
 0.65184E-06
 0.45358E-06
 0.72957E-06
 0.86882E-06
 0.76899E-06
 0.50409E-06
 0.51194E-06
 0.44792E-06
 0.82037E-06
 0.54704E-06
 0.91234E-06
 0.52723E-06
 0.62912E-06
 0.44434E-06
 0.24833E-06
 0.71517E-06
 0.31446E-06
 0.49774E-06
 0.18595E-06
 0.31612E-06
 0.31954E-06
 0.38232E-06
 0.80814E-06
 0.69726E-06
 0.98820E-06
 0.10616E-05
 0.75619E-06
 0.64284E-06
 0.21369E-06
 0.57278E-06
 0.90968E-06
 0.12043E-06
 0.87956E-07
 0.17035E-06
 0.26555E-06
 0.78542E-06
 0.66494E-06
 0.10235E-05
 0.10716E-05
 0.66800E-06
 0.92266E-06
 0.63384E-06
 0.92668E-06
 0.18550E-05
 0.22223E-05
 0.29852E-05
 0.18200E-05
 0.21203E-05
 0.26409E-05
 0.20901E-05
 0.21596E-05
 0.15929E-05
 0.14138E-05
 0.13937E-05
 0.88797E-06
 0.15094E-05
 0.18378E-05
 0.16452E-05
 0.82573E-06
 0.25775E-06
 0.42890E-06
 0.17629E-05
 0.25812E-05
 0.21493E-05
 0.88279E-06
 0.44574E-06
 0.18042E-05
 0.29164E-05
 0.24773E-05
 0.36637E-05
 0.45574E-05
 0.43254E-05
 0.37659E-05
 0.44194E-05
 0.35043E-05
 0.46969E-05
 0.38150E-05
 0.46597E-05
 0.37173E-05
 0.48079E-05
