 0.27473E-07
 0.30565E-07
 0.27392E-07
 0.32178E-07
 0.17352E-07
 0.31544E-07
 0.38654E-07
 0.28019E-07
 0.42694E-07
 0.64405E-07
 0.52506E-07
 0.58460E-07
 0.45694E-07
 0.21740E-07
 0.61222E-07
 0.83301E-07
 0.10274E-06
 0.99862E-07
 0.72911E-07
 0.12468E-06
 0.13063E-06
 0.15632E-06
 0.99473E-07
 0.18817E-06
 0.21158E-06
 0.19151E-06
 0.16728E-06
 0.20428E-06
 0.16337E-06
 0.27891E-06
 0.42440E-06
 0.58790E-06
 0.39185E-06
 0.50581E-06
 0.69789E-06
 0.61458E-06
 0.53176E-06
 0.51621E-06
 0.81732E-06
 0.82394E-06
 0.71202E-06
 0.54361E-06
 0.75297E-06
 0.89354E-06
 0.80200E-06
 0.58984E-06
 0.60886E-06
 0.57692E-06
 0.89852E-06
 0.67297E-06
 0.98946E-06
 0.67265E-06
 0.76892E-06
 0.55304E-06
 0.37256E-06
 0.81072E-06
 0.44277E-06
 0.63138E-06
 0.32805E-06
 0.45719E-06
 0.46485E-06
 0.54486E-06
 0.95403E-06
 0.86546E-06
 0.11371E-05
 0.12121E-05
 0.96086E-06
 0.86349E-06
 0.52003E-06
 0.81751E-06
 0.11591E-05
 0.37944E-06
 0.31615E-06
 0.41206E-06
 0.53458E-06
 0.10387E-05
 0.91953E-06
 0.12611E-05
 0.12846E-05
 0.92723E-06
 0.11625E-05
 0.91069E-06
 0.11937E-05
 0.20412E-05
 0.24693E-05
 0.30820E-05
 0.20735E-05
 0.23655E-05
 0.28094E-05
 0.23541E-05
 0.24296E-05
 0.19666E-05
 0.18778E-05
 0.18271E-05
 0.12790E-05
 0.18561E-05
 0.21633E-05
 0.20484E-05
 0.12660E-05
 0.69544E-06
 0.87744E-06
 0.21905E-05
 0.30903E-05
 0.28103E-05
 0.16994E-05
 0.11669E-05
 0.26312E-05
 0.34765E-05
 0.30038E-05
 0.39567E-05
 0.47600E-05
 0.46142E-05
 0.41136E-05
 0.47196E-05
 0.40006E-05
 0.50177E-05
 0.44128E-05
 0.50884E-05
 0.43022E-05
 0.53216E-05
