 0.32958E-07
 0.38465E-07
 0.34949E-07
 0.40256E-07
 0.21621E-07
 0.38509E-07
 0.48218E-07
 0.35694E-07
 0.52420E-07
 0.75810E-07
 0.64466E-07
 0.70802E-07
 0.56521E-07
 0.21206E-07
 0.76994E-07
 0.10152E-06
 0.12296E-06
 0.12126E-06
 0.94195E-07
 0.14642E-06
 0.15510E-06
 0.17845E-06
 0.12393E-06
 0.21150E-06
 0.23971E-06
 0.22250E-06
 0.19719E-06
 0.24401E-06
 0.20776E-06
 0.30699E-06
 0.43587E-06
 0.57704E-06
 0.41043E-06
 0.50082E-06
 0.67428E-06
 0.61103E-06
 0.54964E-06
 0.53830E-06
 0.79047E-06
 0.82043E-06
 0.72046E-06
 0.56773E-06
 0.74242E-06
 0.88277E-06
 0.79883E-06
 0.62015E-06
 0.65432E-06
 0.62903E-06
 0.91627E-06
 0.72103E-06
 0.10053E-05
 0.72943E-06
 0.82679E-06
 0.60583E-06
 0.41842E-06
 0.84299E-06
 0.49622E-06
 0.68880E-06
 0.36392E-06
 0.49977E-06
 0.52216E-06
 0.59845E-06
 0.10006E-05
 0.93257E-06
 0.11988E-05
 0.12673E-05
 0.10434E-05
 0.93510E-06
 0.61037E-06
 0.89771E-06
 0.12568E-05
 0.40800E-06
 0.30589E-06
 0.45779E-06
 0.61399E-06
 0.11430E-05
 0.10149E-05
 0.13496E-05
 0.13669E-05
 0.10259E-05
 0.12778E-05
 0.10002E-05
 0.13249E-05
 0.20965E-05
 0.25496E-05
 0.30877E-05
 0.21806E-05
 0.24729E-05
 0.28582E-05
 0.24337E-05
 0.25118E-05
 0.20966E-05
 0.20754E-05
 0.20044E-05
 0.14257E-05
 0.20067E-05
 0.23080E-05
 0.22871E-05
 0.15045E-05
 0.66326E-06
 0.92508E-06
 0.24989E-05
 0.33947E-05
 0.31231E-05
 0.20795E-05
 0.13730E-05
 0.30227E-05
 0.37252E-05
 0.32397E-05
 0.40663E-05
 0.48550E-05
 0.47342E-05
 0.42434E-05
 0.48483E-05
 0.42194E-05
 0.51405E-05
 0.46589E-05
 0.52797E-05
 0.45507E-05
 0.55423E-05
