 0.19156E-07
 0.21160E-07
 0.17312E-07
 0.21957E-07
 0.69472E-08
 0.20339E-07
 0.27335E-07
 0.16682E-07
 0.30343E-07
 0.51056E-07
 0.38363E-07
 0.43032E-07
 0.26010E-07
 0.59217E-08
 0.37222E-07
 0.62066E-07
 0.83782E-07
 0.79649E-07
 0.47670E-07
 0.99967E-07
 0.10544E-06
 0.13612E-06
 0.65230E-07
 0.16724E-06
 0.19062E-06
 0.16551E-06
 0.13820E-06
 0.12774E-06
 0.89507E-07
 0.22715E-06
 0.38539E-06
 0.57143E-06
 0.33689E-06
 0.48147E-06
 0.69142E-06
 0.58464E-06
 0.49124E-06
 0.46170E-06
 0.80758E-06
 0.77672E-06
 0.66877E-06
 0.47253E-06
 0.73931E-06
 0.88207E-06
 0.78298E-06
 0.52450E-06
 0.53717E-06
 0.47636E-06
 0.84491E-06
 0.57842E-06
 0.93948E-06
 0.55856E-06
 0.66309E-06
 0.46565E-06
 0.26857E-06
 0.74090E-06
 0.33587E-06
 0.52419E-06
 0.20730E-06
 0.33837E-06
 0.34144E-06
 0.41137E-06
 0.84350E-06
 0.73576E-06
 0.10304E-05
 0.11051E-05
 0.80267E-06
 0.69220E-06
 0.26795E-06
 0.62621E-06
 0.96991E-06
 0.15673E-06
 0.12189E-06
 0.20692E-06
 0.30995E-06
 0.84013E-06
 0.71523E-06
 0.10751E-05
 0.11145E-05
 0.71134E-06
 0.96329E-06
 0.67749E-06
 0.97349E-06
 0.19081E-05
 0.22988E-05
 0.30438E-05
 0.18900E-05
 0.21892E-05
 0.27059E-05
 0.21645E-05
 0.22347E-05
 0.16788E-05
 0.15123E-05
 0.14826E-05
 0.95528E-06
 0.15822E-05
 0.19108E-05
 0.17282E-05
 0.88869E-06
 0.32275E-06
 0.49201E-06
 0.18413E-05
 0.27109E-05
 0.23024E-05
 0.10188E-05
 0.56231E-06
 0.19853E-05
 0.30719E-05
 0.26035E-05
 0.37710E-05
 0.46681E-05
 0.44483E-05
 0.38818E-05
 0.45476E-05
 0.36473E-05
 0.48375E-05
 0.39881E-05
 0.48259E-05
 0.38855E-05
 0.49945E-05
