  6.384-175  5.402-175  4.420-175  3.438-175  2.457-175
  4.472-170  3.812-170  3.152-170  2.492-170  1.833-170
  1.716-165  1.474-165  1.232-165  9.898-166  7.477-166
  8.604-163  7.425-163  6.246-163  5.067-163  3.887-163
  1.069-159  9.276-160  7.863-160  6.449-160  5.035-160
  5.929-156  5.181-156  4.434-156  3.686-156  2.939-156
  2.937-153  2.580-153  2.223-153  1.867-153  1.510-153
  1.178-150  1.041-150  9.028-151  7.651-151  6.273-151
  9.974-148  8.861-148  7.748-148  6.635-148  5.522-148
  3.982-144  3.564-144  3.146-144  2.728-144  2.310-144
  1.372-139  1.240-139  1.107-139  9.753-140  8.431-140
  4.237-135  3.865-135  3.493-135  3.121-135  2.749-135
  3.269-131  3.007-131  2.744-131  2.481-131  2.218-131
  1.529-127  1.417-127  1.305-127  1.192-127  1.080-127
  3.066-125  2.854-125  2.642-125  2.430-125  2.218-125
  5.642-124  5.265-124  4.887-124  4.510-124  4.133-124
  5.516-122  5.166-122  4.817-122  4.468-122  4.118-122
  3.075-120  2.890-120  2.705-120  2.519-120  2.334-120
  6.787-119  6.394-119  6.000-119  5.607-119  5.214-119
  1.500-116  1.419-116  1.338-116  1.257-116  1.176-116
  6.886-114  6.543-114  6.201-114  5.859-114  5.517-114
  4.103-111  3.917-111  3.731-111  3.545-111  3.359-111
  3.549-108  3.404-108  3.258-108  3.113-108  2.967-108
  1.845-105  1.776-105  1.708-105  1.639-105  1.570-105
  1.297-102  1.253-102  1.210-102  1.167-102  1.123-102
  2.711-100  2.628-100  2.545-100  2.462-100  2.379-100
  2.563E-98  2.491E-98  2.418E-98  2.346E-98  2.273E-98
  5.904E-96  5.753E-96  5.601E-96  5.450E-96  5.298E-96
  1.537E-93  1.501E-93  1.466E-93  1.430E-93  1.394E-93
  7.136E-92  6.982E-92  6.829E-92  6.675E-92  6.521E-92
  4.113E-90  4.031E-90  3.949E-90  3.867E-90  3.786E-90
  2.034E-88  1.996E-88  1.959E-88  1.921E-88  1.883E-88
  1.085E-87  1.066E-87  1.046E-87  1.027E-87  1.007E-87
  1.260E-85  1.240E-85  1.219E-85  1.199E-85  1.179E-85
  1.940E-83  1.911E-83  1.883E-83  1.855E-83  1.826E-83
  3.387E-82  3.341E-82  3.294E-82  3.248E-82  3.201E-82
  2.427E-80  2.396E-80  2.366E-80  2.336E-80  2.306E-80
  5.390E-79  5.327E-79  5.264E-79  5.201E-79  5.139E-79
  9.076E-78  8.977E-78  8.878E-78  8.778E-78  8.679E-78
  9.504E-76  9.411E-76  9.318E-76  9.224E-76  9.131E-76
  9.168E-74  9.087E-74  9.006E-74  8.926E-74  8.845E-74
  1.453E-72  1.441E-72  1.429E-72  1.417E-72  1.405E-72
  1.570E-71  1.558E-71  1.546E-71  1.534E-71  1.521E-71
  2.429E-70  2.411E-70  2.394E-70  2.376E-70  2.358E-70
  2.272E-69  2.256E-69  2.240E-69  2.225E-69  2.209E-69
  3.407E-68  3.385E-68  3.363E-68  3.342E-68  3.320E-68
  1.668E-66  1.659E-66  1.649E-66  1.640E-66  1.630E-66
  9.109E-65  9.062E-65  9.015E-65  8.967E-65  8.920E-65
  2.872E-63  2.858E-63  2.845E-63  2.831E-63  2.818E-63
  3.393E-62  3.378E-62  3.363E-62  3.348E-62  3.333E-62
  1.939E-61  1.930E-61  1.922E-61  1.914E-61  1.906E-61
  1.613E-60  1.606E-60  1.600E-60  1.594E-60  1.587E-60
  1.620E-59  1.614E-59  1.608E-59  1.602E-59  1.597E-59
  1.923E-58  1.916E-58  1.910E-58  1.903E-58  1.896E-58
  2.086E-57  2.079E-57  2.072E-57  2.066E-57  2.059E-57
  2.604E-56  2.596E-56  2.588E-56  2.581E-56  2.573E-56
  3.661E-55  3.651E-55  3.641E-55  3.631E-55  3.621E-55
  4.619E-54  4.608E-54  4.596E-54  4.585E-54  4.573E-54
  3.533E-53  3.525E-53  3.517E-53  3.508E-53  3.500E-53
  5.450E-52  5.438E-52  5.427E-52  5.415E-52  5.403E-52
  2.198E-50  2.194E-50  2.190E-50  2.186E-50  2.182E-50
  7.057E-49  7.045E-49  7.034E-49  7.022E-49  7.010E-49
  1.840E-47  1.838E-47  1.835E-47  1.832E-47  1.829E-47
  3.969E-46  3.964E-46  3.959E-46  3.954E-46  3.948E-46
  5.425E-45  5.418E-45  5.412E-45  5.405E-45  5.399E-45
  6.507E-44  6.500E-44  6.493E-44  6.486E-44  6.479E-44
  6.917E-43  6.910E-43  6.903E-43  6.896E-43  6.889E-43
  8.381E-42  8.374E-42  8.366E-42  8.358E-42  8.351E-42
  8.933E-41  8.926E-41  8.919E-41  8.911E-41  8.904E-41
  8.456E-40  8.450E-40  8.443E-40  8.437E-40  8.431E-40
  5.817E-39  5.813E-39  5.809E-39  5.805E-39  5.801E-39
  3.011E-38  3.009E-38  3.007E-38  3.005E-38  3.004E-38
  1.465E-37  1.464E-37  1.463E-37  1.462E-37  1.461E-37
  1.172E-36  1.171E-36  1.171E-36  1.170E-36  1.169E-36
  7.097E-36  7.094E-36  7.090E-36  7.087E-36  7.083E-36
  3.353E-35  3.352E-35  3.350E-35  3.348E-35  3.347E-35
  1.753E-34  1.753E-34  1.752E-34  1.751E-34  1.750E-34
  8.546E-34  8.543E-34  8.540E-34  8.536E-34  8.533E-34
  3.900E-33  3.899E-33  3.897E-33  3.896E-33  3.894E-33
  1.673E-32  1.672E-32  1.672E-32  1.671E-32  1.671E-32
  3.899E-32  3.897E-32  3.895E-32  3.893E-32  3.892E-32
  8.900E-32  8.896E-32  8.892E-32  8.888E-32  8.883E-32
  2.595E-31  2.594E-31  2.593E-31  2.591E-31  2.590E-31
  9.437E-31  9.434E-31  9.430E-31  9.426E-31  9.422E-31
  3.269E-30  3.267E-30  3.266E-30  3.265E-30  3.264E-30
  1.081E-29  1.081E-29  1.080E-29  1.080E-29  1.079E-29
  3.422E-29  3.421E-29  3.420E-29  3.419E-29  3.418E-29
  1.040E-28  1.039E-28  1.039E-28  1.039E-28  1.038E-28
  3.036E-28  3.035E-28  3.034E-28  3.033E-28  3.033E-28
  8.544E-28  8.541E-28  8.539E-28  8.537E-28  8.534E-28
  2.321E-27  2.320E-27  2.320E-27  2.319E-27  2.318E-27
  6.096E-27  6.095E-27  6.093E-27  6.092E-27  6.090E-27
  1.551E-26  1.551E-26  1.550E-26  1.550E-26  1.549E-26
  3.827E-26  3.827E-26  3.826E-26  3.825E-26  3.824E-26
  9.176E-26  9.174E-26  9.172E-26  9.170E-26  9.169E-26
  2.140E-25  2.140E-25  2.139E-25  2.139E-25  2.138E-25
  4.134E-25  4.133E-25  4.132E-25  4.131E-25  4.131E-25
  7.256E-25  7.255E-25  7.254E-25  7.253E-25  7.251E-25
  1.588E-24  1.588E-24  1.587E-24  1.587E-24  1.587E-24
  3.394E-24  3.393E-24  3.393E-24  3.392E-24  3.392E-24
  7.093E-24  7.092E-24  7.091E-24  7.090E-24  7.089E-24
  1.451E-23  1.450E-23  1.450E-23  1.450E-23  1.450E-23
  3.112E-23  3.112E-23  3.112E-23  3.111E-23  3.111E-23
  6.102E-23  6.102E-23  6.101E-23  6.100E-23  6.100E-23
  1.101E-22  1.101E-22  1.100E-22  1.100E-22  1.100E-22
  2.083E-22  2.083E-22  2.083E-22  2.083E-22  2.083E-22
  3.876E-22  3.875E-22  3.875E-22  3.874E-22  3.874E-22
  7.090E-22  7.089E-22  7.088E-22  7.088E-22  7.087E-22
  1.276E-21  1.276E-21  1.276E-21  1.276E-21  1.276E-21
  2.262E-21  2.262E-21  2.262E-21  2.261E-21  2.261E-21
  3.950E-21  3.950E-21  3.950E-21  3.949E-21  3.949E-21
  6.800E-21  6.800E-21  6.799E-21  6.798E-21  6.798E-21
  1.155E-20  1.155E-20  1.154E-20  1.154E-20  1.154E-20
  1.935E-20  1.934E-20  1.934E-20  1.934E-20  1.934E-20
  3.200E-20  3.200E-20  3.200E-20  3.199E-20  3.199E-20
  5.229E-20  5.228E-20  5.228E-20  5.228E-20  5.227E-20
  8.442E-20  8.441E-20  8.441E-20  8.440E-20  8.440E-20
  1.347E-19  1.347E-19  1.347E-19  1.347E-19  1.347E-19
  2.127E-19  2.127E-19  2.127E-19  2.127E-19  2.127E-19
  3.322E-19  3.322E-19  3.322E-19  3.321E-19  3.321E-19
  5.135E-19  5.134E-19  5.134E-19  5.134E-19  5.134E-19
  7.858E-19  7.857E-19  7.857E-19  7.856E-19  7.856E-19
  1.192E-18  1.191E-18  1.191E-18  1.191E-18  1.191E-18
  1.790E-18  1.788E-18  1.788E-18  1.788E-18  1.788E-18
  2.674E-18  2.669E-18  2.666E-18  2.664E-18  2.662E-18
  3.929E-18  3.926E-18  3.925E-18  3.924E-18  3.924E-18
  5.759E-18  5.751E-18  5.747E-18  5.744E-18  5.742E-18
  8.357E-18  8.344E-18  8.338E-18  8.333E-18  8.328E-18
  1.200E-17  1.199E-17  1.198E-17  1.198E-17  1.197E-17
  1.716E-17  1.714E-17  1.713E-17  1.712E-17  1.712E-17
  2.431E-17  2.429E-17  2.427E-17  2.427E-17  2.426E-17
  3.420E-17  3.416E-17  3.415E-17  3.414E-17  3.413E-17
  4.777E-17  4.772E-17  4.770E-17  4.768E-17  4.767E-17
  6.630E-17  6.624E-17  6.622E-17  6.621E-17  6.620E-17
  9.146E-17  9.136E-17  9.132E-17  9.130E-17  9.127E-17
  1.253E-16  1.251E-16  1.251E-16  1.251E-16  1.250E-16
  1.705E-16  1.704E-16  1.703E-16  1.703E-16  1.702E-16
  2.307E-16  2.305E-16  2.304E-16  2.304E-16  2.304E-16
  3.104E-16  3.101E-16  3.100E-16  3.099E-16  3.099E-16
  4.153E-16  4.149E-16  4.147E-16  4.146E-16  4.145E-16
  5.521E-16  5.516E-16  5.514E-16  5.513E-16  5.513E-16
  8.967E-16  8.410E-16  7.932E-16  7.556E-16  7.328E-16
  1.736E-15  1.497E-15  1.279E-15  1.097E-15  9.792E-16
  2.449E-15  2.088E-15  1.756E-15  1.473E-15  1.288E-15
  3.454E-15  2.905E-15  2.399E-15  1.966E-15  1.683E-15
  4.470E-15  3.757E-15  3.100E-15  2.540E-15  2.178E-15
  5.414E-15  4.594E-15  3.839E-15  3.201E-15  2.796E-15
  7.045E-15  5.952E-15  4.949E-15  4.106E-15  3.584E-15
  8.989E-15  7.589E-15  6.304E-15  5.228E-15  4.568E-15
  1.062E-14  9.065E-15  7.648E-15  6.482E-15  5.806E-15
  1.081E-14  9.582E-15  8.510E-15  7.693E-15  7.295E-15
  1.219E-14  1.103E-14  1.007E-14  9.427E-15  9.178E-15
  1.164E-14  1.159E-14  1.157E-14  1.155E-14  1.154E-14
  1.784E-14  1.647E-14  1.539E-14  1.469E-14  1.444E-14
  2.771E-14  2.432E-14  2.135E-14  1.912E-14  1.808E-14
  3.672E-14  3.188E-14  2.754E-14  2.410E-14  2.221E-14
  4.568E-14  3.967E-14  3.429E-14  3.001E-14  2.771E-14
  5.305E-14  4.664E-14  4.095E-14  3.652E-14  3.424E-14
  6.519E-14  5.736E-14  5.040E-14  4.496E-14  4.216E-14
  7.746E-14  6.847E-14  6.058E-14  5.457E-14  5.164E-14
  9.434E-14  8.344E-14  7.389E-14  6.662E-14  6.311E-14
  1.088E-13  9.733E-14  8.743E-14  8.012E-14  7.679E-14
  1.317E-13  1.178E-13  1.059E-13  9.712E-14  9.318E-14
  1.516E-13  1.373E-13  1.252E-13  1.164E-13  1.127E-13
  1.782E-13  1.624E-13  1.491E-13  1.398E-13  1.359E-13
  2.118E-13  1.937E-13  1.786E-13  1.679E-13  1.635E-13
  2.508E-13  2.300E-13  2.128E-13  2.008E-13  1.960E-13
  2.922E-13  2.702E-13  2.520E-13  2.394E-13  2.344E-13
  3.420E-13  3.179E-13  2.981E-13  2.847E-13  2.795E-13
  4.018E-13  3.752E-13  3.533E-13  3.383E-13  3.325E-13
  4.702E-13  4.408E-13  4.168E-13  4.005E-13  3.943E-13
  5.593E-13  5.236E-13  4.942E-13  4.742E-13  4.666E-13
  6.566E-13  6.157E-13  5.821E-13  5.592E-13  5.506E-13
  7.690E-13  7.222E-13  6.838E-13  6.579E-13  6.482E-13
  9.020E-13  8.476E-13  8.028E-13  7.726E-13  7.613E-13
  1.038E-12  9.665E-13  9.072E-13  8.664E-13  8.508E-13
  1.085E-12  1.021E-12  9.690E-13  9.336E-13  9.204E-13
  1.232E-12  1.158E-12  1.098E-12  1.057E-12  1.043E-12
  1.450E-12  1.360E-12  1.286E-12  1.235E-12  1.216E-12
  1.630E-12  1.546E-12  1.477E-12  1.431E-12  1.415E-12
  1.909E-12  1.805E-12  1.720E-12  1.664E-12  1.643E-12
  2.255E-12  2.117E-12  2.005E-12  1.930E-12  1.904E-12
  2.638E-12  2.468E-12  2.328E-12  2.234E-12  2.201E-12
  2.756E-12  2.627E-12  2.523E-12  2.456E-12  2.433E-12
  3.113E-12  2.922E-12  2.763E-12  2.654E-12  2.613E-12
  4.167E-12  3.774E-12  3.415E-12  3.119E-12  2.945E-12
  1.210E-11  1.028E-11  8.423E-12  6.530E-12  4.651E-12
  1.307E-11  1.121E-11  9.308E-12  7.358E-12  5.388E-12
  2.026E-11  1.720E-11  1.403E-11  1.072E-11  7.274E-12
  2.017E-11  1.725E-11  1.422E-11  1.105E-11  7.761E-12
  3.352E-11  2.846E-11  2.312E-11  1.745E-11  1.137E-11
  4.111E-11  3.491E-11  2.835E-11  2.133E-11  1.373E-11
  4.755E-11  4.042E-11  3.284E-11  2.471E-11  1.587E-11
  5.342E-11  4.540E-11  3.688E-11  2.775E-11  1.782E-11
  5.988E-11  5.078E-11  4.116E-11  3.089E-11  1.979E-11
  7.012E-11  5.960E-11  4.843E-11  3.643E-11  2.334E-11
  8.016E-11  6.797E-11  5.509E-11  4.131E-11  2.640E-11
  1.124E-10  9.510E-11  7.675E-11  5.702E-11  3.537E-11
  7.652E-11  6.520E-11  5.333E-11  4.080E-11  2.747E-11
  1.347E-10  1.144E-10  9.269E-11  6.934E-11  4.361E-11
  1.021E-10  8.696E-11  7.100E-11  5.407E-11  3.591E-11
  1.483E-10  1.263E-10  1.028E-10  7.743E-11  4.933E-11
  2.508E-10  2.146E-10  1.755E-10  1.323E-10  8.243E-11
  4.262E-10  3.678E-10  3.047E-10  2.339E-10  1.488E-10
  5.917E-10  4.980E-10  4.047E-10  3.060E-10  1.927E-10
  6.958E-10  5.394E-10  4.215E-10  3.135E-10  1.982E-10
  8.684E-10  6.714E-10  5.264E-10  3.928E-10  2.479E-10
  1.230E-09  8.599E-10  6.432E-10  4.737E-10  3.000E-10
  1.710E-09  1.164E-09  8.534E-10  6.239E-10  3.938E-10
  2.957E-09  1.796E-09  1.218E-09  8.674E-10  5.494E-10
  1.958E-09  1.416E-09  1.078E-09  8.063E-10  5.218E-10
  2.719E-09  1.762E-09  1.246E-09  9.004E-10  5.723E-10
  3.953E-09  2.425E-09  1.653E-09  1.180E-09  7.471E-10
  5.620E-09  3.156E-09  1.981E-09  1.365E-09  8.636E-10
  5.280E-09  3.204E-09  2.148E-09  1.524E-09  9.712E-10
  4.133E-09  2.766E-09  2.000E-09  1.464E-09  9.416E-10
  5.503E-09  3.566E-09  2.513E-09  1.823E-09  1.180E-09
  5.531E-09  3.710E-09  2.674E-09  1.956E-09  1.264E-09
  3.019E-09  2.430E-09  1.955E-09  1.499E-09  9.825E-10
  6.205E-09  4.089E-09  2.922E-09  2.142E-09  1.391E-09
  9.276E-09  5.546E-09  3.656E-09  2.580E-09  1.661E-09
  9.857E-09  6.022E-09  4.036E-09  2.872E-09  1.862E-09
  1.101E-08  6.663E-09  4.416E-09  3.126E-09  2.029E-09
  1.354E-08  8.229E-09  5.480E-09  3.891E-09  2.533E-09
  1.238E-08  7.776E-09  5.323E-09  3.829E-09  2.504E-09
  1.373E-08  8.647E-09  5.963E-09  4.310E-09  2.813E-09
  1.096E-08  7.828E-09  5.913E-09  4.453E-09  2.954E-09
  6.032E-09  5.058E-09  4.188E-09  3.289E-09  2.211E-09
  1.682E-08  1.106E-08  7.878E-09  5.793E-09  3.843E-09
  1.765E-08  1.159E-08  8.252E-09  6.071E-09  4.024E-09
  2.462E-08  1.557E-08  1.073E-08  7.770E-09  5.152E-09
  2.118E-08  1.425E-08  1.032E-08  7.660E-09  5.129E-09
  2.149E-08  1.479E-08  1.087E-08  8.127E-09  5.473E-09
  2.580E-08  1.691E-08  1.195E-08  8.775E-09  5.879E-09
  2.611E-08  1.739E-08  1.236E-08  9.088E-09  6.118E-09
  3.073E-08  2.001E-08  1.392E-08  1.011E-08  6.756E-09
  2.267E-08  1.588E-08  1.175E-08  8.825E-09  5.990E-09
  3.724E-08  2.368E-08  1.617E-08  1.166E-08  7.805E-09
  4.597E-08  2.862E-08  1.908E-08  1.356E-08  9.044E-09
  4.321E-08  2.797E-08  1.933E-08  1.400E-08  9.391E-09
  4.464E-08  2.892E-08  1.996E-08  1.445E-08  9.699E-09
  4.123E-08  2.811E-08  2.054E-08  1.539E-08  1.048E-08
  6.752E-08  4.094E-08  2.639E-08  1.837E-08  1.221E-08
  6.785E-08  4.199E-08  2.735E-08  1.909E-08  1.277E-08
  1.213E-07  7.478E-08  4.437E-08  2.663E-08  1.626E-08
  2.370E-07  1.500E-07  8.556E-08  4.416E-08  2.256E-08
  3.273E-07  2.063E-07  1.151E-07  5.643E-08  2.715E-08
  2.678E-07  1.673E-07  9.325E-08  4.674E-08  2.351E-08
  2.788E-07  1.774E-07  1.008E-07  5.106E-08  2.535E-08
  4.164E-07  2.653E-07  1.490E-07  7.213E-08  3.329E-08
  4.131E-07  2.625E-07  1.470E-07  7.125E-08  3.321E-08
  3.343E-07  2.141E-07  1.228E-07  6.290E-08  3.140E-08
  3.441E-07  2.202E-07  1.260E-07  6.439E-08  3.229E-08
  5.047E-07  3.250E-07  1.843E-07  8.960E-08  4.085E-08
  5.064E-07  3.252E-07  1.851E-07  9.176E-08  4.351E-08
  4.588E-07  2.968E-07  1.710E-07  8.666E-08  4.203E-08
  3.119E-07  2.023E-07  1.194E-07  6.453E-08  3.425E-08
  4.410E-07  2.891E-07  1.702E-07  8.884E-08  4.406E-08
  6.417E-07  4.251E-07  2.505E-07  1.270E-07  5.849E-08
  6.108E-07  4.052E-07  2.396E-07  1.225E-07  5.715E-08
  4.129E-07  2.757E-07  1.674E-07  9.149E-08  4.716E-08
  3.544E-07  2.354E-07  1.435E-07  8.066E-08  4.379E-08
  4.161E-07  2.781E-07  1.699E-07  9.456E-08  5.055E-08
  6.305E-07  4.245E-07  2.568E-07  1.356E-07  6.502E-08
  4.495E-07  3.030E-07  1.863E-07  1.036E-07  5.447E-08
  6.460E-07  4.368E-07  2.658E-07  1.415E-07  6.842E-08
  5.089E-07  3.426E-07  2.105E-07  1.171E-07  6.156E-08
  4.674E-07  3.144E-07  1.945E-07  1.108E-07  6.052E-08
  3.427E-07  2.363E-07  1.537E-07  9.495E-08  5.602E-08
  1.812E-07  1.312E-07  9.268E-08  6.415E-08  4.165E-08
  5.091E-07  3.477E-07  2.198E-07  1.285E-07  7.120E-08
  2.211E-07  1.598E-07  1.122E-07  7.696E-08  4.958E-08
  3.315E-07  2.327E-07  1.561E-07  1.012E-07  6.258E-08
  1.443E-07  1.102E-07  8.320E-08  6.157E-08  4.175E-08
  2.171E-07  1.595E-07  1.149E-07  8.131E-08  5.374E-08
  2.178E-07  1.613E-07  1.176E-07  8.422E-08  5.603E-08
  2.974E-07  2.145E-07  1.483E-07  9.881E-08  6.235E-08
  6.783E-07  4.756E-07  3.073E-07  1.801E-07  9.770E-08
  6.459E-07  4.581E-07  3.009E-07  1.803E-07  1.000E-07
  8.322E-07  5.886E-07  3.823E-07  2.230E-07  1.181E-07
  9.295E-07  6.576E-07  4.255E-07  2.452E-07  1.272E-07
  7.492E-07  5.283E-07  3.446E-07  2.051E-07  1.135E-07
  6.362E-07  4.506E-07  2.970E-07  1.810E-07  1.038E-07
  2.590E-07  1.879E-07  1.342E-07  9.546E-08  6.483E-08
  4.658E-07  3.337E-07  2.254E-07  1.438E-07  8.747E-08
  7.146E-07  5.028E-07  3.299E-07  2.022E-07  1.188E-07
  2.544E-07  1.952E-07  1.500E-07  1.148E-07  8.220E-08
  1.328E-07  1.159E-07  9.986E-08  8.290E-08  6.168E-08
  1.502E-07  1.246E-07  1.034E-07  8.400E-08  6.209E-08
  2.387E-07  1.923E-07  1.538E-07  1.206E-07  8.767E-08
  3.246E-07  2.594E-07  2.021E-07  1.520E-07  1.061E-07
  8.411E-07  6.607E-07  4.891E-07  3.299E-07  1.913E-07
  7.423E-07  5.733E-07  4.183E-07  2.811E-07  1.672E-07
  1.133E-06  8.666E-07  6.210E-07  4.028E-07  2.219E-07
  9.733E-07  7.357E-07  5.232E-07  3.410E-07  1.951E-07
  8.307E-07  6.275E-07  4.493E-07  2.994E-07  1.791E-07
  6.205E-07  4.709E-07  3.435E-07  2.394E-07  1.540E-07
  5.683E-07  4.352E-07  3.211E-07  2.265E-07  1.474E-07
  8.756E-07  6.582E-07  4.703E-07  3.156E-07  1.935E-07
  1.829E-06  1.408E-06  1.010E-06  6.468E-07  3.409E-07
  2.582E-06  2.002E-06  1.444E-06  9.232E-07  4.728E-07
  3.502E-06  2.753E-06  2.016E-06  1.309E-06  6.668E-07
  2.219E-06  1.728E-06  1.258E-06  8.202E-07  4.387E-07
  2.571E-06  1.998E-06  1.448E-06  9.364E-07  4.914E-07
  3.011E-06  2.354E-06  1.717E-06  1.114E-06  5.789E-07
  2.204E-06  1.717E-06  1.250E-06  8.159E-07  4.371E-07
  2.732E-06  2.136E-06  1.560E-06  1.017E-06  5.366E-07
  1.850E-06  1.438E-06  1.047E-06  6.895E-07  3.814E-07
  1.490E-06  1.128E-06  8.024E-07  5.258E-07  3.097E-07
  1.865E-06  1.429E-06  1.027E-06  6.716E-07  3.821E-07
  8.808E-07  6.891E-07  5.198E-07  3.745E-07  2.492E-07
  1.406E-06  1.089E-06  8.000E-07  5.460E-07  3.341E-07
  1.992E-06  1.541E-06  1.121E-06  7.437E-07  4.286E-07
  2.066E-06  1.587E-06  1.147E-06  7.610E-07  4.484E-07
  9.024E-07  7.247E-07  5.703E-07  4.362E-07  3.096E-07
  2.814E-07  2.517E-07  2.202E-07  1.845E-07  1.385E-07
  3.753E-07  3.279E-07  2.814E-07  2.325E-07  1.730E-07
  1.773E-06  1.359E-06  9.946E-07  6.881E-07  4.400E-07
  2.994E-06  2.289E-06  1.633E-06  1.052E-06  5.873E-07
  2.740E-06  2.096E-06  1.499E-06  9.722E-07  5.546E-07
  1.489E-06  1.138E-06  8.365E-07  5.902E-07  3.963E-07
  5.239E-07  4.412E-07  3.700E-07  3.056E-07  2.349E-07
  2.449E-06  1.856E-06  1.320E-06  8.649E-07  5.176E-07
  3.684E-06  2.879E-06  2.097E-06  1.364E-06  7.367E-07
  3.181E-06  2.511E-06  1.862E-06  1.249E-06  7.053E-07
  4.056E-06  3.240E-06  2.428E-06  1.636E-06  8.972E-07
  5.321E-06  4.278E-06  3.225E-06  2.177E-06  1.174E-06
  4.746E-06  3.827E-06  2.904E-06  1.986E-06  1.103E-06
  4.663E-06  3.750E-06  2.834E-06  1.930E-06  1.072E-06
  5.032E-06  4.043E-06  3.052E-06  2.074E-06  1.147E-06
  4.977E-06  4.009E-06  3.038E-06  2.078E-06  1.161E-06
  5.107E-06  4.098E-06  3.088E-06  2.093E-06  1.160E-06
  5.564E-06  4.512E-06  3.445E-06  2.371E-06  1.326E-06
  5.777E-06  4.679E-06  3.565E-06  2.448E-06  1.369E-06
  6.107E-06  4.978E-06  3.830E-06  2.668E-06  1.517E-06
  5.756E-06  4.669E-06  3.577E-06  2.491E-06  1.443E-06
  6.338E-06  5.204E-06  4.043E-06  2.857E-06  1.658E-06
  6.374E-06  5.203E-06  4.012E-06  2.808E-06  1.624E-06
  5.836E-06  4.781E-06  3.715E-06  2.641E-06  1.572E-06
  6.443E-06  5.291E-06  4.120E-06  2.931E-06  1.741E-06
  5.847E-06  4.798E-06  3.737E-06  2.666E-06  1.604E-06
  6.679E-06  5.487E-06  4.269E-06  3.030E-06  1.797E-06
  5.733E-06  4.700E-06  3.657E-06  2.610E-06  1.587E-06
  7.594E-06  6.310E-06  4.972E-06  3.574E-06  2.128E-06
  8.903E-06  7.433E-06  5.886E-06  4.246E-06  2.517E-06
  8.629E-06  7.209E-06  5.720E-06  4.149E-06  2.493E-06
  8.322E-06  6.909E-06  5.446E-06  3.930E-06  2.374E-06
  8.457E-06  7.041E-06  5.568E-06  4.031E-06  2.437E-06
  8.316E-06  6.906E-06  5.444E-06  3.927E-06  2.381E-06
  6.354E-06  5.241E-06  4.122E-06  3.004E-06  1.907E-06
  7.657E-06  6.320E-06  4.954E-06  3.571E-06  2.208E-06
  7.932E-06  6.570E-06  5.167E-06  3.733E-06  2.310E-06
  8.509E-06  7.084E-06  5.603E-06  4.070E-06  2.525E-06
  8.703E-06  7.275E-06  5.779E-06  4.215E-06  2.612E-06
  9.206E-06  7.718E-06  6.149E-06  4.492E-06  2.772E-06
  1.015E-05  8.555E-06  6.859E-06  5.039E-06  3.101E-06
  1.048E-05  8.850E-06  7.109E-06  5.230E-06  3.217E-06
  9.813E-06  8.281E-06  6.646E-06  4.887E-06  3.011E-06
  1.133E-05  9.573E-06  7.679E-06  5.621E-06  3.411E-06
  8.737E-06  7.287E-06  5.770E-06  4.192E-06  2.609E-06
  8.864E-06  7.452E-06  5.968E-06  4.409E-06  2.796E-06
  1.043E-05  8.885E-06  7.231E-06  5.432E-06  3.463E-06
  1.044E-05  8.902E-06  7.254E-06  5.464E-06  3.509E-06
  1.058E-05  9.013E-06  7.340E-06  5.527E-06  3.554E-06
  1.193E-05  1.019E-05  8.311E-06  6.259E-06  3.995E-06
  1.241E-05  1.063E-05  8.701E-06  6.574E-06  4.198E-06
  1.192E-05  1.019E-05  8.329E-06  6.293E-06  4.056E-06
  1.254E-05  1.078E-05  8.857E-06  6.726E-06  4.333E-06
  9.817E-06  8.366E-06  6.815E-06  5.153E-06  3.400E-06
  1.101E-05  9.348E-06  7.563E-06  5.646E-06  3.637E-06
  1.307E-05  1.113E-05  9.013E-06  6.701E-06  4.230E-06
  1.367E-05  1.149E-05  9.166E-06  6.715E-06  4.195E-06
  1.337E-05  1.110E-05  8.745E-06  6.337E-06  3.960E-06
  8.588E-06  7.143E-06  5.699E-06  4.291E-06  2.964E-06
  1.118E-05  9.080E-06  6.999E-06  5.003E-06  3.205E-06
  1.075E-05  8.748E-06  6.798E-06  4.953E-06  3.255E-06
  1.272E-05  1.081E-05  8.777E-06  6.616E-06  4.345E-06
  1.573E-05  1.320E-05  1.057E-05  7.854E-06  5.068E-06
  8.325E-06  7.015E-06  5.725E-06  4.463E-06  3.218E-06
  1.476E-05  1.233E-05  9.860E-06  7.353E-06  4.861E-06
  9.808E-06  8.350E-06  6.851E-06  5.322E-06  3.773E-06
  1.910E-05  1.618E-05  1.310E-05  9.820E-06  6.318E-06
  2.038E-05  1.727E-05  1.400E-05  1.052E-05  6.771E-06
  2.035E-05  1.722E-05  1.393E-05  1.045E-05  6.721E-06
  1.991E-05  1.686E-05  1.366E-05  1.028E-05  6.664E-06
  2.011E-05  1.704E-05  1.381E-05  1.039E-05  6.740E-06
  2.144E-05  1.839E-05  1.509E-05  1.145E-05  7.409E-06
  2.039E-05  1.774E-05  1.478E-05  1.140E-05  7.489E-06
  2.168E-05  1.841E-05  1.494E-05  1.122E-05  7.211E-06
  2.167E-05  1.833E-05  1.479E-05  1.103E-05  7.050E-06
  2.205E-05  1.868E-05  1.512E-05  1.133E-05  7.276E-06
  2.090E-05  1.768E-05  1.431E-05  1.077E-05  7.027E-06
  2.189E-05  1.862E-05  1.517E-05  1.151E-05  7.556E-06
  2.105E-05  1.802E-05  1.482E-05  1.140E-05  7.654E-06
  2.134E-05  1.818E-05  1.488E-05  1.139E-05  7.655E-06
  1.995E-05  1.697E-05  1.388E-05  1.067E-05  7.286E-06
  1.840E-05  1.567E-05  1.285E-05  9.929E-06  6.858E-06
  1.510E-05  1.290E-05  1.067E-05  8.401E-06  6.032E-06
  2.202E-05  1.902E-05  1.578E-05  1.222E-05  8.283E-06
  2.091E-05  1.815E-05  1.512E-05  1.177E-05  8.070E-06
  2.359E-05  2.018E-05  1.657E-05  1.273E-05  8.592E-06
  2.203E-05  1.882E-05  1.546E-05  1.194E-05  8.190E-06
  2.384E-05  2.044E-05  1.684E-05  1.298E-05  8.807E-06
  2.564E-05  2.215E-05  1.839E-05  1.428E-05  9.680E-06
  2.567E-05  2.219E-05  1.846E-05  1.437E-05  9.761E-06
  2.692E-05  2.334E-05  1.946E-05  1.518E-05  1.030E-05
  2.745E-05  2.383E-05  1.991E-05  1.557E-05  1.060E-05
  2.958E-05  2.573E-05  2.154E-05  1.687E-05  1.144E-05
  2.763E-05  2.403E-05  2.013E-05  1.581E-05  1.081E-05
  2.878E-05  2.506E-05  2.102E-05  1.651E-05  1.128E-05
  3.013E-05  2.626E-05  2.204E-05  1.733E-05  1.183E-05
  2.892E-05  2.523E-05  2.121E-05  1.673E-05  1.151E-05
  2.972E-05  2.595E-05  2.183E-05  1.722E-05  1.184E-05
  2.959E-05  2.583E-05  2.174E-05  1.715E-05  1.182E-05
  3.000E-05  2.620E-05  2.206E-05  1.742E-05  1.200E-05
  3.076E-05  2.687E-05  2.261E-05  1.785E-05  1.228E-05
  3.037E-05  2.657E-05  2.240E-05  1.772E-05  1.224E-05
  2.952E-05  2.589E-05  2.191E-05  1.743E-05  1.216E-05
  3.113E-05  2.727E-05  2.303E-05  1.827E-05  1.268E-05
  3.183E-05  2.794E-05  2.367E-05  1.886E-05  1.316E-05
  3.198E-05  2.810E-05  2.383E-05  1.901E-05  1.330E-05
  3.208E-05  2.819E-05  2.392E-05  1.908E-05  1.336E-05
  3.207E-05  2.818E-05  2.392E-05  1.909E-05  1.340E-05
  3.252E-05  2.863E-05  2.434E-05  1.945E-05  1.364E-05
  3.083E-05  2.740E-05  2.350E-05  1.895E-05  1.343E-05
  2.747E-05  2.468E-05  2.146E-05  1.760E-05  1.279E-05
  3.202E-05  2.828E-05  2.414E-05  1.941E-05  1.376E-05
  3.224E-05  2.844E-05  2.426E-05  1.950E-05  1.384E-05
  3.189E-05  2.815E-05  2.403E-05  1.935E-05  1.378E-05
  3.291E-05  2.909E-05  2.487E-05  2.005E-05  1.428E-05
  3.358E-05  2.966E-05  2.533E-05  2.040E-05  1.451E-05
  3.194E-05  2.823E-05  2.415E-05  1.950E-05  1.397E-05
  3.094E-05  2.736E-05  2.341E-05  1.893E-05  1.361E-05
  3.270E-05  2.891E-05  2.473E-05  1.998E-05  1.432E-05
  3.269E-05  2.893E-05  2.477E-05  2.004E-05  1.438E-05
  3.403E-05  3.012E-05  2.579E-05  2.084E-05  1.491E-05
  3.328E-05  2.945E-05  2.521E-05  2.037E-05  1.461E-05
  3.375E-05  2.988E-05  2.558E-05  2.068E-05  1.482E-05
  3.340E-05  2.956E-05  2.532E-05  2.048E-05  1.472E-05
  3.254E-05  2.882E-05  2.470E-05  2.002E-05  1.446E-05
  2.982E-05  2.641E-05  2.266E-05  1.845E-05  1.355E-05
  3.057E-05  2.714E-05  2.338E-05  1.912E-05  1.412E-05
  3.347E-05  2.976E-05  2.563E-05  2.090E-05  1.522E-05
  3.404E-05  3.027E-05  2.608E-05  2.129E-05  1.553E-05
  3.515E-05  3.128E-05  2.698E-05  2.204E-05  1.606E-05
  3.185E-05  2.837E-05  2.452E-05  2.013E-05  1.488E-05
  3.524E-05  3.141E-05  2.714E-05  2.223E-05  1.627E-05
  3.628E-05  3.236E-05  2.799E-05  2.295E-05  1.679E-05
  3.356E-05  2.994E-05  2.592E-05  2.131E-05  1.575E-05
  3.577E-05  3.194E-05  2.766E-05  2.272E-05  1.670E-05
  3.588E-05  3.205E-05  2.778E-05  2.284E-05  1.681E-05
  3.584E-05  3.202E-05  2.774E-05  2.281E-05  1.679E-05
  3.497E-05  3.127E-05  2.713E-05  2.235E-05  1.656E-05
  3.597E-05  3.214E-05  2.787E-05  2.293E-05  1.693E-05
  3.681E-05  3.294E-05  2.860E-05  2.357E-05  1.741E-05
  3.653E-05  3.269E-05  2.839E-05  2.341E-05  1.732E-05
  3.658E-05  3.273E-05  2.842E-05  2.344E-05  1.737E-05
  3.688E-05  3.300E-05  2.866E-05  2.363E-05  1.751E-05
  3.712E-05  3.326E-05  2.892E-05  2.389E-05  1.774E-05
  3.774E-05  3.383E-05  2.944E-05  2.433E-05  1.807E-05
  3.698E-05  3.317E-05  2.890E-05  2.393E-05  1.785E-05
  3.657E-05  3.280E-05  2.858E-05  2.368E-05  1.770E-05
  3.754E-05  3.372E-05  2.942E-05  2.441E-05  1.824E-05
  3.802E-05  3.412E-05  2.975E-05  2.465E-05  1.840E-05
  3.819E-05  3.430E-05  2.992E-05  2.483E-05  1.858E-05
  3.767E-05  3.384E-05  2.955E-05  2.456E-05  1.843E-05
  3.826E-05  3.440E-05  3.006E-05  2.501E-05  1.879E-05
  3.783E-05  3.402E-05  2.974E-05  2.476E-05  1.863E-05
  3.972E-05  3.576E-05  3.129E-05  2.604E-05  1.953E-05
  3.894E-05  3.506E-05  3.068E-05  2.557E-05  1.924E-05
  3.941E-05  3.550E-05  3.109E-05  2.592E-05  1.951E-05
  3.884E-05  3.497E-05  3.060E-05  2.552E-05  1.925E-05
  3.962E-05  3.571E-05  3.130E-05  2.612E-05  1.971E-05
  4.012E-05  3.619E-05  3.175E-05  2.652E-05  2.002E-05
  3.969E-05  3.581E-05  3.143E-05  2.628E-05  1.988E-05
  3.982E-05  3.594E-05  3.156E-05  2.641E-05  1.999E-05
  3.762E-05  3.393E-05  2.979E-05  2.495E-05  1.903E-05
  3.989E-05  3.602E-05  3.165E-05  2.651E-05  2.011E-05
  3.999E-05  3.613E-05  3.176E-05  2.662E-05  2.022E-05
  4.023E-05  3.635E-05  3.197E-05  2.680E-05  2.037E-05
  4.041E-05  3.655E-05  3.217E-05  2.700E-05  2.055E-05
  4.030E-05  3.645E-05  3.208E-05  2.694E-05  2.053E-05
  3.993E-05  3.613E-05  3.182E-05  2.675E-05  2.043E-05
  4.016E-05  3.636E-05  3.206E-05  2.699E-05  2.064E-05
  4.096E-05  3.709E-05  3.270E-05  2.751E-05  2.101E-05
  4.092E-05  3.707E-05  3.269E-05  2.752E-05  2.105E-05
  4.046E-05  3.663E-05  3.229E-05  2.718E-05  2.082E-05
  4.031E-05  3.652E-05  3.223E-05  2.717E-05  2.086E-05
  3.935E-05  3.566E-05  3.149E-05  2.658E-05  2.048E-05
  4.002E-05  3.629E-05  3.207E-05  2.709E-05  2.089E-05
  3.903E-05  3.541E-05  3.131E-05  2.649E-05  2.050E-05
  4.080E-05  3.702E-05  3.273E-05  2.765E-05  2.129E-05
  4.103E-05  3.725E-05  3.294E-05  2.784E-05  2.146E-05
  4.039E-05  3.666E-05  3.242E-05  2.743E-05  2.119E-05
  3.956E-05  3.593E-05  3.181E-05  2.695E-05  2.090E-05
  4.111E-05  3.734E-05  3.305E-05  2.798E-05  2.162E-05
  4.137E-05  3.759E-05  3.329E-05  2.819E-05  2.180E-05
  4.058E-05  3.689E-05  3.269E-05  2.772E-05  2.151E-05
  4.085E-05  3.715E-05  3.293E-05  2.793E-05  2.168E-05
  4.109E-05  3.736E-05  3.312E-05  2.811E-05  2.182E-05
  4.113E-05  3.741E-05  3.317E-05  2.815E-05  2.188E-05
  4.144E-05  3.773E-05  3.348E-05  2.845E-05  2.211E-05
  4.083E-05  3.718E-05  3.302E-05  2.809E-05  2.190E-05
  4.134E-05  3.766E-05  3.345E-05  2.845E-05  2.216E-05
  4.102E-05  3.738E-05  3.323E-05  2.830E-05  2.211E-05
  4.111E-05  3.747E-05  3.332E-05  2.838E-05  2.219E-05
  4.103E-05  3.741E-05  3.327E-05  2.836E-05  2.218E-05
  4.167E-05  3.802E-05  3.384E-05  2.885E-05  2.255E-05
  4.178E-05  3.816E-05  3.400E-05  2.901E-05  2.269E-05
  4.042E-05  3.719E-05  3.338E-05  2.869E-05  2.262E-05
  3.569E-05  3.327E-05  3.034E-05  2.664E-05  2.163E-05
  4.140E-05  3.792E-05  3.388E-05  2.900E-05  2.279E-05
  4.220E-05  3.856E-05  3.438E-05  2.937E-05  2.304E-05
  4.213E-05  3.848E-05  3.430E-05  2.931E-05  2.302E-05
  4.219E-05  3.855E-05  3.437E-05  2.939E-05  2.310E-05
  4.192E-05  3.831E-05  3.417E-05  2.924E-05  2.301E-05
  4.253E-05  3.888E-05  3.469E-05  2.969E-05  2.336E-05
  4.207E-05  3.844E-05  3.430E-05  2.937E-05  2.315E-05
  4.253E-05  3.890E-05  3.473E-05  2.976E-05  2.346E-05
  4.238E-05  3.876E-05  3.462E-05  2.968E-05  2.343E-05
  4.242E-05  3.881E-05  3.467E-05  2.973E-05  2.349E-05
  4.248E-05  3.887E-05  3.473E-05  2.979E-05  2.355E-05
  4.236E-05  3.877E-05  3.466E-05  2.975E-05  2.355E-05
  4.268E-05  3.908E-05  3.495E-05  3.002E-05  2.377E-05
  4.216E-05  3.861E-05  3.453E-05  2.968E-05  2.355E-05
  4.255E-05  3.898E-05  3.488E-05  2.999E-05  2.379E-05
  4.273E-05  3.915E-05  3.505E-05  3.014E-05  2.393E-05
  4.265E-05  3.908E-05  3.499E-05  3.011E-05  2.392E-05
  4.266E-05  3.910E-05  3.502E-05  3.013E-05  2.395E-05
  4.264E-05  3.909E-05  3.501E-05  3.014E-05  2.395E-05
  4.276E-05  3.921E-05  3.513E-05  3.025E-05  2.406E-05
  4.279E-05  3.924E-05  3.516E-05  3.028E-05  2.410E-05
  4.199E-05  3.851E-05  3.453E-05  2.978E-05  2.378E-05
  4.261E-05  3.910E-05  3.506E-05  3.023E-05  2.412E-05
  4.285E-05  3.933E-05  3.529E-05  3.044E-05  2.429E-05
  4.272E-05  3.922E-05  3.519E-05  3.037E-05  2.426E-05
  4.270E-05  3.921E-05  3.519E-05  3.038E-05  2.428E-05
  4.271E-05  3.925E-05  3.527E-05  3.048E-05  2.438E-05
  4.247E-05  3.901E-05  3.504E-05  3.027E-05  2.423E-05
  4.241E-05  3.897E-05  3.501E-05  3.027E-05  2.425E-05
  4.247E-05  3.904E-05  3.509E-05  3.036E-05  2.435E-05
  4.180E-05  3.841E-05  3.453E-05  2.989E-05  2.404E-05
  4.249E-05  3.908E-05  3.514E-05  3.043E-05  2.444E-05
  4.262E-05  3.920E-05  3.526E-05  3.054E-05  2.456E-05
  4.288E-05  3.946E-05  3.551E-05  3.076E-05  2.473E-05
  4.288E-05  3.946E-05  3.551E-05  3.077E-05  2.473E-05
  4.211E-05  3.874E-05  3.488E-05  3.025E-05  2.440E-05
  4.276E-05  3.936E-05  3.543E-05  3.073E-05  2.474E-05
  4.270E-05  3.932E-05  3.542E-05  3.074E-05  2.477E-05
  4.300E-05  3.959E-05  3.565E-05  3.093E-05  2.491E-05
  4.310E-05  3.970E-05  3.578E-05  3.106E-05  2.505E-05
  4.238E-05  3.906E-05  3.522E-05  3.062E-05  2.477E-05
  4.201E-05  3.873E-05  3.496E-05  3.044E-05  2.468E-05
  4.254E-05  3.922E-05  3.540E-05  3.080E-05  2.494E-05
  4.276E-05  3.943E-05  3.559E-05  3.097E-05  2.507E-05
  4.305E-05  3.971E-05  3.585E-05  3.120E-05  2.525E-05
  4.284E-05  3.952E-05  3.569E-05  3.108E-05  2.518E-05
  4.298E-05  3.966E-05  3.583E-05  3.120E-05  2.530E-05
  4.309E-05  3.977E-05  3.594E-05  3.132E-05  2.540E-05
  4.330E-05  3.996E-05  3.611E-05  3.147E-05  2.552E-05
  4.307E-05  3.977E-05  3.594E-05  3.134E-05  2.546E-05
  4.312E-05  3.982E-05  3.601E-05  3.141E-05  2.552E-05
  4.304E-05  3.975E-05  3.596E-05  3.138E-05  2.553E-05
  4.327E-05  3.998E-05  3.617E-05  3.158E-05  2.568E-05
  4.322E-05  3.994E-05  3.615E-05  3.158E-05  2.571E-05
  4.242E-05  3.922E-05  3.552E-05  3.106E-05  2.536E-05
  4.319E-05  3.994E-05  3.618E-05  3.163E-05  2.579E-05
  4.293E-05  3.970E-05  3.596E-05  3.144E-05  2.565E-05
  4.315E-05  3.990E-05  3.614E-05  3.160E-05  2.578E-05
  4.278E-05  3.958E-05  3.588E-05  3.140E-05  2.567E-05
  4.326E-05  4.006E-05  3.634E-05  3.184E-05  2.603E-05
  4.342E-05  4.019E-05  3.643E-05  3.190E-05  2.605E-05
  4.337E-05  4.014E-05  3.640E-05  3.188E-05  2.607E-05
  4.306E-05  3.988E-05  3.619E-05  3.172E-05  2.598E-05
  4.315E-05  3.996E-05  3.627E-05  3.179E-05  2.604E-05
  4.347E-05  4.027E-05  3.654E-05  3.201E-05  2.619E-05
  4.340E-05  4.019E-05  3.646E-05  3.194E-05  2.612E-05
  4.302E-05  3.983E-05  3.612E-05  3.164E-05  2.589E-05
  4.245E-05  3.933E-05  3.571E-05  3.133E-05  2.572E-05
  4.264E-05  3.950E-05  3.586E-05  3.145E-05  2.579E-05
  4.332E-05  4.013E-05  3.643E-05  3.194E-05  2.617E-05
  4.341E-05  4.023E-05  3.653E-05  3.203E-05  2.625E-05
  4.305E-05  3.991E-05  3.626E-05  3.183E-05  2.613E-05
  4.311E-05  3.997E-05  3.632E-05  3.189E-05  2.621E-05
  4.291E-05  3.979E-05  3.617E-05  3.178E-05  2.613E-05
  4.327E-05  4.012E-05  3.646E-05  3.201E-05  2.629E-05
  4.274E-05  3.962E-05  3.601E-05  3.164E-05  2.602E-05
  4.313E-05  3.999E-05  3.634E-05  3.191E-05  2.620E-05
  4.336E-05  4.022E-05  3.655E-05  3.210E-05  2.636E-05
  4.326E-05  4.012E-05  3.647E-05  3.205E-05  2.634E-05
  4.327E-05  4.014E-05  3.651E-05  3.209E-05  2.640E-05
  4.228E-05  3.927E-05  3.576E-05  3.151E-05  2.604E-05
  4.254E-05  3.950E-05  3.597E-05  3.169E-05  2.618E-05
  4.258E-05  3.955E-05  3.602E-05  3.174E-05  2.622E-05
  4.296E-05  3.991E-05  3.635E-05  3.204E-05  2.646E-05
  4.336E-05  4.027E-05  3.667E-05  3.230E-05  2.665E-05
  4.326E-05  4.018E-05  3.660E-05  3.225E-05  2.662E-05
  4.269E-05  3.965E-05  3.612E-05  3.184E-05  2.633E-05
  4.250E-05  3.951E-05  3.602E-05  3.178E-05  2.630E-05
  4.287E-05  3.984E-05  3.631E-05  3.203E-05  2.650E-05
  4.316E-05  4.011E-05  3.655E-05  3.223E-05  2.665E-05
  4.263E-05  3.963E-05  3.612E-05  3.187E-05  2.640E-05
  4.321E-05  4.017E-05  3.663E-05  3.233E-05  2.676E-05
  4.268E-05  3.968E-05  3.619E-05  3.197E-05  2.652E-05
  4.289E-05  3.991E-05  3.644E-05  3.221E-05  2.673E-05
  4.274E-05  3.977E-05  3.631E-05  3.210E-05  2.666E-05
  4.239E-05  3.945E-05  3.604E-05  3.189E-05  2.656E-05
  4.067E-05  3.789E-05  3.466E-05  3.076E-05  2.575E-05
  4.212E-05  3.920E-05  3.580E-05  3.170E-05  2.644E-05
  3.619E-05  3.384E-05  3.114E-05  2.794E-05  2.389E-05
  4.317E-05  4.019E-05  3.671E-05  3.247E-05  2.698E-05
  4.255E-05  3.966E-05  3.627E-05  3.214E-05  2.679E-05
  4.256E-05  3.968E-05  3.631E-05  3.219E-05  2.685E-05
  4.313E-05  4.017E-05  3.671E-05  3.250E-05  2.704E-05
  4.262E-05  3.972E-05  3.634E-05  3.221E-05  2.688E-05
  3.706E-05  3.469E-05  3.196E-05  2.868E-05  2.448E-05
  4.220E-05  3.934E-05  3.600E-05  3.193E-05  2.667E-05
  4.286E-05  3.993E-05  3.652E-05  3.237E-05  2.700E-05
  4.272E-05  3.985E-05  3.648E-05  3.238E-05  2.704E-05
  4.161E-05  3.898E-05  3.587E-05  3.201E-05  2.690E-05
  4.293E-05  4.008E-05  3.672E-05  3.261E-05  2.722E-05
  4.291E-05  4.000E-05  3.660E-05  3.247E-05  2.712E-05
  4.218E-05  3.931E-05  3.599E-05  3.196E-05  2.677E-05
  4.275E-05  3.988E-05  3.653E-05  3.243E-05  2.711E-05
  4.256E-05  3.981E-05  3.656E-05  3.254E-05  2.725E-05
  4.120E-05  3.870E-05  3.570E-05  3.196E-05  2.696E-05
  4.308E-05  4.021E-05  3.685E-05  3.273E-05  2.737E-05
  4.319E-05  4.030E-05  3.693E-05  3.281E-05  2.745E-05
  4.270E-05  3.984E-05  3.651E-05  3.246E-05  2.721E-05
  4.287E-05  3.998E-05  3.663E-05  3.255E-05  2.726E-05
  4.297E-05  4.008E-05  3.672E-05  3.264E-05  2.734E-05
  4.307E-05  4.022E-05  3.687E-05  3.278E-05  2.745E-05
  4.059E-05  3.818E-05  3.529E-05  3.167E-05  2.683E-05
  4.233E-05  3.969E-05  3.653E-05  3.260E-05  2.739E-05
  4.327E-05  4.041E-05  3.707E-05  3.297E-05  2.762E-05
  4.255E-05  3.977E-05  3.652E-05  3.256E-05  2.738E-05
  4.163E-05  3.894E-05  3.579E-05  3.196E-05  2.695E-05
  4.234E-05  3.954E-05  3.628E-05  3.232E-05  2.718E-05
  4.307E-05  4.022E-05  3.690E-05  3.285E-05  2.757E-05
  4.280E-05  3.993E-05  3.658E-05  3.251E-05  2.723E-05
  4.264E-05  3.977E-05  3.644E-05  3.237E-05  2.710E-05
  4.275E-05  3.990E-05  3.656E-05  3.249E-05  2.719E-05
  4.190E-05  3.918E-05  3.596E-05  3.202E-05  2.688E-05
  3.998E-05  3.777E-05  3.507E-05  3.161E-05  2.686E-05
  4.149E-05  3.886E-05  3.575E-05  3.191E-05  2.688E-05
  4.229E-05  3.952E-05  3.628E-05  3.233E-05  2.717E-05
  4.249E-05  3.967E-05  3.637E-05  3.236E-05  2.716E-05
  4.272E-05  3.989E-05  3.660E-05  3.258E-05  2.736E-05
  4.262E-05  3.981E-05  3.653E-05  3.254E-05  2.735E-05
  4.255E-05  3.975E-05  3.647E-05  3.249E-05  2.731E-05
  4.255E-05  3.975E-05  3.648E-05  3.251E-05  2.734E-05
  4.250E-05  3.970E-05  3.643E-05  3.245E-05  2.727E-05
  4.095E-05  3.834E-05  3.529E-05  3.157E-05  2.673E-05
  4.220E-05  3.943E-05  3.621E-05  3.228E-05  2.717E-05
  4.189E-05  3.915E-05  3.595E-05  3.206E-05  2.701E-05
  4.248E-05  3.970E-05  3.646E-05  3.250E-05  2.734E-05
  4.257E-05  3.980E-05  3.655E-05  3.258E-05  2.740E-05
  4.243E-05  3.970E-05  3.649E-05  3.257E-05  2.744E-05
  4.203E-05  3.942E-05  3.630E-05  3.244E-05  2.736E-05
  3.969E-05  3.765E-05  3.511E-05  3.181E-05  2.721E-05
  4.204E-05  3.941E-05  3.630E-05  3.246E-05  2.740E-05
  4.247E-05  3.975E-05  3.656E-05  3.266E-05  2.754E-05
  4.217E-05  3.948E-05  3.633E-05  3.248E-05  2.744E-05
  4.195E-05  3.928E-05  3.617E-05  3.235E-05  2.736E-05
  4.206E-05  3.937E-05  3.622E-05  3.239E-05  2.737E-05
  4.187E-05  3.921E-05  3.610E-05  3.229E-05  2.731E-05
  4.234E-05  3.965E-05  3.650E-05  3.264E-05  2.757E-05
  4.232E-05  3.962E-05  3.645E-05  3.259E-05  2.753E-05
  4.235E-05  3.966E-05  3.650E-05  3.264E-05  2.759E-05
  4.205E-05  3.938E-05  3.627E-05  3.246E-05  2.747E-05
  4.219E-05  3.951E-05  3.639E-05  3.256E-05  2.754E-05
  4.209E-05  3.941E-05  3.628E-05  3.246E-05  2.747E-05
  4.231E-05  3.965E-05  3.652E-05  3.269E-05  2.766E-05
  4.223E-05  3.957E-05  3.646E-05  3.265E-05  2.765E-05
  4.227E-05  3.963E-05  3.653E-05  3.272E-05  2.771E-05
  4.207E-05  3.944E-05  3.637E-05  3.261E-05  2.765E-05
  4.204E-05  3.943E-05  3.638E-05  3.263E-05  2.769E-05
  4.189E-05  3.930E-05  3.626E-05  3.253E-05  2.761E-05
  4.231E-05  3.969E-05  3.661E-05  3.282E-05  2.782E-05
  4.226E-05  3.964E-05  3.657E-05  3.279E-05  2.780E-05
  4.229E-05  3.967E-05  3.660E-05  3.283E-05  2.784E-05
  4.221E-05  3.961E-05  3.656E-05  3.280E-05  2.783E-05
  4.176E-05  3.933E-05  3.642E-05  3.276E-05  2.785E-05
  4.102E-05  3.872E-05  3.595E-05  3.246E-05  2.773E-05
  4.198E-05  3.943E-05  3.644E-05  3.275E-05  2.785E-05
  4.166E-05  3.914E-05  3.618E-05  3.254E-05  2.771E-05
  4.188E-05  3.934E-05  3.636E-05  3.269E-05  2.783E-05
  4.197E-05  3.944E-05  3.646E-05  3.279E-05  2.791E-05
  4.178E-05  3.927E-05  3.632E-05  3.268E-05  2.785E-05
  4.160E-05  3.911E-05  3.619E-05  3.259E-05  2.780E-05
  4.173E-05  3.925E-05  3.633E-05  3.271E-05  2.790E-05
  4.144E-05  3.900E-05  3.612E-05  3.257E-05  2.783E-05
  4.156E-05  3.912E-05  3.623E-05  3.266E-05  2.789E-05
  4.134E-05  3.892E-05  3.607E-05  3.254E-05  2.782E-05
  4.128E-05  3.887E-05  3.604E-05  3.253E-05  2.782E-05
  4.046E-05  3.816E-05  3.544E-05  3.207E-05  2.754E-05
  4.093E-05  3.858E-05  3.580E-05  3.235E-05  2.773E-05
  4.078E-05  3.844E-05  3.568E-05  3.225E-05  2.765E-05
  4.034E-05  3.804E-05  3.533E-05  3.197E-05  2.747E-05
  4.041E-05  3.812E-05  3.540E-05  3.203E-05  2.750E-05
  3.930E-05  3.736E-05  3.497E-05  3.188E-05  2.753E-05
  3.965E-05  3.745E-05  3.480E-05  3.148E-05  2.700E-05
  4.021E-05  3.787E-05  3.511E-05  3.168E-05  2.710E-05
  4.048E-05  3.813E-05  3.535E-05  3.190E-05  2.728E-05
  4.031E-05  3.798E-05  3.523E-05  3.182E-05  2.725E-05
  4.026E-05  3.796E-05  3.525E-05  3.187E-05  2.734E-05
  4.040E-05  3.809E-05  3.536E-05  3.197E-05  2.740E-05
  3.980E-05  3.757E-05  3.493E-05  3.164E-05  2.720E-05
  4.003E-05  3.780E-05  3.516E-05  3.186E-05  2.739E-05
  3.999E-05  3.774E-05  3.508E-05  3.177E-05  2.728E-05
  3.978E-05  3.758E-05  3.497E-05  3.170E-05  2.728E-05
  4.025E-05  3.801E-05  3.535E-05  3.203E-05  2.752E-05
  4.022E-05  3.799E-05  3.535E-05  3.204E-05  2.754E-05
  3.997E-05  3.776E-05  3.515E-05  3.188E-05  2.743E-05
  3.955E-05  3.740E-05  3.485E-05  3.165E-05  2.728E-05
  3.956E-05  3.743E-05  3.490E-05  3.172E-05  2.736E-05
  4.009E-05  3.792E-05  3.533E-05  3.207E-05  2.761E-05
  3.930E-05  3.722E-05  3.474E-05  3.162E-05  2.732E-05
  3.931E-05  3.722E-05  3.472E-05  3.158E-05  2.728E-05
  3.922E-05  3.714E-05  3.467E-05  3.155E-05  2.726E-05
  3.993E-05  3.780E-05  3.525E-05  3.204E-05  2.761E-05
  3.878E-05  3.673E-05  3.429E-05  3.123E-05  2.702E-05
  3.927E-05  3.720E-05  3.473E-05  3.162E-05  2.732E-05
  3.906E-05  3.701E-05  3.456E-05  3.149E-05  2.723E-05
  3.927E-05  3.722E-05  3.476E-05  3.166E-05  2.735E-05
  3.958E-05  3.751E-05  3.503E-05  3.189E-05  2.752E-05
  3.950E-05  3.744E-05  3.498E-05  3.186E-05  2.751E-05
  3.925E-05  3.722E-05  3.479E-05  3.171E-05  2.742E-05
  3.933E-05  3.730E-05  3.486E-05  3.178E-05  2.746E-05
  3.925E-05  3.723E-05  3.480E-05  3.173E-05  2.743E-05
  3.914E-05  3.712E-05  3.471E-05  3.165E-05  2.737E-05
  3.925E-05  3.724E-05  3.483E-05  3.177E-05  2.747E-05
  3.910E-05  3.710E-05  3.471E-05  3.167E-05  2.740E-05
  3.895E-05  3.699E-05  3.463E-05  3.163E-05  2.739E-05
  3.891E-05  3.696E-05  3.461E-05  3.161E-05  2.739E-05
  3.881E-05  3.685E-05  3.451E-05  3.152E-05  2.730E-05
  3.890E-05  3.696E-05  3.462E-05  3.163E-05  2.740E-05
  3.867E-05  3.683E-05  3.458E-05  3.165E-05  2.743E-05
  3.600E-05  3.464E-05  3.289E-05  3.050E-05  2.685E-05
  3.849E-05  3.665E-05  3.440E-05  3.149E-05  2.731E-05
  3.848E-05  3.658E-05  3.430E-05  3.138E-05  2.722E-05
  3.862E-05  3.673E-05  3.445E-05  3.152E-05  2.734E-05
  3.843E-05  3.654E-05  3.427E-05  3.137E-05  2.723E-05
  3.853E-05  3.665E-05  3.439E-05  3.148E-05  2.732E-05
  3.811E-05  3.626E-05  3.404E-05  3.119E-05  2.711E-05
  3.802E-05  3.619E-05  3.398E-05  3.115E-05  2.709E-05
  3.833E-05  3.649E-05  3.425E-05  3.139E-05  2.726E-05
  3.797E-05  3.614E-05  3.394E-05  3.111E-05  2.706E-05
  3.809E-05  3.627E-05  3.407E-05  3.124E-05  2.717E-05
  3.801E-05  3.620E-05  3.401E-05  3.120E-05  2.714E-05
  3.811E-05  3.630E-05  3.412E-05  3.131E-05  2.724E-05
  3.802E-05  3.623E-05  3.406E-05  3.126E-05  2.720E-05
  3.795E-05  3.617E-05  3.402E-05  3.125E-05  2.721E-05
  3.762E-05  3.586E-05  3.373E-05  3.099E-05  2.701E-05
  3.771E-05  3.594E-05  3.381E-05  3.106E-05  2.706E-05
  3.763E-05  3.588E-05  3.377E-05  3.104E-05  2.706E-05
  3.747E-05  3.576E-05  3.369E-05  3.100E-05  2.707E-05
  3.753E-05  3.581E-05  3.373E-05  3.103E-05  2.708E-05
  3.757E-05  3.586E-05  3.378E-05  3.109E-05  2.713E-05
  3.752E-05  3.581E-05  3.373E-05  3.104E-05  2.709E-05
  3.742E-05  3.574E-05  3.369E-05  3.103E-05  2.710E-05
  3.734E-05  3.566E-05  3.362E-05  3.097E-05  2.706E-05
  3.714E-05  3.548E-05  3.345E-05  3.082E-05  2.694E-05
  3.720E-05  3.553E-05  3.350E-05  3.085E-05  2.693E-05
  3.682E-05  3.516E-05  3.315E-05  3.053E-05  2.666E-05
  3.704E-05  3.539E-05  3.336E-05  3.073E-05  2.681E-05
  3.657E-05  3.494E-05  3.296E-05  3.038E-05  2.655E-05
  3.625E-05  3.464E-05  3.268E-05  3.014E-05  2.638E-05
  3.674E-05  3.512E-05  3.314E-05  3.055E-05  2.671E-05
  3.686E-05  3.525E-05  3.328E-05  3.070E-05  2.684E-05
  3.578E-05  3.425E-05  3.238E-05  2.993E-05  2.629E-05
  3.666E-05  3.507E-05  3.313E-05  3.059E-05  2.679E-05
  3.602E-05  3.448E-05  3.260E-05  3.014E-05  2.645E-05
  3.629E-05  3.474E-05  3.284E-05  3.034E-05  2.659E-05
  3.625E-05  3.470E-05  3.280E-05  3.031E-05  2.656E-05
  3.625E-05  3.470E-05  3.281E-05  3.032E-05  2.657E-05
  3.584E-05  3.432E-05  3.246E-05  3.002E-05  2.636E-05
  3.583E-05  3.433E-05  3.249E-05  3.007E-05  2.642E-05
  3.590E-05  3.440E-05  3.255E-05  3.013E-05  2.646E-05
  3.513E-05  3.369E-05  3.192E-05  2.960E-05  2.611E-05
  3.612E-05  3.462E-05  3.279E-05  3.037E-05  2.670E-05
  3.579E-05  3.432E-05  3.251E-05  3.014E-05  2.653E-05
  3.491E-05  3.349E-05  3.175E-05  2.946E-05  2.600E-05
  3.511E-05  3.369E-05  3.194E-05  2.965E-05  2.616E-05
  3.567E-05  3.422E-05  3.244E-05  3.009E-05  2.650E-05
  3.571E-05  3.427E-05  3.250E-05  3.017E-05  2.660E-05
  3.532E-05  3.390E-05  3.217E-05  2.987E-05  2.638E-05
  3.551E-05  3.410E-05  3.236E-05  3.007E-05  2.656E-05
  3.538E-05  3.398E-05  3.226E-05  2.998E-05  2.650E-05
  3.530E-05  3.392E-05  3.222E-05  2.997E-05  2.652E-05
  3.534E-05  3.396E-05  3.227E-05  3.004E-05  2.659E-05
  3.527E-05  3.390E-05  3.222E-05  2.999E-05  2.655E-05
  3.498E-05  3.362E-05  3.195E-05  2.974E-05  2.634E-05
  3.484E-05  3.349E-05  3.184E-05  2.965E-05  2.629E-05
  3.506E-05  3.373E-05  3.209E-05  2.992E-05  2.655E-05
  3.456E-05  3.323E-05  3.161E-05  2.947E-05  2.617E-05
  3.457E-05  3.328E-05  3.169E-05  2.958E-05  2.632E-05
  3.370E-05  3.244E-05  3.089E-05  2.883E-05  2.568E-05
  3.428E-05  3.300E-05  3.142E-05  2.933E-05  2.610E-05
  3.333E-05  3.209E-05  3.057E-05  2.857E-05  2.550E-05
  3.406E-05  3.279E-05  3.124E-05  2.917E-05  2.597E-05
  3.412E-05  3.287E-05  3.133E-05  2.928E-05  2.611E-05
  3.393E-05  3.271E-05  3.120E-05  2.919E-05  2.606E-05
  3.347E-05  3.227E-05  3.081E-05  2.886E-05  2.583E-05
  3.384E-05  3.262E-05  3.111E-05  2.911E-05  2.599E-05
  3.318E-05  3.203E-05  3.061E-05  2.872E-05  2.574E-05
  3.259E-05  3.149E-05  3.014E-05  2.833E-05  2.547E-05
  3.318E-05  3.200E-05  3.055E-05  2.861E-05  2.559E-05
  3.291E-05  3.175E-05  3.030E-05  2.839E-05  2.541E-05
  3.205E-05  3.099E-05  2.967E-05  2.790E-05  2.507E-05
  3.126E-05  3.026E-05  2.902E-05  2.735E-05  2.468E-05
  3.219E-05  3.107E-05  2.969E-05  2.785E-05  2.497E-05
  3.165E-05  3.053E-05  2.916E-05  2.734E-05  2.452E-05
  3.139E-05  3.030E-05  2.895E-05  2.716E-05  2.438E-05
  3.090E-05  2.985E-05  2.854E-05  2.680E-05  2.408E-05
  2.935E-05  2.849E-05  2.742E-05  2.595E-05  2.356E-05
  3.020E-05  2.921E-05  2.798E-05  2.633E-05  2.371E-05
  3.033E-05  2.929E-05  2.801E-05  2.630E-05  2.365E-05
  3.004E-05  2.901E-05  2.774E-05  2.606E-05  2.344E-05
  2.981E-05  2.878E-05  2.751E-05  2.583E-05  2.322E-05
  2.964E-05  2.862E-05  2.737E-05  2.572E-05  2.313E-05
  2.944E-05  2.843E-05  2.719E-05  2.554E-05  2.297E-05
  2.903E-05  2.806E-05  2.686E-05  2.525E-05  2.273E-05
  2.758E-05  2.682E-05  2.585E-05  2.450E-05  2.230E-05
  2.819E-05  2.731E-05  2.620E-05  2.470E-05  2.230E-05
  2.829E-05  2.734E-05  2.617E-05  2.461E-05  2.217E-05
  2.789E-05  2.695E-05  2.579E-05  2.425E-05  2.186E-05
  2.781E-05  2.688E-05  2.573E-05  2.421E-05  2.183E-05
  2.737E-05  2.648E-05  2.536E-05  2.387E-05  2.153E-05
  2.554E-05  2.490E-05  2.407E-05  2.290E-05  2.096E-05
  2.694E-05  2.608E-05  2.501E-05  2.356E-05  2.129E-05
  2.646E-05  2.558E-05  2.449E-05  2.305E-05  2.083E-05
  2.672E-05  2.583E-05  2.474E-05  2.329E-05  2.103E-05
  2.642E-05  2.554E-05  2.447E-05  2.303E-05  2.081E-05
  2.622E-05  2.536E-05  2.430E-05  2.288E-05  2.069E-05
  2.579E-05  2.496E-05  2.394E-05  2.257E-05  2.042E-05
  2.429E-05  2.368E-05  2.289E-05  2.179E-05  1.996E-05
  2.546E-05  2.466E-05  2.366E-05  2.232E-05  2.021E-05
  2.532E-05  2.449E-05  2.347E-05  2.212E-05  2.002E-05
  2.500E-05  2.419E-05  2.318E-05  2.185E-05  1.978E-05
  2.494E-05  2.413E-05  2.313E-05  2.180E-05  1.973E-05
  2.473E-05  2.393E-05  2.294E-05  2.162E-05  1.958E-05
  2.464E-05  2.384E-05  2.286E-05  2.155E-05  1.952E-05
  2.452E-05  2.373E-05  2.276E-05  2.146E-05  1.944E-05
  2.417E-05  2.339E-05  2.243E-05  2.115E-05  1.916E-05
  2.384E-05  2.307E-05  2.213E-05  2.087E-05  1.894E-05
  2.392E-05  2.316E-05  2.221E-05  2.096E-05  1.900E-05
  2.367E-05  2.291E-05  2.198E-05  2.073E-05  1.880E-05
  2.335E-05  2.261E-05  2.169E-05  2.047E-05  1.858E-05
  2.326E-05  2.252E-05  2.161E-05  2.039E-05  1.851E-05
  2.308E-05  2.235E-05  2.144E-05  2.024E-05  1.836E-05
  2.278E-05  2.206E-05  2.117E-05  1.998E-05  1.815E-05
  2.276E-05  2.204E-05  2.116E-05  1.998E-05  1.815E-05
  2.253E-05  2.182E-05  2.095E-05  1.979E-05  1.799E-05
  2.234E-05  2.164E-05  2.078E-05  1.963E-05  1.785E-05
  2.220E-05  2.152E-05  2.066E-05  1.953E-05  1.776E-05
  2.208E-05  2.139E-05  2.055E-05  1.941E-05  1.765E-05
  2.185E-05  2.119E-05  2.037E-05  1.926E-05  1.753E-05
  2.052E-05  2.004E-05  1.942E-05  1.855E-05  1.709E-05
  2.132E-05  2.070E-05  1.991E-05  1.884E-05  1.717E-05
  2.127E-05  2.062E-05  1.982E-05  1.874E-05  1.707E-05
  2.127E-05  2.062E-05  1.981E-05  1.872E-05  1.704E-05
  2.092E-05  2.028E-05  1.949E-05  1.843E-05  1.680E-05
  2.091E-05  2.027E-05  1.948E-05  1.843E-05  1.679E-05
  2.076E-05  2.012E-05  1.933E-05  1.828E-05  1.665E-05
  2.060E-05  1.997E-05  1.918E-05  1.814E-05  1.653E-05
  2.045E-05  1.982E-05  1.905E-05  1.802E-05  1.642E-05
  2.026E-05  1.965E-05  1.889E-05  1.787E-05  1.630E-05
  2.010E-05  1.948E-05  1.872E-05  1.771E-05  1.616E-05
  2.002E-05  1.942E-05  1.867E-05  1.767E-05  1.612E-05
  1.975E-05  1.915E-05  1.841E-05  1.743E-05  1.591E-05
  1.959E-05  1.899E-05  1.824E-05  1.723E-05  1.567E-05
  1.955E-05  1.895E-05  1.822E-05  1.723E-05  1.570E-05
  1.937E-05  1.879E-05  1.806E-05  1.709E-05  1.559E-05
  1.914E-05  1.854E-05  1.779E-05  1.679E-05  1.526E-05
  1.902E-05  1.844E-05  1.772E-05  1.676E-05  1.528E-05
  1.899E-05  1.842E-05  1.770E-05  1.675E-05  1.528E-05
  1.868E-05  1.809E-05  1.737E-05  1.639E-05  1.489E-05
  1.868E-05  1.812E-05  1.741E-05  1.647E-05  1.501E-05
  1.846E-05  1.790E-05  1.721E-05  1.628E-05  1.487E-05
  1.822E-05  1.765E-05  1.695E-05  1.601E-05  1.456E-05
  1.827E-05  1.771E-05  1.702E-05  1.610E-05  1.469E-05
  1.813E-05  1.759E-05  1.691E-05  1.601E-05  1.462E-05
  1.786E-05  1.731E-05  1.662E-05  1.571E-05  1.431E-05
  1.784E-05  1.730E-05  1.663E-05  1.573E-05  1.435E-05
  1.771E-05  1.717E-05  1.651E-05  1.563E-05  1.429E-05
  1.758E-05  1.705E-05  1.638E-05  1.549E-05  1.413E-05
  1.732E-05  1.679E-05  1.614E-05  1.528E-05  1.396E-05
  1.738E-05  1.686E-05  1.622E-05  1.537E-05  1.405E-05
  1.717E-05  1.666E-05  1.602E-05  1.517E-05  1.387E-05
  1.692E-05  1.642E-05  1.579E-05  1.496E-05  1.368E-05
  1.698E-05  1.648E-05  1.585E-05  1.502E-05  1.374E-05
  1.689E-05  1.639E-05  1.577E-05  1.494E-05  1.368E-05
  1.674E-05  1.624E-05  1.562E-05  1.478E-05  1.351E-05
  1.668E-05  1.619E-05  1.558E-05  1.477E-05  1.352E-05
  1.656E-05  1.607E-05  1.547E-05  1.466E-05  1.343E-05
  1.637E-05  1.589E-05  1.529E-05  1.449E-05  1.328E-05
  1.627E-05  1.580E-05  1.521E-05  1.442E-05  1.322E-05
  1.614E-05  1.567E-05  1.509E-05  1.432E-05  1.314E-05
  1.614E-05  1.568E-05  1.510E-05  1.432E-05  1.314E-05
  1.586E-05  1.540E-05  1.482E-05  1.405E-05  1.289E-05
  1.590E-05  1.544E-05  1.486E-05  1.410E-05  1.293E-05
  1.580E-05  1.535E-05  1.479E-05  1.404E-05  1.289E-05
  1.561E-05  1.518E-05  1.464E-05  1.390E-05  1.278E-05
  1.479E-05  1.447E-05  1.406E-05  1.347E-05  1.252E-05
  1.539E-05  1.497E-05  1.444E-05  1.372E-05  1.262E-05
  1.531E-05  1.487E-05  1.433E-05  1.361E-05  1.252E-05
  1.524E-05  1.480E-05  1.426E-05  1.354E-05  1.245E-05
  1.505E-05  1.463E-05  1.410E-05  1.340E-05  1.233E-05
  1.502E-05  1.460E-05  1.409E-05  1.340E-05  1.235E-05
  1.502E-05  1.460E-05  1.408E-05  1.338E-05  1.231E-05
  1.494E-05  1.451E-05  1.399E-05  1.328E-05  1.222E-05
  1.485E-05  1.442E-05  1.390E-05  1.321E-05  1.216E-05
  1.474E-05  1.432E-05  1.380E-05  1.311E-05  1.207E-05
  1.465E-05  1.423E-05  1.372E-05  1.304E-05  1.201E-05
  1.456E-05  1.415E-05  1.364E-05  1.296E-05  1.194E-05
  1.448E-05  1.407E-05  1.357E-05  1.290E-05  1.189E-05
  1.422E-05  1.384E-05  1.337E-05  1.273E-05  1.177E-05
  1.420E-05  1.381E-05  1.333E-05  1.269E-05  1.172E-05
  1.418E-05  1.378E-05  1.329E-05  1.264E-05  1.165E-05
  1.410E-05  1.371E-05  1.322E-05  1.257E-05  1.159E-05
  1.404E-05  1.365E-05  1.316E-05  1.252E-05  1.154E-05
  1.395E-05  1.356E-05  1.307E-05  1.243E-05  1.147E-05
  1.387E-05  1.348E-05  1.300E-05  1.236E-05  1.141E-05
  1.377E-05  1.339E-05  1.292E-05  1.228E-05  1.134E-05
  1.370E-05  1.332E-05  1.285E-05  1.223E-05  1.129E-05
  1.357E-05  1.320E-05  1.273E-05  1.212E-05  1.119E-05
  1.351E-05  1.314E-05  1.268E-05  1.207E-05  1.115E-05
  1.337E-05  1.302E-05  1.257E-05  1.198E-05  1.108E-05
  1.312E-05  1.279E-05  1.237E-05  1.182E-05  1.097E-05
  1.324E-05  1.288E-05  1.244E-05  1.184E-05  1.095E-05
  1.319E-05  1.283E-05  1.238E-05  1.179E-05  1.090E-05
  1.311E-05  1.275E-05  1.230E-05  1.171E-05  1.083E-05
  1.302E-05  1.267E-05  1.223E-05  1.165E-05  1.077E-05
  1.291E-05  1.255E-05  1.211E-05  1.154E-05  1.068E-05
  1.287E-05  1.252E-05  1.209E-05  1.151E-05  1.065E-05
  1.277E-05  1.243E-05  1.199E-05  1.142E-05  1.057E-05
  1.272E-05  1.237E-05  1.194E-05  1.137E-05  1.053E-05
  1.264E-05  1.230E-05  1.187E-05  1.131E-05  1.047E-05
  1.257E-05  1.222E-05  1.180E-05  1.124E-05  1.041E-05
  1.249E-05  1.216E-05  1.174E-05  1.118E-05  1.036E-05
  1.240E-05  1.206E-05  1.165E-05  1.110E-05  1.028E-05
  1.233E-05  1.199E-05  1.158E-05  1.103E-05  1.023E-05
  1.227E-05  1.194E-05  1.153E-05  1.099E-05  1.019E-05
  1.217E-05  1.185E-05  1.145E-05  1.091E-05  1.012E-05
  1.189E-05  1.160E-05  1.124E-05  1.075E-05  1.001E-05
  1.193E-05  1.163E-05  1.126E-05  1.076E-05  9.999E-06
  1.196E-05  1.165E-05  1.125E-05  1.073E-05  9.954E-06
  1.188E-05  1.156E-05  1.117E-05  1.065E-05  9.887E-06
  1.185E-05  1.153E-05  1.114E-05  1.062E-05  9.855E-06
  1.174E-05  1.143E-05  1.104E-05  1.053E-05  9.774E-06
  1.168E-05  1.137E-05  1.098E-05  1.048E-05  9.726E-06
  1.164E-05  1.133E-05  1.095E-05  1.044E-05  9.694E-06
  1.148E-05  1.117E-05  1.080E-05  1.031E-05  9.584E-06
  1.149E-05  1.118E-05  1.081E-05  1.031E-05  9.579E-06
  1.143E-05  1.113E-05  1.075E-05  1.026E-05  9.529E-06
  1.137E-05  1.107E-05  1.069E-05  1.020E-05  9.483E-06
  1.126E-05  1.096E-05  1.060E-05  1.011E-05  9.405E-06
  1.123E-05  1.093E-05  1.056E-05  1.008E-05  9.368E-06
  1.116E-05  1.086E-05  1.050E-05  1.002E-05  9.319E-06
  1.110E-05  1.081E-05  1.045E-05  9.971E-06  9.272E-06
  1.105E-05  1.076E-05  1.040E-05  9.928E-06  9.233E-06
  1.094E-05  1.065E-05  1.030E-05  9.831E-06  9.149E-06
  1.083E-05  1.054E-05  1.019E-05  9.728E-06  9.053E-06
  1.070E-05  1.042E-05  1.007E-05  9.620E-06  8.957E-06
  1.058E-05  1.030E-05  9.962E-06  9.514E-06  8.862E-06
  1.029E-05  1.005E-05  9.741E-06  9.335E-06  8.733E-06
  1.030E-05  1.004E-05  9.718E-06  9.292E-06  8.669E-06
  1.020E-05  9.934E-06  9.610E-06  9.185E-06  8.569E-06
  1.012E-05  9.856E-06  9.534E-06  9.111E-06  8.500E-06
  9.992E-06  9.735E-06  9.419E-06  9.005E-06  8.407E-06
  9.871E-06  9.618E-06  9.305E-06  8.898E-06  8.310E-06
  9.756E-06  9.506E-06  9.199E-06  8.798E-06  8.222E-06
  9.693E-06  9.445E-06  9.139E-06  8.740E-06  8.164E-06
  9.599E-06  9.353E-06  9.050E-06  8.654E-06  8.085E-06
  9.492E-06  9.250E-06  8.951E-06  8.562E-06  8.002E-06
  9.394E-06  9.155E-06  8.861E-06  8.477E-06  7.925E-06
  9.298E-06  9.062E-06  8.771E-06  8.392E-06  7.848E-06
  9.187E-06  8.954E-06  8.667E-06  8.294E-06  7.761E-06
  9.104E-06  8.873E-06  8.590E-06  8.222E-06  7.695E-06
  8.998E-06  8.771E-06  8.492E-06  8.130E-06  7.613E-06
  8.905E-06  8.680E-06  8.404E-06  8.047E-06  7.537E-06
  8.832E-06  8.611E-06  8.339E-06  7.985E-06  7.479E-06
  8.740E-06  8.521E-06  8.252E-06  7.903E-06  7.405E-06
  8.619E-06  8.403E-06  8.138E-06  7.796E-06  7.312E-06
  8.527E-06  8.316E-06  8.056E-06  7.720E-06  7.243E-06
  8.408E-06  8.200E-06  7.946E-06  7.618E-06  7.155E-06
  8.330E-06  8.124E-06  7.871E-06  7.545E-06  7.087E-06
  8.222E-06  8.030E-06  7.792E-06  7.480E-06  7.034E-06
  8.051E-06  7.867E-06  7.639E-06  7.343E-06  6.922E-06
  8.113E-06  7.913E-06  7.669E-06  7.354E-06  6.910E-06
  8.034E-06  7.836E-06  7.594E-06  7.283E-06  6.846E-06
  7.959E-06  7.764E-06  7.525E-06  7.218E-06  6.786E-06
  7.897E-06  7.704E-06  7.468E-06  7.163E-06  6.735E-06
  7.829E-06  7.638E-06  7.404E-06  7.102E-06  6.678E-06
  7.736E-06  7.548E-06  7.318E-06  7.023E-06  6.608E-06
  7.656E-06  7.470E-06  7.243E-06  6.952E-06  6.543E-06
  7.601E-06  7.417E-06  7.192E-06  6.904E-06  6.499E-06
  7.532E-06  7.350E-06  7.127E-06  6.841E-06  6.440E-06
  7.438E-06  7.258E-06  7.038E-06  6.758E-06  6.366E-06
  7.387E-06  7.209E-06  6.991E-06  6.712E-06  6.322E-06
  7.278E-06  7.103E-06  6.891E-06  6.619E-06  6.242E-06
  7.220E-06  7.048E-06  6.838E-06  6.571E-06  6.198E-06
  7.173E-06  7.003E-06  6.795E-06  6.529E-06  6.157E-06
  6.982E-06  6.836E-06  6.654E-06  6.416E-06  6.075E-06
  7.033E-06  6.866E-06  6.663E-06  6.404E-06  6.043E-06
  6.973E-06  6.808E-06  6.607E-06  6.351E-06  5.994E-06
  6.921E-06  6.757E-06  6.557E-06  6.302E-06  5.948E-06
  6.866E-06  6.703E-06  6.505E-06  6.253E-06  5.902E-06
  6.785E-06  6.625E-06  6.431E-06  6.184E-06  5.842E-06
  6.721E-06  6.565E-06  6.375E-06  6.133E-06  5.796E-06
  6.668E-06  6.512E-06  6.323E-06  6.082E-06  5.747E-06
  6.576E-06  6.423E-06  6.238E-06  6.004E-06  5.680E-06
  6.569E-06  6.414E-06  6.227E-06  5.990E-06  5.660E-06
  6.496E-06  6.344E-06  6.159E-06  5.925E-06  5.603E-06
  6.449E-06  6.298E-06  6.116E-06  5.884E-06  5.563E-06
  6.320E-06  6.169E-06  5.988E-06  5.759E-06  5.445E-06
  6.218E-06  6.071E-06  5.893E-06  5.670E-06  5.362E-06
  6.191E-06  6.047E-06  5.872E-06  5.653E-06  5.351E-06
  6.053E-06  5.910E-06  5.739E-06  5.525E-06  5.232E-06
  5.969E-06  5.833E-06  5.669E-06  5.463E-06  5.179E-06
  5.965E-06  5.828E-06  5.662E-06  5.454E-06  5.167E-06
  5.815E-06  5.678E-06  5.513E-06  5.309E-06  5.031E-06
  5.810E-06  5.675E-06  5.513E-06  5.310E-06  5.032E-06
  5.775E-06  5.641E-06  5.481E-06  5.280E-06  5.004E-06
  5.648E-06  5.514E-06  5.354E-06  5.156E-06  4.887E-06
  5.657E-06  5.526E-06  5.369E-06  5.173E-06  4.902E-06
  5.607E-06  5.478E-06  5.323E-06  5.129E-06  4.862E-06
  5.503E-06  5.373E-06  5.218E-06  5.026E-06  4.765E-06
  5.497E-06  5.370E-06  5.217E-06  5.027E-06  4.767E-06
  5.468E-06  5.343E-06  5.192E-06  5.004E-06  4.746E-06
  5.367E-06  5.242E-06  5.092E-06  4.905E-06  4.652E-06
  5.365E-06  5.241E-06  5.093E-06  4.909E-06  4.657E-06
  5.316E-06  5.195E-06  5.049E-06  4.867E-06  4.617E-06
  5.218E-06  5.110E-06  4.977E-06  4.810E-06  4.575E-06
  5.219E-06  5.105E-06  4.967E-06  4.795E-06  4.557E-06
  5.210E-06  5.091E-06  4.950E-06  4.773E-06  4.532E-06
  5.168E-06  5.049E-06  4.907E-06  4.732E-06  4.492E-06
  5.155E-06  5.037E-06  4.897E-06  4.723E-06  4.485E-06
  5.105E-06  4.988E-06  4.850E-06  4.678E-06  4.443E-06
  5.062E-06  4.946E-06  4.809E-06  4.639E-06  4.407E-06
  5.032E-06  4.917E-06  4.780E-06  4.612E-06  4.382E-06
  4.974E-06  4.861E-06  4.727E-06  4.561E-06  4.335E-06
  4.968E-06  4.856E-06  4.724E-06  4.559E-06  4.335E-06
  4.918E-06  4.807E-06  4.675E-06  4.513E-06  4.292E-06
  4.879E-06  4.769E-06  4.639E-06  4.478E-06  4.259E-06
  4.848E-06  4.739E-06  4.610E-06  4.451E-06  4.234E-06
  4.813E-06  4.705E-06  4.577E-06  4.419E-06  4.203E-06
  4.778E-06  4.671E-06  4.545E-06  4.388E-06  4.176E-06
  4.737E-06  4.632E-06  4.507E-06  4.352E-06  4.143E-06
  4.705E-06  4.600E-06  4.477E-06  4.324E-06  4.117E-06
  4.682E-06  4.577E-06  4.454E-06  4.301E-06  4.094E-06
  4.630E-06  4.528E-06  4.406E-06  4.256E-06  4.053E-06
  4.615E-06  4.513E-06  4.393E-06  4.244E-06  4.042E-06
  4.562E-06  4.462E-06  4.344E-06  4.197E-06  3.999E-06
  4.537E-06  4.438E-06  4.320E-06  4.175E-06  3.978E-06
  4.513E-06  4.415E-06  4.298E-06  4.154E-06  3.958E-06
  4.466E-06  4.370E-06  4.256E-06  4.114E-06  3.922E-06
  4.416E-06  4.326E-06  4.218E-06  4.084E-06  3.898E-06
  4.409E-06  4.314E-06  4.201E-06  4.062E-06  3.874E-06
  4.396E-06  4.301E-06  4.189E-06  4.051E-06  3.864E-06
  4.348E-06  4.255E-06  4.145E-06  4.008E-06  3.823E-06
  4.313E-06  4.221E-06  4.112E-06  3.977E-06  3.795E-06
  4.282E-06  4.191E-06  4.083E-06  3.950E-06  3.770E-06
  4.263E-06  4.173E-06  4.065E-06  3.934E-06  3.754E-06
  4.240E-06  4.151E-06  4.045E-06  3.914E-06  3.737E-06
  4.191E-06  4.102E-06  3.997E-06  3.869E-06  3.694E-06
  4.174E-06  4.085E-06  3.981E-06  3.853E-06  3.679E-06
  4.141E-06  4.054E-06  3.951E-06  3.825E-06  3.653E-06
  4.116E-06  4.030E-06  3.928E-06  3.803E-06  3.632E-06
  4.083E-06  3.998E-06  3.898E-06  3.775E-06  3.608E-06
  4.062E-06  3.978E-06  3.878E-06  3.756E-06  3.589E-06
  4.035E-06  3.951E-06  3.852E-06  3.731E-06  3.566E-06
  3.992E-06  3.910E-06  3.812E-06  3.693E-06  3.531E-06
  3.982E-06  3.900E-06  3.803E-06  3.683E-06  3.522E-06
  3.947E-06  3.866E-06  3.771E-06  3.653E-06  3.494E-06
  3.920E-06  3.839E-06  3.744E-06  3.628E-06  3.471E-06
  3.902E-06  3.822E-06  3.727E-06  3.612E-06  3.454E-06
  3.882E-06  3.803E-06  3.710E-06  3.596E-06  3.441E-06
  3.842E-06  3.764E-06  3.671E-06  3.558E-06  3.404E-06
  3.833E-06  3.755E-06  3.663E-06  3.551E-06  3.399E-06
  3.789E-06  3.712E-06  3.623E-06  3.513E-06  3.364E-06
  3.774E-06  3.697E-06  3.607E-06  3.497E-06  3.349E-06
  3.746E-06  3.670E-06  3.581E-06  3.472E-06  3.325E-06
  3.733E-06  3.658E-06  3.569E-06  3.461E-06  3.314E-06
  3.709E-06  3.634E-06  3.547E-06  3.439E-06  3.294E-06
  3.673E-06  3.599E-06  3.512E-06  3.407E-06  3.263E-06
  3.659E-06  3.585E-06  3.500E-06  3.395E-06  3.253E-06
  3.637E-06  3.564E-06  3.479E-06  3.375E-06  3.234E-06
  3.612E-06  3.540E-06  3.455E-06  3.352E-06  3.213E-06
  3.588E-06  3.516E-06  3.433E-06  3.330E-06  3.192E-06
  3.568E-06  3.497E-06  3.414E-06  3.313E-06  3.177E-06
  3.542E-06  3.472E-06  3.390E-06  3.289E-06  3.154E-06
  3.522E-06  3.452E-06  3.371E-06  3.271E-06  3.136E-06
  3.503E-06  3.434E-06  3.353E-06  3.254E-06  3.121E-06
  3.475E-06  3.407E-06  3.327E-06  3.229E-06  3.097E-06
  3.446E-06  3.380E-06  3.302E-06  3.206E-06  3.077E-06
  3.410E-06  3.349E-06  3.277E-06  3.186E-06  3.061E-06
  3.412E-06  3.346E-06  3.268E-06  3.174E-06  3.045E-06
  3.381E-06  3.316E-06  3.240E-06  3.147E-06  3.022E-06
  3.371E-06  3.306E-06  3.230E-06  3.137E-06  3.011E-06
  3.351E-06  3.286E-06  3.210E-06  3.118E-06  2.993E-06
  3.328E-06  3.264E-06  3.189E-06  3.098E-06  2.975E-06
  3.310E-06  3.246E-06  3.172E-06  3.081E-06  2.958E-06
  3.289E-06  3.225E-06  3.151E-06  3.061E-06  2.939E-06
  3.266E-06  3.204E-06  3.131E-06  3.042E-06  2.921E-06
  3.244E-06  3.182E-06  3.110E-06  3.023E-06  2.904E-06
  3.218E-06  3.157E-06  3.086E-06  3.000E-06  2.883E-06
  3.207E-06  3.147E-06  3.075E-06  2.989E-06  2.872E-06
  3.190E-06  3.129E-06  3.059E-06  2.973E-06  2.856E-06
  3.170E-06  3.110E-06  3.040E-06  2.955E-06  2.840E-06
  3.152E-06  3.092E-06  3.023E-06  2.939E-06  2.825E-06
  3.133E-06  3.074E-06  3.005E-06  2.922E-06  2.809E-06
  3.103E-06  3.045E-06  2.979E-06  2.897E-06  2.787E-06
  3.089E-06  3.031E-06  2.964E-06  2.883E-06  2.772E-06
  3.071E-06  3.014E-06  2.948E-06  2.867E-06  2.758E-06
  3.051E-06  2.996E-06  2.930E-06  2.851E-06  2.742E-06
  3.030E-06  2.974E-06  2.910E-06  2.831E-06  2.724E-06
  3.021E-06  2.965E-06  2.901E-06  2.821E-06  2.714E-06
  3.001E-06  2.946E-06  2.881E-06  2.803E-06  2.697E-06
  2.983E-06  2.929E-06  2.865E-06  2.788E-06  2.683E-06
  2.964E-06  2.910E-06  2.847E-06  2.770E-06  2.665E-06
  2.940E-06  2.886E-06  2.824E-06  2.748E-06  2.645E-06
  2.902E-06  2.849E-06  2.788E-06  2.714E-06  2.613E-06
  2.866E-06  2.815E-06  2.755E-06  2.682E-06  2.583E-06
  2.837E-06  2.786E-06  2.726E-06  2.654E-06  2.557E-06
  2.804E-06  2.754E-06  2.696E-06  2.625E-06  2.529E-06
  2.770E-06  2.721E-06  2.664E-06  2.594E-06  2.500E-06
  2.739E-06  2.691E-06  2.635E-06  2.566E-06  2.473E-06
  2.706E-06  2.659E-06  2.604E-06  2.537E-06  2.446E-06
  2.673E-06  2.627E-06  2.573E-06  2.507E-06  2.418E-06
  2.642E-06  2.597E-06  2.544E-06  2.480E-06  2.392E-06
  2.615E-06  2.570E-06  2.517E-06  2.454E-06  2.367E-06
  2.586E-06  2.541E-06  2.490E-06  2.427E-06  2.342E-06
  2.556E-06  2.513E-06  2.462E-06  2.400E-06  2.316E-06
  2.527E-06  2.484E-06  2.434E-06  2.374E-06  2.291E-06
  2.500E-06  2.458E-06  2.409E-06  2.349E-06  2.268E-06
  2.469E-06  2.428E-06  2.380E-06  2.322E-06  2.242E-06
  2.445E-06  2.404E-06  2.356E-06  2.299E-06  2.220E-06
  2.419E-06  2.378E-06  2.331E-06  2.274E-06  2.197E-06
  2.392E-06  2.352E-06  2.306E-06  2.250E-06  2.174E-06
  2.366E-06  2.327E-06  2.281E-06  2.226E-06  2.151E-06
  2.340E-06  2.301E-06  2.257E-06  2.203E-06  2.129E-06
  2.315E-06  2.277E-06  2.233E-06  2.179E-06  2.107E-06
  2.291E-06  2.254E-06  2.210E-06  2.158E-06  2.086E-06
  2.265E-06  2.228E-06  2.186E-06  2.134E-06  2.063E-06
  2.243E-06  2.206E-06  2.164E-06  2.113E-06  2.044E-06
  2.218E-06  2.182E-06  2.141E-06  2.091E-06  2.022E-06
  2.181E-06  2.148E-06  2.111E-06  2.064E-06  1.998E-06
  2.162E-06  2.130E-06  2.092E-06  2.045E-06  1.980E-06
  2.149E-06  2.115E-06  2.076E-06  2.028E-06  1.962E-06
  2.128E-06  2.094E-06  2.056E-06  2.008E-06  1.943E-06
  2.106E-06  2.073E-06  2.035E-06  1.988E-06  1.924E-06
  2.085E-06  2.052E-06  2.015E-06  1.969E-06  1.906E-06
  2.063E-06  2.030E-06  1.993E-06  1.948E-06  1.886E-06
  2.043E-06  2.011E-06  1.975E-06  1.930E-06  1.869E-06
  2.022E-06  1.991E-06  1.955E-06  1.911E-06  1.851E-06
  2.002E-06  1.971E-06  1.936E-06  1.893E-06  1.833E-06
  1.983E-06  1.952E-06  1.917E-06  1.874E-06  1.815E-06
  1.963E-06  1.933E-06  1.898E-06  1.856E-06  1.798E-06
  1.943E-06  1.914E-06  1.880E-06  1.838E-06  1.781E-06
  1.924E-06  1.895E-06  1.862E-06  1.821E-06  1.764E-06
  1.905E-06  1.876E-06  1.843E-06  1.803E-06  1.747E-06
  1.886E-06  1.858E-06  1.825E-06  1.785E-06  1.731E-06
  1.869E-06  1.841E-06  1.809E-06  1.769E-06  1.715E-06
  1.849E-06  1.821E-06  1.790E-06  1.751E-06  1.698E-06
  1.832E-06  1.805E-06  1.774E-06  1.736E-06  1.683E-06
  1.816E-06  1.789E-06  1.758E-06  1.720E-06  1.668E-06
  1.798E-06  1.772E-06  1.741E-06  1.704E-06  1.653E-06
  1.781E-06  1.755E-06  1.725E-06  1.689E-06  1.638E-06
  1.763E-06  1.738E-06  1.708E-06  1.672E-06  1.622E-06
  1.748E-06  1.722E-06  1.693E-06  1.658E-06  1.608E-06
  1.732E-06  1.707E-06  1.678E-06  1.643E-06  1.594E-06
  1.716E-06  1.691E-06  1.663E-06  1.628E-06  1.580E-06
  1.700E-06  1.676E-06  1.648E-06  1.613E-06  1.566E-06
  1.684E-06  1.660E-06  1.633E-06  1.599E-06  1.552E-06
  1.669E-06  1.645E-06  1.618E-06  1.585E-06  1.538E-06
  1.654E-06  1.630E-06  1.603E-06  1.570E-06  1.525E-06
  1.639E-06  1.616E-06  1.589E-06  1.557E-06  1.511E-06
  1.624E-06  1.602E-06  1.575E-06  1.543E-06  1.498E-06
  1.608E-06  1.586E-06  1.561E-06  1.529E-06  1.485E-06
  1.594E-06  1.572E-06  1.547E-06  1.516E-06  1.472E-06
  1.580E-06  1.558E-06  1.533E-06  1.502E-06  1.459E-06
  1.566E-06  1.545E-06  1.520E-06  1.489E-06  1.447E-06
  1.552E-06  1.531E-06  1.506E-06  1.476E-06  1.435E-06
  1.539E-06  1.518E-06  1.494E-06  1.464E-06  1.423E-06
  1.525E-06  1.504E-06  1.480E-06  1.451E-06  1.410E-06
  1.512E-06  1.492E-06  1.468E-06  1.439E-06  1.399E-06
  1.500E-06  1.480E-06  1.456E-06  1.427E-06  1.387E-06
  1.486E-06  1.466E-06  1.443E-06  1.415E-06  1.375E-06
  1.473E-06  1.453E-06  1.431E-06  1.403E-06  1.364E-06
  1.461E-06  1.442E-06  1.419E-06  1.392E-06  1.353E-06
  1.449E-06  1.430E-06  1.407E-06  1.380E-06  1.342E-06
  1.437E-06  1.418E-06  1.396E-06  1.369E-06  1.331E-06
  1.425E-06  1.406E-06  1.384E-06  1.357E-06  1.320E-06
  1.412E-06  1.394E-06  1.372E-06  1.346E-06  1.309E-06
  1.400E-06  1.382E-06  1.361E-06  1.335E-06  1.298E-06
  1.389E-06  1.371E-06  1.350E-06  1.324E-06  1.288E-06
  1.377E-06  1.359E-06  1.339E-06  1.313E-06  1.278E-06
  1.366E-06  1.348E-06  1.328E-06  1.303E-06  1.268E-06
  1.355E-06  1.337E-06  1.317E-06  1.292E-06  1.257E-06
  1.344E-06  1.326E-06  1.306E-06  1.282E-06  1.247E-06
  1.332E-06  1.315E-06  1.296E-06  1.271E-06  1.237E-06
  1.322E-06  1.305E-06  1.285E-06  1.261E-06  1.228E-06
  1.311E-06  1.295E-06  1.275E-06  1.252E-06  1.218E-06
  1.299E-06  1.283E-06  1.264E-06  1.241E-06  1.208E-06
  1.289E-06  1.273E-06  1.254E-06  1.231E-06  1.199E-06
  1.280E-06  1.264E-06  1.245E-06  1.222E-06  1.190E-06
  1.270E-06  1.254E-06  1.235E-06  1.213E-06  1.181E-06
  1.260E-06  1.244E-06  1.226E-06  1.203E-06  1.172E-06
  1.249E-06  1.234E-06  1.216E-06  1.193E-06  1.162E-06
  1.240E-06  1.224E-06  1.207E-06  1.185E-06  1.154E-06
  1.230E-06  1.215E-06  1.197E-06  1.175E-06  1.145E-06
  3.126E-07  3.103E-07  3.076E-07  3.041E-07  2.987E-07
  7.808E-08  7.766E-08  7.714E-08  7.644E-08  7.527E-08
  3.450E-08  3.433E-08  3.411E-08  3.381E-08  3.331E-08
  1.929E-08  1.920E-08  1.908E-08  1.891E-08  1.863E-08
  1.228E-08  1.222E-08  1.214E-08  1.204E-08  1.186E-08
  8.480E-09  8.440E-09  8.388E-09  8.315E-09  8.192E-09
  6.201E-09  6.172E-09  6.134E-09  6.081E-09  5.991E-09
  4.728E-09  4.705E-09  4.676E-09  4.636E-09  4.567E-09
