  1.000E-38  1.000E-38  1.000E-38  1.000E-38  1.000E-38
  1.000E-38  1.000E-38  1.000E-38  1.000E-38  1.000E-38
  1.000E-38  1.000E-38  1.000E-38  1.000E-38  1.000E-38
  1.000E-38  1.000E-38  1.000E-38  1.000E-38  1.000E-38
  1.000E-38  1.000E-38  1.000E-38  1.000E-38  1.000E-38
  1.000E-38  1.000E-38  1.000E-38  1.000E-38  1.000E-38
  1.000E-38  1.000E-38  1.000E-38  1.000E-38  1.000E-38
  1.000E-38  1.000E-38  1.000E-38  1.000E-38  1.000E-38
  1.000E-38  1.000E-38  1.000E-38  1.000E-38  1.000E-38
  1.000E-38  1.000E-38  1.000E-38  1.000E-38  1.000E-38
  1.000E-38  1.000E-38  1.000E-38  1.000E-38  1.000E-38
  1.000E-38  1.000E-38  1.000E-38  1.000E-38  1.000E-38
  1.000E-38  1.000E-38  1.000E-38  1.000E-38  1.000E-38
  1.000E-38  1.000E-38  1.000E-38  1.000E-38  1.000E-38
  1.000E-38  1.000E-38  1.000E-38  1.000E-38  1.000E-38
  1.000E-38  1.000E-38  1.000E-38  1.000E-38  1.000E-38
  1.000E-38  1.000E-38  1.000E-38  1.000E-38  1.000E-38
  1.000E-38  1.000E-38  1.000E-38  1.000E-38  1.000E-38
  1.000E-38  1.000E-38  1.000E-38  1.000E-38  1.000E-38
  1.000E-38  1.000E-38  1.000E-38  1.000E-38  1.000E-38
  1.000E-38  1.000E-38  1.000E-38  1.000E-38  1.000E-38
  1.000E-38  1.000E-38  1.000E-38  1.000E-38  1.000E-38
  1.000E-38  1.000E-38  1.000E-38  1.000E-38  1.000E-38
  1.000E-38  1.000E-38  1.000E-38  1.000E-38  1.000E-38
  1.000E-38  1.000E-38  1.000E-38  1.000E-38  1.000E-38
  1.000E-38  1.000E-38  1.000E-38  1.000E-38  1.000E-38
  1.000E-38  1.000E-38  1.000E-38  1.000E-38  1.000E-38
  1.000E-38  1.000E-38  1.000E-38  1.000E-38  1.000E-38
  1.000E-38  1.000E-38  1.000E-38  1.000E-38  1.000E-38
  1.000E-38  1.000E-38  1.000E-38  1.000E-38  1.000E-38
  1.000E-38  1.000E-38  1.000E-38  1.000E-38  1.000E-38
  1.000E-38  1.000E-38  1.000E-38  1.000E-38  1.000E-38
  1.000E-38  1.000E-38  1.000E-38  1.000E-38  1.000E-38
  1.000E-38  1.000E-38  1.000E-38  1.000E-38  1.000E-38
  1.000E-38  1.000E-38  1.000E-38  1.000E-38  1.000E-38
  1.000E-38  1.000E-38  1.000E-38  1.000E-38  1.000E-38
  1.000E-38  1.000E-38  1.000E-38  1.000E-38  1.000E-38
  1.000E-38  1.000E-38  1.000E-38  1.000E-38  1.000E-38
  1.000E-38  1.000E-38  1.000E-38  1.000E-38  1.000E-38
  1.249E-68  8.335E-71  1.972E-74  1.103E-81  1.935-103
  6.406E-66  3.799E-68  6.803E-72  1.848E-79  2.209-102
  4.456E-67  1.706E-69  1.599E-73  1.404E-81  9.517-106
  1.267E-66  3.936E-69  2.603E-73  1.139E-81  9.535-107
  4.119E-66  9.999E-69  4.386E-73  8.438E-82  6.011-108
  9.305E-68 -5.066E-69 -4.319E-73 -9.566E-82 -2.389-108
 -1.301E-57 -2.447E-60 -6.445E-65 -3.773E-74 -4.484-102
  8.789E-60  1.083E-62  1.411E-67  2.020E-77  3.511-107
  4.367E-64  2.697E-67  1.208E-72  2.424E-83  1.958-115
  3.430E-61  1.713E-64  4.954E-70  3.499E-81  7.311-115
  2.179E-63  6.252E-67  7.803E-73  1.215E-84  4.593-120
  3.234E-63  7.261E-67  6.021E-73  4.140E-85  1.347-121
  4.960E-63  8.156E-67  4.026E-73  9.812E-86  1.420-123
  9.569E-54  1.357E-57  4.811E-64  5.102E-77  3.606-116
 -2.525E-54 -2.341E-58 -4.087E-65 -1.051E-78 -1.058-119
 -1.731E-60 -1.056E-64 -9.174E-72 -5.834E-86 -8.869-129
  2.287E-61  8.525E-66  3.282E-73  4.146E-88  5.060-133
  1.145E-62  2.036E-67  2.465E-75  3.606E-91  1.112-138
  7.795E-63  7.644E-68  3.435E-76  6.933E-93  5.704-143
  5.809E-63  3.545E-68  7.222E-77  2.998E-94  2.147-146
  3.215E-63  9.867E-69  6.394E-78  2.685E-96  1.989-151
  9.789E-64  1.077E-69  1.262E-79  1.735E-99  4.501-159
  2.095E-64  7.912E-71  1.562E-81  6.084-103  3.596-167
  2.984E-65  3.643E-72  1.094E-83  9.876-107  8.577-177
  3.153E-66  1.199E-73  5.151E-86  9.515-111  7.570-186
  2.910E-67  3.644E-75  2.460E-88  1.122-114  1.423-194
  2.360E-68  9.668E-77  1.014E-90  1.117-118  2.107-203
  1.371E-69  1.731E-78  2.556E-93  5.572-123  8.621-213
  4.425E-71  1.451E-80  2.261E-96  5.491-128  1.247-223
  9.935E-73  7.915E-83  1.167E-99  2.540-133  4.390-235
  1.690E-74  3.124E-85  4.040-103  6.755-139  5.600-247
  3.523E-76  1.694E-87  2.322-106  4.360-144  5.371-258
  8.829E-78  1.223E-89  2.105-109  6.235-149  3.144-268
  1.865E-79  7.216E-92  1.483-112  6.259-154  9.518-279
  7.022E-82  4.473E-95  4.545-117  5.305-162  7.542-294
  3.063E-84  3.520E-98  2.060-121  8.401-169  0.000E+00
  1.864E-86  4.411-101  1.853-125  4.074-175  0.000E+00
  5.237E-89  2.062-104  4.360-130  2.549-182  0.000E+00
  1.047E-91  6.387-108  6.037-135  7.394-190  0.000E+00
  1.756E-94  1.609-111  6.455-140  1.492-197  0.000E+00
  1.928E-97  2.417-115  3.522-145  1.124-205  0.000E+00
  2.870E-72  6.818E-84  2.526E-27  2.526E-27  2.526E-27
  2.473E-73  2.395E-85  2.274-105  2.059-145  3.035-266
  4.043E-75  1.136E-87  1.372-108  2.010-150  1.305-276
  1.982E-77  1.134E-90  9.642-113  7.906-158  3.857-290
  6.809E-80  7.460E-94  4.040-117  1.419-164  4.762-304
  2.193E-82  4.488E-97  1.481-121  2.017-171  0.000E+00
  5.163E-85  1.858-100  3.381-126  1.467-178  0.000E+00
  9.386E-88  5.609-104  5.124-131  5.864-186  0.000E+00
  1.209E-90  1.130-107  4.704-136  1.178-193  0.000E+00
  1.429E-93  1.992-111  3.468-141  1.579-201  0.000E+00
  1.187E-96  2.313-115  1.515-146  1.018-209  0.000E+00
  7.748-100  1.989-119  4.974-153  3.616-218  0.000E+00
  3.761-103  1.194-123  9.577-159  6.570-227  0.000E+00
  1.414-106  5.239-128  1.219-164  6.466-236  0.000E+00
  4.497-110  1.875-132  1.193-170  4.356-245  0.000E+00
  1.128-113  5.015-137  7.958-177  1.667-254  0.000E+00
  1.221-116  8.662-141  6.654-182  3.066-262  0.000E+00
  2.595-119  3.564-144  1.826-186  3.553-269  0.000E+00
  3.408-123  4.163-149  4.244-193  2.843-279  0.000E+00
  3.398-127  4.235-155  6.297-200  8.066-290  0.000E+00
  2.555-131  2.664-160  5.948-207  1.719-300  0.000E+00
  1.388-135  1.132-165  3.407-214  0.000E+00  0.000E+00
  2.254-140  1.037-171  2.416-222  0.000E+00  0.000E+00
  7.264-145  2.284-177  5.727-230  0.000E+00  0.000E+00
  6.146-150  1.479-182  5.886-237  0.000E+00  0.000E+00
  1.370-154  1.988-188  7.322-245  0.000E+00  0.000E+00
  2.286-159  1.868-194  5.704-253  0.000E+00  0.000E+00
  3.044-164  1.317-200  3.003-261  0.000E+00  0.000E+00
  2.944-169  6.299-207  9.562-270  0.000E+00  0.000E+00
  2.261-174  2.244-213  2.037-278  0.000E+00  0.000E+00
  1.202-179  5.140-220  1.696-287  0.000E+00  1.031E-18
  4.908-185  8.460-227  1.324-296  0.000E+00  0.000E+00
  1.607-190  1.045-233  6.947-306  0.000E+00  0.000E+00
  3.956-196  9.147-241  0.000E+00  0.000E+00  0.000E+00
  8.110-202  6.365-248  0.000E+00  0.000E+00  0.000E+00
  1.251-207  3.117-255  0.000E+00  0.000E+00  0.000E+00
  1.579-213  1.189-262  0.000E+00  0.000E+00  0.000E+00
  1.337-219  2.770-270  0.000E+00  0.000E+00  0.000E+00
  8.240-226  2.993-278  0.000E+00  0.000E+00  0.000E+00
  4.171-232  3.672-286  0.000E+00  0.000E+00  0.000E+00
  1.605-238  3.202-294  0.000E+00  0.000E+00  0.000E+00
  4.280-245  1.791-302  0.000E+00  0.000E+00  0.000E+00
  2.367E-15  2.366E-15  2.365E-15  2.627E-15  3.152E-15
  6.980E-15  6.975E-15  6.970E-15  6.966E-15  6.964E-15
  9.504E-15  9.497E-15  9.490E-15  9.485E-15  9.482E-15
  1.285E-14  1.284E-14  1.283E-14  1.283E-14  1.282E-14
  1.786E-14  1.785E-14  1.784E-14  1.783E-14  1.782E-14
  2.345E-14  2.343E-14  2.341E-14  2.339E-14  2.338E-14
  3.161E-14  3.158E-14  3.156E-14  3.154E-14  3.153E-14
  4.100E-14  4.096E-14  4.093E-14  4.091E-14  4.090E-14
  5.373E-14  5.368E-14  5.365E-14  5.362E-14  5.360E-14
  7.121E-14  7.115E-14  7.110E-14  7.106E-14  7.103E-14
  9.227E-14  9.219E-14  9.212E-14  9.206E-14  9.202E-14
  1.189E-13  1.189E-13  1.188E-13  1.187E-13  1.187E-13
  1.526E-13  1.525E-13  1.523E-13  1.523E-13  1.522E-13
  1.947E-13  1.946E-13  1.944E-13  1.943E-13  1.942E-13
  2.472E-13  2.470E-13  2.469E-13  2.467E-13  2.466E-13
  3.124E-13  3.122E-13  3.120E-13  3.118E-13  3.117E-13
  3.931E-13  3.928E-13  3.925E-13  3.923E-13  3.921E-13
  4.923E-13  4.919E-13  4.915E-13  4.912E-13  4.910E-13
  6.138E-13  6.133E-13  6.128E-13  6.125E-13  6.123E-13
  7.688E-13  7.670E-13  7.652E-13  7.633E-13  7.613E-13
  9.715E-13  9.656E-13  9.596E-13  9.532E-13  9.458E-13
  1.183E-12  1.175E-12  1.166E-12  1.157E-12  1.147E-12
  1.463E-12  1.450E-12  1.438E-12  1.424E-12  1.408E-12
 -2.728E+57 -1.408E+55 -1.993E+51 -3.372E+43 -9.676E+19
  2.167E-12  2.149E-12  2.132E-12  2.112E-12  2.087E-12
  2.673E-12  2.651E-12  2.627E-12  2.600E-12  2.567E-12
  3.226E-12  3.197E-12  3.166E-12  3.130E-12  3.084E-12
  3.892E-12  3.865E-12  3.837E-12  3.806E-12  3.768E-12
  4.378E-12  4.357E-12  4.334E-12  4.308E-12  4.281E-12
  5.472E-12  5.451E-12  5.429E-12  5.405E-12  5.382E-12
  5.878E-12  5.876E-12  5.873E-12  5.871E-12  5.870E-12
  7.739E-12  7.714E-12  7.687E-12  7.659E-12  7.633E-12
  9.345E-12  9.293E-12  9.234E-12  9.167E-12  9.092E-12
  1.095E-11  1.083E-11  1.070E-11  1.053E-11  1.030E-11
  1.317E-11  1.300E-11  1.283E-11  1.264E-11  1.238E-11
  1.529E-11  1.511E-11  1.494E-11  1.474E-11  1.450E-11
  1.805E-11  1.783E-11  1.761E-11  1.738E-11  1.709E-11
  2.129E-11  2.100E-11  2.072E-11  2.044E-11  2.008E-11
  2.527E-11  2.494E-11  2.462E-11  2.429E-11  2.388E-11
  2.892E-11  2.855E-11  2.819E-11  2.782E-11  2.738E-11
  3.417E-11  3.374E-11  3.331E-11  3.288E-11  3.236E-11
  3.890E-11  3.842E-11  3.794E-11  3.746E-11  3.688E-11
  4.554E-11  4.500E-11  4.448E-11  4.395E-11  4.331E-11
  5.257E-11  5.194E-11  5.134E-11  5.071E-11  4.995E-11
  6.029E-11  5.961E-11  5.894E-11  5.826E-11  5.743E-11
  6.920E-11  6.842E-11  6.766E-11  6.687E-11  6.591E-11
  7.898E-11  7.814E-11  7.732E-11  7.647E-11  7.541E-11
  8.997E-11  8.907E-11  8.817E-11  8.724E-11  8.610E-11
  1.025E-10  1.015E-10  1.005E-10  9.943E-11  9.814E-11
  1.167E-10  1.155E-10  1.144E-10  1.132E-10  1.117E-10
  1.324E-10  1.311E-10  1.298E-10  1.285E-10  1.268E-10
  1.498E-10  1.484E-10  1.470E-10  1.455E-10  1.437E-10
  1.693E-10  1.677E-10  1.662E-10  1.645E-10  1.625E-10
  1.852E-10  1.833E-10  1.814E-10  1.795E-10  1.772E-10
  1.957E-10  1.939E-10  1.921E-10  1.903E-10  1.879E-10
  2.156E-10  2.136E-10  2.116E-10  2.095E-10  2.069E-10
  2.424E-10  2.401E-10  2.379E-10  2.356E-10  2.327E-10
  2.713E-10  2.690E-10  2.666E-10  2.641E-10  2.611E-10
  3.042E-10  3.015E-10  2.989E-10  2.961E-10  2.927E-10
  3.417E-10  3.385E-10  3.354E-10  3.321E-10  3.280E-10
  3.824E-10  3.787E-10  3.751E-10  3.714E-10  3.668E-10
  4.102E-10  4.067E-10  4.033E-10  3.997E-10  3.952E-10
  4.353E-10  4.312E-10  4.272E-10  4.231E-10  4.179E-10
  4.837E-10  4.772E-10  4.708E-10  4.646E-10  4.578E-10
  5.959E-10  5.810E-10  5.643E-10  5.454E-10  5.240E-10
  6.645E-10  6.481E-10  6.297E-10  6.086E-10  5.838E-10
  7.605E-10  7.397E-10  7.161E-10  6.884E-10  6.547E-10
  8.066E-10  7.866E-10  7.641E-10  7.379E-10  7.066E-10
  9.592E-10  9.308E-10  8.983E-10  8.597E-10  8.117E-10
  1.069E-09  1.036E-09  9.992E-10  9.548E-10  8.995E-10
  1.188E-09  1.151E-09  1.109E-09  1.059E-09  9.954E-10
  1.302E-09  1.263E-09  1.218E-09  1.163E-09  1.094E-09
  1.446E-09  1.401E-09  1.350E-09  1.288E-09  1.209E-09
  1.591E-09  1.542E-09  1.486E-09  1.419E-09  1.332E-09
  1.801E-09  1.740E-09  1.670E-09  1.587E-09  1.479E-09
  2.085E-09  2.006E-09  1.915E-09  1.806E-09  1.663E-09
  1.954E-09  1.894E-09  1.827E-09  1.748E-09  1.649E-09
  2.479E-09  2.386E-09  2.280E-09  2.154E-09  1.988E-09
  2.397E-09  2.320E-09  2.233E-09  2.132E-09  2.003E-09
  2.712E-09  2.612E-09  2.500E-09  2.368E-09  2.195E-09
  3.212E-09  3.070E-09  2.913E-09  2.729E-09  2.488E-09
  3.859E-09  3.663E-09  3.446E-09  3.197E-09  2.880E-09
  4.736E-09  4.416E-09  4.088E-09  3.727E-09  3.290E-09
  5.682E-09  5.064E-09  4.576E-09  4.121E-09  3.607E-09
  6.542E-09  5.747E-09  5.155E-09  4.619E-09  4.015E-09
  8.200E-09  6.803E-09  5.896E-09  5.195E-09  4.466E-09
  9.551E-09  7.841E-09  6.724E-09  5.876E-09  5.009E-09
  1.355E-08  1.025E-08  8.266E-09  6.980E-09  5.816E-09
  1.056E-08  8.876E-09  7.716E-09  6.793E-09  5.826E-09
  1.338E-08  1.065E-08  8.912E-09  7.683E-09  6.499E-09
  1.744E-08  1.315E-08  1.055E-08  8.872E-09  7.373E-09
  2.296E-08  1.630E-08  1.239E-08  1.010E-08  8.281E-09
  2.119E-08  1.589E-08  1.263E-08  1.055E-08  8.733E-09
  1.899E-08  1.513E-08  1.266E-08  1.087E-08  9.122E-09
  2.223E-08  1.724E-08  1.409E-08  1.195E-08  9.959E-09
  2.313E-08  1.833E-08  1.518E-08  1.293E-08  1.078E-08
  1.668E-08  1.485E-08  1.338E-08  1.198E-08  1.038E-08
  2.598E-08  2.037E-08  1.678E-08  1.432E-08  1.203E-08
  3.486E-08  2.549E-08  1.981E-08  1.634E-08  1.347E-08
  3.622E-08  2.686E-08  2.108E-08  1.747E-08  1.443E-08
  3.938E-08  2.905E-08  2.267E-08  1.872E-08  1.546E-08
  4.644E-08  3.379E-08  2.600E-08  2.122E-08  1.730E-08
  4.347E-08  3.260E-08  2.581E-08  2.148E-08  1.774E-08
  4.984E-08  3.683E-08  2.881E-08  2.378E-08  1.947E-08
  4.205E-08  3.379E-08  2.831E-08  2.423E-08  2.015E-08
  2.920E-08  2.642E-08  2.402E-08  2.163E-08  1.882E-08
  5.825E-08  4.409E-08  3.512E-08  2.922E-08  2.394E-08
  6.232E-08  4.691E-08  3.727E-08  3.099E-08  2.540E-08
  7.811E-08  5.704E-08  4.396E-08  3.580E-08  2.889E-08
  7.068E-08  5.385E-08  4.318E-08  3.603E-08  2.946E-08
  7.058E-08  5.472E-08  4.445E-08  3.736E-08  3.068E-08
  8.163E-08  6.136E-08  4.847E-08  4.012E-08  3.280E-08
  8.118E-08  6.223E-08  4.978E-08  4.147E-08  3.414E-08
  9.218E-08  6.954E-08  5.465E-08  4.495E-08  3.671E-08
  7.665E-08  6.107E-08  5.054E-08  4.309E-08  3.612E-08
  1.114E-07  8.220E-08  6.320E-08  5.126E-08  4.164E-08
  1.311E-07  9.503E-08  7.150E-08  5.698E-08  4.573E-08
  1.249E-07  9.293E-08  7.192E-08  5.845E-08  4.733E-08
  1.278E-07  9.553E-08  7.416E-08  6.040E-08  4.910E-08
  1.317E-07  9.954E-08  7.879E-08  6.510E-08  5.290E-08
  1.777E-07  1.259E-07  9.213E-08  7.178E-08  5.692E-08
  1.720E-07  1.242E-07  9.250E-08  7.287E-08  5.825E-08
  2.240E-07  1.624E-07  1.166E-07  8.563E-08  6.523E-08
  3.398E-07  2.463E-07  1.700E-07  1.132E-07  7.699E-08
  4.455E-07  3.190E-07  2.141E-07  1.356E-07  8.728E-08
  3.838E-07  2.755E-07  1.873E-07  1.227E-07  8.302E-08
  3.833E-07  2.781E-07  1.911E-07  1.260E-07  8.509E-08
  5.400E-07  3.879E-07  2.599E-07  1.626E-07  1.020E-07
  5.506E-07  3.961E-07  2.660E-07  1.670E-07  1.055E-07
  4.600E-07  3.347E-07  2.305E-07  1.519E-07  1.021E-07
  4.779E-07  3.485E-07  2.401E-07  1.581E-07  1.062E-07
  6.469E-07  4.681E-07  3.156E-07  1.977E-07  1.230E-07
  6.675E-07  4.827E-07  3.265E-07  2.067E-07  1.309E-07
  6.133E-07  4.476E-07  3.072E-07  1.990E-07  1.295E-07
  4.545E-07  3.372E-07  2.400E-07  1.665E-07  1.180E-07
  5.814E-07  4.299E-07  3.009E-07  2.004E-07  1.341E-07
  7.979E-07  5.876E-07  4.047E-07  2.585E-07  1.607E-07
  7.646E-07  5.650E-07  3.914E-07  2.527E-07  1.599E-07
  5.547E-07  4.174E-07  3.003E-07  2.080E-07  1.447E-07
  5.084E-07  3.839E-07  2.794E-07  1.986E-07  1.438E-07
  5.895E-07  4.452E-07  3.221E-07  2.253E-07  1.589E-07
  8.008E-07  5.994E-07  4.232E-07  2.809E-07  1.828E-07
  6.232E-07  4.734E-07  3.443E-07  2.413E-07  1.698E-07
  8.348E-07  6.288E-07  4.472E-07  2.992E-07  1.963E-07
  7.022E-07  5.316E-07  3.850E-07  2.689E-07  1.883E-07
  6.605E-07  5.017E-07  3.669E-07  2.614E-07  1.887E-07
  4.967E-07  3.885E-07  2.984E-07  2.283E-07  1.769E-07
  3.236E-07  2.689E-07  2.240E-07  1.882E-07  1.579E-07
  6.912E-07  5.301E-07  3.929E-07  2.849E-07  2.089E-07
  3.756E-07  3.103E-07  2.563E-07  2.134E-07  1.774E-07
  5.104E-07  4.065E-07  3.203E-07  2.532E-07  2.019E-07
  2.958E-07  2.576E-07  2.257E-07  1.986E-07  1.721E-07
  3.864E-07  3.238E-07  2.725E-07  2.314E-07  1.952E-07
  3.890E-07  3.279E-07  2.779E-07  2.378E-07  2.016E-07
  4.917E-07  4.038E-07  3.287E-07  2.676E-07  2.184E-07
  9.115E-07  7.114E-07  5.339E-07  3.862E-07  2.771E-07
  8.760E-07  6.911E-07  5.258E-07  3.868E-07  2.822E-07
  1.073E-06  8.376E-07  6.257E-07  4.464E-07  3.126E-07
  1.178E-06  9.180E-07  6.819E-07  4.806E-07  3.303E-07
  1.022E-06  8.013E-07  6.055E-07  4.423E-07  3.207E-07
  9.137E-07  7.244E-07  5.565E-07  4.167E-07  3.120E-07
  5.725E-07  4.754E-07  3.944E-07  3.299E-07  2.769E-07
  7.585E-07  6.166E-07  4.912E-07  3.866E-07  3.059E-07
  1.059E-06  8.356E-07  6.384E-07  4.760E-07  3.563E-07
  5.587E-07  4.774E-07  4.107E-07  3.566E-07  3.058E-07
  4.011E-07  3.720E-07  3.451E-07  3.173E-07  2.831E-07
  4.253E-07  3.851E-07  3.506E-07  3.191E-07  2.843E-07
  5.023E-07  4.469E-07  3.991E-07  3.567E-07  3.130E-07
  5.934E-07  5.225E-07  4.573E-07  3.981E-07  3.415E-07
  1.077E-06  9.090E-07  7.440E-07  5.842E-07  4.362E-07
  9.833E-07  8.252E-07  6.752E-07  5.365E-07  4.140E-07
  1.356E-06  1.114E-06  8.833E-07  6.700E-07  4.818E-07
  1.210E-06  9.918E-07  7.900E-07  6.099E-07  4.572E-07
  1.082E-06  8.926E-07  7.215E-07  5.723E-07  4.464E-07
  8.869E-07  7.439E-07  6.180E-07  5.113E-07  4.208E-07
  8.456E-07  7.183E-07  6.053E-07  5.084E-07  4.245E-07
  1.155E-06  9.515E-07  7.694E-07  6.137E-07  4.854E-07
  2.004E-06  1.637E-06  1.279E-06  9.403E-07  6.389E-07
  2.756E-06  2.246E-06  1.742E-06  1.253E-06  8.024E-07
  3.522E-06  2.881E-06  2.236E-06  1.596E-06  9.828E-07
  2.401E-06  1.971E-06  1.548E-06  1.140E-06  7.649E-07
  2.746E-06  2.243E-06  1.749E-06  1.272E-06  8.343E-07
  3.124E-06  2.555E-06  1.989E-06  1.437E-06  9.212E-07
  2.444E-06  2.013E-06  1.588E-06  1.178E-06  7.991E-07
  2.922E-06  2.400E-06  1.882E-06  1.377E-06  9.052E-07
  2.152E-06  1.779E-06  1.417E-06  1.073E-06  7.603E-07
  1.926E-06  1.579E-06  1.254E-06  9.624E-07  7.193E-07
  2.244E-06  1.841E-06  1.456E-06  1.101E-06  7.945E-07
  1.260E-06  1.078E-06  9.128E-07  7.678E-07  6.397E-07
  1.750E-06  1.460E-06  1.188E-06  9.427E-07  7.331E-07
  2.290E-06  1.889E-06  1.505E-06  1.147E-06  8.368E-07
  2.420E-06  1.983E-06  1.569E-06  1.192E-06  8.780E-07
  1.346E-06  1.169E-06  1.014E-06  8.788E-07  7.467E-07
  7.124E-07  6.824E-07  6.502E-07  6.133E-07  5.656E-07
  8.292E-07  7.812E-07  7.339E-07  6.836E-07  6.208E-07
  2.220E-06  1.829E-06  1.474E-06  1.168E-06  9.162E-07
  3.410E-06  2.769E-06  2.150E-06  1.577E-06  1.096E-06
  3.244E-06  2.651E-06  2.078E-06  1.546E-06  1.093E-06
  2.249E-06  1.868E-06  1.521E-06  1.219E-06  9.677E-07
  1.207E-06  1.092E-06  9.880E-07  8.934E-07  7.950E-07
  3.167E-06  2.590E-06  2.039E-06  1.539E-06  1.125E-06
  4.094E-06  3.380E-06  2.664E-06  1.963E-06  1.321E-06
  3.636E-06  3.031E-06  2.429E-06  1.841E-06  1.288E-06
  4.313E-06  3.604E-06  2.883E-06  2.158E-06  1.449E-06
  5.481E-06  4.578E-06  3.647E-06  2.694E-06  1.741E-06
  4.986E-06  4.183E-06  3.361E-06  2.523E-06  1.685E-06
  4.976E-06  4.174E-06  3.355E-06  2.524E-06  1.699E-06
  5.425E-06  4.549E-06  3.651E-06  2.738E-06  1.831E-06
  5.399E-06  4.538E-06  3.657E-06  2.762E-06  1.870E-06
  5.660E-06  4.755E-06  3.826E-06  2.881E-06  1.944E-06
  6.008E-06  5.077E-06  4.112E-06  3.116E-06  2.098E-06
  6.243E-06  5.269E-06  4.261E-06  3.222E-06  2.170E-06
  6.488E-06  5.487E-06  4.454E-06  3.387E-06  2.290E-06
  6.287E-06  5.311E-06  4.311E-06  3.293E-06  2.270E-06
  6.733E-06  5.728E-06  4.684E-06  3.597E-06  2.461E-06
  6.817E-06  5.780E-06  4.707E-06  3.599E-06  2.469E-06
  6.402E-06  5.450E-06  4.475E-06  3.475E-06  2.449E-06
  6.937E-06  5.906E-06  4.844E-06  3.748E-06  2.619E-06
  6.430E-06  5.492E-06  4.528E-06  3.539E-06  2.530E-06
  7.238E-06  6.177E-06  5.076E-06  3.933E-06  2.760E-06
  6.421E-06  5.495E-06  4.544E-06  3.572E-06  2.596E-06
  8.018E-06  6.892E-06  5.704E-06  4.443E-06  3.097E-06
  9.144E-06  7.869E-06  6.512E-06  5.050E-06  3.459E-06
  8.946E-06  7.706E-06  6.391E-06  4.985E-06  3.462E-06
  8.858E-06  7.605E-06  6.292E-06  4.907E-06  3.445E-06
  8.990E-06  7.738E-06  6.419E-06  5.022E-06  3.532E-06
  8.930E-06  7.682E-06  6.370E-06  4.984E-06  3.531E-06
  7.397E-06  6.371E-06  5.325E-06  4.260E-06  3.189E-06
  8.567E-06  7.360E-06  6.108E-06  4.814E-06  3.503E-06
  8.830E-06  7.609E-06  6.331E-06  4.998E-06  3.635E-06
  9.292E-06  8.029E-06  6.698E-06  5.292E-06  3.837E-06
  9.561E-06  8.291E-06  6.945E-06  5.508E-06  3.989E-06
  9.983E-06  8.671E-06  7.272E-06  5.767E-06  4.155E-06
  1.078E-05  9.390E-06  7.890E-06  6.255E-06  4.460E-06
  1.113E-05  9.705E-06  8.169E-06  6.484E-06  4.621E-06
  1.072E-05  9.368E-06  7.914E-06  6.322E-06  4.560E-06
  1.213E-05  1.059E-05  8.924E-06  7.074E-06  5.001E-06
  1.016E-05  8.863E-06  7.478E-06  5.996E-06  4.435E-06
  1.026E-05  8.986E-06  7.626E-06  6.160E-06  4.584E-06
  1.132E-05  9.961E-06  8.489E-06  6.866E-06  5.043E-06
  1.137E-05  1.001E-05  8.545E-06  6.931E-06  5.121E-06
  1.146E-05  1.008E-05  8.594E-06  6.962E-06  5.148E-06
  1.269E-05  1.115E-05  9.482E-06  7.638E-06  5.554E-06
  1.305E-05  1.149E-05  9.791E-06  7.896E-06  5.732E-06
  1.271E-05  1.119E-05  9.544E-06  7.719E-06  5.673E-06
  1.327E-05  1.173E-05  1.004E-05  8.151E-06  5.977E-06
  1.136E-05  1.005E-05  8.642E-06  7.100E-06  5.422E-06
  1.244E-05  1.096E-05  9.347E-06  7.587E-06  5.681E-06
  1.416E-05  1.246E-05  1.059E-05  8.514E-06  6.215E-06
  1.490E-05  1.299E-05  1.093E-05  8.699E-06  6.315E-06
  1.513E-05  1.310E-05  1.094E-05  8.659E-06  6.296E-06
  1.100E-05  9.642E-06  8.250E-06  6.839E-06  5.462E-06
  1.406E-05  1.207E-05  1.002E-05  7.945E-06  5.957E-06
  1.386E-05  1.186E-05  9.852E-06  7.865E-06  5.980E-06
  1.446E-05  1.271E-05  1.084E-05  8.811E-06  6.641E-06
  1.668E-05  1.447E-05  1.215E-05  9.700E-06  7.131E-06
  1.019E-05  9.017E-06  7.852E-06  6.700E-06  5.577E-06
  1.580E-05  1.368E-05  1.149E-05  9.231E-06  6.976E-06
  1.150E-05  1.020E-05  8.857E-06  7.480E-06  6.106E-06
  1.953E-05  1.703E-05  1.435E-05  1.145E-05  8.288E-06
  2.062E-05  1.797E-05  1.514E-05  1.209E-05  8.716E-06
  2.076E-05  1.808E-05  1.523E-05  1.216E-05  8.792E-06
  2.045E-05  1.785E-05  1.507E-05  1.208E-05  8.806E-06
  2.075E-05  1.812E-05  1.531E-05  1.228E-05  8.960E-06
  2.187E-05  1.925E-05  1.638E-05  1.318E-05  9.540E-06
  2.083E-05  1.856E-05  1.601E-05  1.308E-05  9.616E-06
  2.232E-05  1.954E-05  1.653E-05  1.325E-05  9.612E-06
  2.260E-05  1.974E-05  1.668E-05  1.334E-05  9.686E-06
  2.286E-05  1.999E-05  1.691E-05  1.357E-05  9.870E-06
  2.203E-05  1.926E-05  1.632E-05  1.315E-05  9.700E-06
  2.275E-05  1.994E-05  1.694E-05  1.369E-05  1.009E-05
  2.187E-05  1.925E-05  1.646E-05  1.343E-05  1.005E-05
  2.226E-05  1.953E-05  1.662E-05  1.351E-05  1.012E-05
  2.120E-05  1.859E-05  1.585E-05  1.296E-05  9.877E-06
  2.004E-05  1.762E-05  1.510E-05  1.245E-05  9.622E-06
  1.736E-05  1.535E-05  1.330E-05  1.120E-05  8.998E-06
  2.294E-05  2.034E-05  1.749E-05  1.434E-05  1.081E-05
  2.188E-05  1.950E-05  1.686E-05  1.391E-05  1.063E-05
  2.447E-05  2.152E-05  1.836E-05  1.493E-05  1.119E-05
  2.321E-05  2.042E-05  1.746E-05  1.430E-05  1.092E-05
  2.460E-05  2.169E-05  1.856E-05  1.516E-05  1.142E-05
  2.596E-05  2.298E-05  1.975E-05  1.616E-05  1.208E-05
  2.608E-05  2.312E-05  1.990E-05  1.632E-05  1.223E-05
  2.709E-05  2.404E-05  2.072E-05  1.700E-05  1.268E-05
  2.752E-05  2.444E-05  2.108E-05  1.732E-05  1.293E-05
  2.928E-05  2.602E-05  2.244E-05  1.839E-05  1.361E-05
  2.779E-05  2.473E-05  2.139E-05  1.763E-05  1.322E-05
  2.870E-05  2.555E-05  2.209E-05  1.819E-05  1.359E-05
  2.990E-05  2.662E-05  2.301E-05  1.892E-05  1.408E-05
  2.892E-05  2.578E-05  2.234E-05  1.845E-05  1.386E-05
  2.965E-05  2.645E-05  2.292E-05  1.892E-05  1.419E-05
  2.955E-05  2.637E-05  2.286E-05  1.889E-05  1.421E-05
  3.000E-05  2.678E-05  2.323E-05  1.920E-05  1.444E-05
  3.066E-05  2.737E-05  2.373E-05  1.960E-05  1.471E-05
  3.038E-05  2.716E-05  2.359E-05  1.954E-05  1.474E-05
  2.959E-05  2.651E-05  2.311E-05  1.924E-05  1.464E-05
  3.107E-05  2.779E-05  2.416E-05  2.004E-05  1.514E-05
  3.160E-05  2.830E-05  2.465E-05  2.047E-05  1.548E-05
  3.177E-05  2.847E-05  2.482E-05  2.064E-05  1.562E-05
  3.188E-05  2.858E-05  2.493E-05  2.074E-05  1.572E-05
  3.191E-05  2.861E-05  2.495E-05  2.077E-05  1.579E-05
  3.236E-05  2.905E-05  2.537E-05  2.113E-05  1.604E-05
  3.101E-05  2.805E-05  2.467E-05  2.072E-05  1.591E-05
  2.790E-05  2.551E-05  2.274E-05  1.943E-05  1.532E-05
  3.210E-05  2.890E-05  2.533E-05  2.122E-05  1.628E-05
  3.228E-05  2.905E-05  2.545E-05  2.133E-05  1.639E-05
  3.203E-05  2.885E-05  2.532E-05  2.126E-05  1.640E-05
  3.292E-05  2.967E-05  2.604E-05  2.187E-05  1.682E-05
  3.352E-05  3.019E-05  2.647E-05  2.220E-05  1.706E-05
  3.221E-05  2.906E-05  2.555E-05  2.153E-05  1.671E-05
  3.146E-05  2.841E-05  2.502E-05  2.114E-05  1.651E-05
  3.298E-05  2.975E-05  2.616E-05  2.204E-05  1.710E-05
  3.302E-05  2.982E-05  2.625E-05  2.215E-05  1.721E-05
  3.415E-05  3.082E-05  2.711E-05  2.283E-05  1.766E-05
  3.363E-05  3.037E-05  2.674E-05  2.255E-05  1.753E-05
  3.409E-05  3.079E-05  2.711E-05  2.287E-05  1.776E-05
  3.382E-05  3.056E-05  2.693E-05  2.274E-05  1.773E-05
  3.319E-05  3.003E-05  2.650E-05  2.244E-05  1.760E-05
  3.115E-05  2.823E-05  2.499E-05  2.132E-05  1.703E-05
  3.159E-05  2.866E-05  2.540E-05  2.170E-05  1.734E-05
  3.395E-05  3.078E-05  2.724E-05  2.315E-05  1.820E-05
  3.436E-05  3.115E-05  2.756E-05  2.341E-05  1.841E-05
  3.529E-05  3.198E-05  2.829E-05  2.401E-05  1.882E-05
  3.265E-05  2.968E-05  2.636E-05  2.256E-05  1.802E-05
  3.539E-05  3.212E-05  2.846E-05  2.421E-05  1.905E-05
  3.617E-05  3.284E-05  2.910E-05  2.474E-05  1.941E-05
  3.408E-05  3.100E-05  2.755E-05  2.356E-05  1.876E-05
  3.590E-05  3.262E-05  2.895E-05  2.468E-05  1.948E-05
  3.601E-05  3.276E-05  2.909E-05  2.482E-05  1.961E-05
  3.605E-05  3.279E-05  2.913E-05  2.486E-05  1.966E-05
  3.537E-05  3.221E-05  2.865E-05  2.452E-05  1.953E-05
  3.626E-05  3.300E-05  2.933E-05  2.506E-05  1.988E-05
  3.695E-05  3.365E-05  2.993E-05  2.558E-05  2.025E-05
  3.674E-05  3.346E-05  2.978E-05  2.547E-05  2.022E-05
  3.679E-05  3.351E-05  2.982E-05  2.551E-05  2.029E-05
  3.712E-05  3.380E-05  3.008E-05  2.573E-05  2.046E-05
  3.728E-05  3.398E-05  3.027E-05  2.592E-05  2.063E-05
  3.782E-05  3.448E-05  3.071E-05  2.630E-05  2.091E-05
  3.725E-05  3.400E-05  3.033E-05  2.604E-05  2.080E-05
  3.698E-05  3.376E-05  3.013E-05  2.590E-05  2.076E-05
  3.774E-05  3.448E-05  3.080E-05  2.647E-05  2.115E-05
  3.817E-05  3.485E-05  3.110E-05  2.670E-05  2.132E-05
  3.827E-05  3.495E-05  3.120E-05  2.680E-05  2.144E-05
  3.789E-05  3.463E-05  3.094E-05  2.663E-05  2.138E-05
  3.838E-05  3.509E-05  3.137E-05  2.700E-05  2.167E-05
  3.815E-05  3.490E-05  3.122E-05  2.691E-05  2.164E-05
  3.963E-05  3.625E-05  3.241E-05  2.788E-05  2.228E-05
  3.903E-05  3.571E-05  3.196E-05  2.754E-05  2.211E-05
  3.944E-05  3.610E-05  3.231E-05  2.785E-05  2.235E-05
  3.906E-05  3.575E-05  3.200E-05  2.760E-05  2.223E-05
  3.966E-05  3.632E-05  3.253E-05  2.806E-05  2.256E-05
  4.007E-05  3.671E-05  3.289E-05  2.838E-05  2.280E-05
  3.977E-05  3.645E-05  3.269E-05  2.824E-05  2.276E-05
  3.990E-05  3.659E-05  3.282E-05  2.837E-05  2.288E-05
  3.833E-05  3.518E-05  3.161E-05  2.742E-05  2.234E-05
  4.003E-05  3.672E-05  3.297E-05  2.852E-05  2.304E-05
  4.012E-05  3.682E-05  3.307E-05  2.863E-05  2.315E-05
  4.035E-05  3.703E-05  3.326E-05  2.880E-05  2.330E-05
  4.050E-05  3.719E-05  3.343E-05  2.897E-05  2.344E-05
  4.043E-05  3.713E-05  3.338E-05  2.894E-05  2.346E-05
  4.019E-05  3.693E-05  3.323E-05  2.885E-05  2.345E-05
  4.035E-05  3.711E-05  3.341E-05  2.902E-05  2.361E-05
  4.102E-05  3.771E-05  3.394E-05  2.945E-05  2.390E-05
  4.105E-05  3.775E-05  3.398E-05  2.951E-05  2.397E-05
  4.070E-05  3.742E-05  3.369E-05  2.928E-05  2.386E-05
  4.058E-05  3.734E-05  3.365E-05  2.929E-05  2.391E-05
  3.987E-05  3.672E-05  3.314E-05  2.890E-05  2.371E-05
  4.034E-05  3.715E-05  3.353E-05  2.924E-05  2.397E-05
  3.968E-05  3.658E-05  3.305E-05  2.889E-05  2.380E-05
  4.109E-05  3.785E-05  3.416E-05  2.978E-05  2.436E-05
  4.130E-05  3.806E-05  3.435E-05  2.995E-05  2.451E-05
  4.083E-05  3.763E-05  3.399E-05  2.968E-05  2.437E-05
  4.012E-05  3.702E-05  3.349E-05  2.931E-05  2.419E-05
  4.145E-05  3.822E-05  3.453E-05  3.015E-05  2.474E-05
  4.166E-05  3.842E-05  3.472E-05  3.032E-05  2.488E-05
  4.105E-05  3.788E-05  3.427E-05  2.999E-05  2.472E-05
  4.127E-05  3.810E-05  3.447E-05  3.017E-05  2.486E-05
  4.145E-05  3.826E-05  3.462E-05  3.030E-05  2.498E-05
  4.150E-05  3.831E-05  3.467E-05  3.035E-05  2.505E-05
  4.180E-05  3.861E-05  3.497E-05  3.063E-05  2.526E-05
  4.132E-05  3.819E-05  3.462E-05  3.037E-05  2.514E-05
  4.175E-05  3.860E-05  3.498E-05  3.068E-05  2.535E-05
  4.148E-05  3.836E-05  3.480E-05  3.055E-05  2.532E-05
  4.161E-05  3.849E-05  3.492E-05  3.067E-05  2.543E-05
  4.158E-05  3.848E-05  3.493E-05  3.070E-05  2.547E-05
  4.207E-05  3.895E-05  3.535E-05  3.106E-05  2.573E-05
  4.217E-05  3.906E-05  3.548E-05  3.118E-05  2.585E-05
  4.096E-05  3.818E-05  3.490E-05  3.088E-05  2.578E-05
  3.632E-05  3.426E-05  3.179E-05  2.870E-05  2.474E-05
  4.192E-05  3.891E-05  3.543E-05  3.124E-05  2.600E-05
  4.257E-05  3.945E-05  3.585E-05  3.154E-05  2.620E-05
  4.253E-05  3.940E-05  3.581E-05  3.152E-05  2.621E-05
  4.261E-05  3.949E-05  3.590E-05  3.161E-05  2.630E-05
  4.241E-05  3.932E-05  3.577E-05  3.153E-05  2.628E-05
  4.287E-05  3.974E-05  3.615E-05  3.185E-05  2.651E-05
  4.256E-05  3.946E-05  3.590E-05  3.166E-05  2.642E-05
  4.290E-05  3.978E-05  3.621E-05  3.193E-05  2.663E-05
  4.281E-05  3.971E-05  3.616E-05  3.190E-05  2.664E-05
  4.285E-05  3.976E-05  3.620E-05  3.196E-05  2.670E-05
  4.290E-05  3.981E-05  3.625E-05  3.201E-05  2.676E-05
  4.283E-05  3.975E-05  3.622E-05  3.200E-05  2.680E-05
  4.306E-05  3.998E-05  3.644E-05  3.220E-05  2.695E-05
  4.269E-05  3.965E-05  3.616E-05  3.199E-05  2.684E-05
  4.302E-05  3.996E-05  3.644E-05  3.224E-05  2.703E-05
  4.314E-05  4.008E-05  3.656E-05  3.234E-05  2.713E-05
  4.310E-05  4.005E-05  3.654E-05  3.234E-05  2.715E-05
  4.314E-05  4.009E-05  3.659E-05  3.239E-05  2.721E-05
  4.317E-05  4.013E-05  3.663E-05  3.245E-05  2.727E-05
  4.324E-05  4.021E-05  3.671E-05  3.253E-05  2.735E-05
  4.331E-05  4.028E-05  3.678E-05  3.260E-05  2.742E-05
  4.264E-05  3.967E-05  3.626E-05  3.219E-05  2.720E-05
  4.315E-05  4.015E-05  3.669E-05  3.256E-05  2.745E-05
  4.336E-05  4.035E-05  3.688E-05  3.272E-05  2.758E-05
  4.328E-05  4.028E-05  3.683E-05  3.269E-05  2.759E-05
  4.328E-05  4.028E-05  3.684E-05  3.272E-05  2.763E-05
  4.324E-05  4.028E-05  3.687E-05  3.277E-05  2.770E-05
  4.313E-05  4.018E-05  3.678E-05  3.270E-05  2.767E-05
  4.310E-05  4.016E-05  3.677E-05  3.271E-05  2.770E-05
  4.312E-05  4.018E-05  3.680E-05  3.275E-05  2.776E-05
  4.263E-05  3.974E-05  3.641E-05  3.245E-05  2.759E-05
  4.318E-05  4.026E-05  3.690E-05  3.286E-05  2.787E-05
  4.323E-05  4.030E-05  3.693E-05  3.289E-05  2.792E-05
  4.347E-05  4.053E-05  3.715E-05  3.309E-05  2.807E-05
  4.349E-05  4.056E-05  3.718E-05  3.313E-05  2.811E-05
  4.289E-05  4.001E-05  3.671E-05  3.276E-05  2.791E-05
  4.340E-05  4.049E-05  3.714E-05  3.312E-05  2.815E-05
  4.337E-05  4.048E-05  3.715E-05  3.314E-05  2.819E-05
  4.362E-05  4.071E-05  3.734E-05  3.330E-05  2.831E-05
  4.368E-05  4.078E-05  3.742E-05  3.338E-05  2.839E-05
  4.312E-05  4.027E-05  3.699E-05  3.306E-05  2.822E-05
  4.281E-05  4.002E-05  3.679E-05  3.293E-05  2.816E-05
  4.323E-05  4.040E-05  3.712E-05  3.319E-05  2.834E-05
  4.343E-05  4.058E-05  3.730E-05  3.335E-05  2.846E-05
  4.367E-05  4.081E-05  3.751E-05  3.353E-05  2.860E-05
  4.350E-05  4.067E-05  3.739E-05  3.345E-05  2.856E-05
  4.362E-05  4.078E-05  3.750E-05  3.355E-05  2.865E-05
  4.371E-05  4.087E-05  3.759E-05  3.364E-05  2.873E-05
  4.388E-05  4.102E-05  3.772E-05  3.375E-05  2.882E-05
  4.370E-05  4.087E-05  3.760E-05  3.366E-05  2.879E-05
  4.376E-05  4.093E-05  3.767E-05  3.373E-05  2.885E-05
  4.367E-05  4.086E-05  3.761E-05  3.370E-05  2.885E-05
  4.387E-05  4.106E-05  3.780E-05  3.387E-05  2.898E-05
  4.381E-05  4.100E-05  3.776E-05  3.385E-05  2.899E-05
  4.322E-05  4.048E-05  3.731E-05  3.351E-05  2.880E-05
  4.378E-05  4.100E-05  3.778E-05  3.389E-05  2.906E-05
  4.362E-05  4.085E-05  3.765E-05  3.380E-05  2.901E-05
  4.380E-05  4.101E-05  3.779E-05  3.391E-05  2.910E-05
  4.350E-05  4.076E-05  3.759E-05  3.377E-05  2.904E-05
  4.378E-05  4.104E-05  3.786E-05  3.401E-05  2.922E-05
  4.402E-05  4.124E-05  3.803E-05  3.415E-05  2.931E-05
  4.394E-05  4.117E-05  3.797E-05  3.411E-05  2.931E-05
  4.371E-05  4.098E-05  3.783E-05  3.401E-05  2.927E-05
  4.377E-05  4.104E-05  3.788E-05  3.406E-05  2.931E-05
  4.405E-05  4.130E-05  3.811E-05  3.425E-05  2.944E-05
  4.404E-05  4.130E-05  3.811E-05  3.426E-05  2.946E-05
  4.379E-05  4.106E-05  3.790E-05  3.409E-05  2.937E-05
  4.331E-05  4.065E-05  3.756E-05  3.385E-05  2.924E-05
  4.351E-05  4.083E-05  3.772E-05  3.397E-05  2.933E-05
  4.400E-05  4.128E-05  3.812E-05  3.430E-05  2.955E-05
  4.409E-05  4.137E-05  3.821E-05  3.438E-05  2.961E-05
  4.380E-05  4.111E-05  3.799E-05  3.422E-05  2.954E-05
  4.381E-05  4.112E-05  3.801E-05  3.424E-05  2.957E-05
  4.369E-05  4.102E-05  3.792E-05  3.419E-05  2.955E-05
  4.397E-05  4.128E-05  3.816E-05  3.438E-05  2.967E-05
  4.360E-05  4.095E-05  3.787E-05  3.416E-05  2.955E-05
  4.392E-05  4.125E-05  3.814E-05  3.438E-05  2.970E-05
  4.410E-05  4.141E-05  3.829E-05  3.451E-05  2.980E-05
  4.400E-05  4.133E-05  3.822E-05  3.446E-05  2.978E-05
  4.400E-05  4.133E-05  3.824E-05  3.448E-05  2.982E-05
  4.319E-05  4.062E-05  3.763E-05  3.403E-05  2.956E-05
  4.339E-05  4.079E-05  3.779E-05  3.415E-05  2.965E-05
  4.344E-05  4.085E-05  3.784E-05  3.420E-05  2.969E-05
  4.369E-05  4.108E-05  3.805E-05  3.438E-05  2.982E-05
  4.403E-05  4.140E-05  3.833E-05  3.460E-05  2.996E-05
  4.396E-05  4.133E-05  3.828E-05  3.457E-05  2.996E-05
  4.351E-05  4.093E-05  3.792E-05  3.429E-05  2.980E-05
  4.337E-05  4.081E-05  3.784E-05  3.425E-05  2.978E-05
  4.366E-05  4.107E-05  3.807E-05  3.443E-05  2.991E-05
  4.390E-05  4.130E-05  3.827E-05  3.459E-05  3.002E-05
  4.353E-05  4.096E-05  3.798E-05  3.437E-05  2.989E-05
  4.392E-05  4.132E-05  3.830E-05  3.464E-05  3.008E-05
  4.352E-05  4.096E-05  3.799E-05  3.440E-05  2.994E-05
  4.358E-05  4.104E-05  3.808E-05  3.450E-05  3.003E-05
  4.352E-05  4.099E-05  3.803E-05  3.446E-05  3.000E-05
  4.315E-05  4.064E-05  3.773E-05  3.421E-05  2.988E-05
  4.182E-05  3.945E-05  3.670E-05  3.341E-05  2.937E-05
  4.292E-05  4.043E-05  3.753E-05  3.405E-05  2.979E-05
  3.799E-05  3.601E-05  3.375E-05  3.112E-05  2.801E-05
  4.383E-05  4.128E-05  3.831E-05  3.470E-05  3.021E-05
  4.331E-05  4.084E-05  3.795E-05  3.445E-05  3.008E-05
  4.330E-05  4.083E-05  3.796E-05  3.446E-05  3.010E-05
  4.381E-05  4.127E-05  3.832E-05  3.474E-05  3.026E-05
  4.332E-05  4.084E-05  3.795E-05  3.444E-05  3.010E-05
  3.869E-05  3.669E-05  3.439E-05  3.168E-05  2.844E-05
  4.306E-05  4.061E-05  3.776E-05  3.431E-05  3.003E-05
  4.357E-05  4.106E-05  3.815E-05  3.462E-05  3.024E-05
  4.342E-05  4.096E-05  3.809E-05  3.460E-05  3.025E-05
  4.235E-05  4.011E-05  3.746E-05  3.420E-05  3.007E-05
  4.359E-05  4.114E-05  3.828E-05  3.478E-05  3.038E-05
  4.360E-05  4.110E-05  3.821E-05  3.470E-05  3.031E-05
  4.305E-05  4.060E-05  3.776E-05  3.435E-05  3.011E-05
  4.347E-05  4.101E-05  3.815E-05  3.467E-05  3.032E-05
  4.324E-05  4.088E-05  3.811E-05  3.469E-05  3.037E-05
  4.196E-05  3.982E-05  3.728E-05  3.412E-05  3.010E-05
  4.369E-05  4.123E-05  3.835E-05  3.485E-05  3.046E-05
  4.374E-05  4.126E-05  3.838E-05  3.489E-05  3.050E-05
  4.334E-05  4.090E-05  3.806E-05  3.462E-05  3.034E-05
  4.354E-05  4.107E-05  3.821E-05  3.474E-05  3.041E-05
  4.360E-05  4.113E-05  3.826E-05  3.479E-05  3.045E-05
  4.367E-05  4.122E-05  3.836E-05  3.488E-05  3.051E-05
  4.144E-05  3.937E-05  3.691E-05  3.386E-05  3.001E-05
  4.299E-05  4.072E-05  3.803E-05  3.470E-05  3.047E-05
  4.381E-05  4.136E-05  3.850E-05  3.501E-05  3.062E-05
  4.310E-05  4.073E-05  3.796E-05  3.461E-05  3.039E-05
  4.237E-05  4.008E-05  3.740E-05  3.417E-05  3.011E-05
  4.302E-05  4.063E-05  3.786E-05  3.451E-05  3.033E-05
  4.364E-05  4.121E-05  3.837E-05  3.492E-05  3.060E-05
  4.355E-05  4.110E-05  3.826E-05  3.482E-05  3.051E-05
  4.347E-05  4.103E-05  3.820E-05  3.477E-05  3.048E-05
  4.356E-05  4.114E-05  3.831E-05  3.487E-05  3.055E-05
  4.285E-05  4.053E-05  3.781E-05  3.449E-05  3.033E-05
  4.077E-05  3.891E-05  3.665E-05  3.379E-05  3.009E-05
  4.243E-05  4.019E-05  3.755E-05  3.432E-05  3.025E-05
  4.310E-05  4.075E-05  3.800E-05  3.465E-05  3.046E-05
  4.333E-05  4.093E-05  3.814E-05  3.475E-05  3.050E-05
  4.345E-05  4.105E-05  3.825E-05  3.484E-05  3.058E-05
  4.334E-05  4.095E-05  3.817E-05  3.479E-05  3.055E-05
  4.332E-05  4.093E-05  3.815E-05  3.478E-05  3.055E-05
  4.331E-05  4.093E-05  3.815E-05  3.479E-05  3.056E-05
  4.327E-05  4.089E-05  3.812E-05  3.476E-05  3.054E-05
  4.192E-05  3.970E-05  3.713E-05  3.400E-05  3.010E-05
  4.301E-05  4.067E-05  3.794E-05  3.462E-05  3.047E-05
  4.279E-05  4.046E-05  3.775E-05  3.448E-05  3.038E-05
  4.324E-05  4.088E-05  3.812E-05  3.478E-05  3.057E-05
  4.331E-05  4.095E-05  3.820E-05  3.485E-05  3.062E-05
  4.314E-05  4.081E-05  3.809E-05  3.477E-05  3.058E-05
  4.283E-05  4.059E-05  3.795E-05  3.469E-05  3.055E-05
  4.033E-05  3.860E-05  3.648E-05  3.377E-05  3.021E-05
  4.280E-05  4.055E-05  3.790E-05  3.465E-05  3.053E-05
  4.314E-05  4.082E-05  3.811E-05  3.480E-05  3.062E-05
  4.282E-05  4.053E-05  3.786E-05  3.461E-05  3.052E-05
  4.264E-05  4.038E-05  3.773E-05  3.451E-05  3.046E-05
  4.280E-05  4.051E-05  3.784E-05  3.460E-05  3.051E-05
  4.259E-05  4.033E-05  3.769E-05  3.448E-05  3.043E-05
  4.296E-05  4.067E-05  3.799E-05  3.473E-05  3.060E-05
  4.298E-05  4.068E-05  3.800E-05  3.472E-05  3.059E-05
  4.299E-05  4.069E-05  3.801E-05  3.474E-05  3.061E-05
  4.273E-05  4.046E-05  3.781E-05  3.459E-05  3.052E-05
  4.283E-05  4.055E-05  3.789E-05  3.465E-05  3.056E-05
  4.276E-05  4.049E-05  3.783E-05  3.460E-05  3.053E-05
  4.290E-05  4.063E-05  3.797E-05  3.473E-05  3.062E-05
  4.281E-05  4.054E-05  3.790E-05  3.467E-05  3.059E-05
  4.281E-05  4.056E-05  3.792E-05  3.470E-05  3.061E-05
  4.264E-05  4.041E-05  3.780E-05  3.461E-05  3.056E-05
  4.257E-05  4.035E-05  3.776E-05  3.458E-05  3.055E-05
  4.247E-05  4.026E-05  3.767E-05  3.452E-05  3.051E-05
  4.281E-05  4.057E-05  3.794E-05  3.473E-05  3.064E-05
  4.276E-05  4.053E-05  3.791E-05  3.471E-05  3.063E-05
  4.277E-05  4.054E-05  3.792E-05  3.472E-05  3.064E-05
  4.270E-05  4.048E-05  3.787E-05  3.469E-05  3.062E-05
  4.226E-05  4.018E-05  3.770E-05  3.461E-05  3.061E-05
  4.149E-05  3.952E-05  3.717E-05  3.424E-05  3.044E-05
  4.244E-05  4.026E-05  3.771E-05  3.458E-05  3.057E-05
  4.217E-05  4.002E-05  3.750E-05  3.441E-05  3.047E-05
  4.234E-05  4.017E-05  3.763E-05  3.452E-05  3.053E-05
  4.239E-05  4.023E-05  3.769E-05  3.457E-05  3.057E-05
  4.222E-05  4.007E-05  3.756E-05  3.447E-05  3.051E-05
  4.206E-05  3.993E-05  3.744E-05  3.438E-05  3.045E-05
  4.213E-05  4.000E-05  3.751E-05  3.444E-05  3.049E-05
  4.183E-05  3.974E-05  3.729E-05  3.428E-05  3.039E-05
  4.193E-05  3.983E-05  3.737E-05  3.434E-05  3.043E-05
  4.173E-05  3.966E-05  3.723E-05  3.424E-05  3.037E-05
  4.167E-05  3.961E-05  3.719E-05  3.421E-05  3.035E-05
  4.090E-05  3.894E-05  3.663E-05  3.378E-05  3.008E-05
  4.130E-05  3.929E-05  3.692E-05  3.400E-05  3.021E-05
  4.120E-05  3.920E-05  3.684E-05  3.393E-05  3.016E-05
  4.083E-05  3.886E-05  3.655E-05  3.370E-05  3.002E-05
  4.088E-05  3.892E-05  3.660E-05  3.374E-05  3.004E-05
  3.967E-05  3.801E-05  3.600E-05  3.343E-05  2.997E-05
  4.038E-05  3.850E-05  3.627E-05  3.349E-05  2.986E-05
  4.089E-05  3.891E-05  3.658E-05  3.370E-05  2.996E-05
  4.106E-05  3.907E-05  3.671E-05  3.380E-05  3.002E-05
  4.089E-05  3.891E-05  3.658E-05  3.370E-05  2.996E-05
  4.077E-05  3.881E-05  3.650E-05  3.365E-05  2.993E-05
  4.086E-05  3.890E-05  3.658E-05  3.371E-05  2.996E-05
  4.032E-05  3.842E-05  3.617E-05  3.340E-05  2.976E-05
  4.041E-05  3.851E-05  3.626E-05  3.348E-05  2.982E-05
  4.045E-05  3.853E-05  3.627E-05  3.347E-05  2.980E-05
  4.021E-05  3.832E-05  3.610E-05  3.335E-05  2.972E-05
  4.057E-05  3.866E-05  3.640E-05  3.359E-05  2.987E-05
  4.050E-05  3.860E-05  3.635E-05  3.355E-05  2.984E-05
  4.028E-05  3.840E-05  3.617E-05  3.341E-05  2.974E-05
  3.989E-05  3.806E-05  3.589E-05  3.318E-05  2.960E-05
  3.983E-05  3.801E-05  3.585E-05  3.317E-05  2.959E-05
  4.028E-05  3.842E-05  3.621E-05  3.345E-05  2.976E-05
  3.955E-05  3.777E-05  3.566E-05  3.302E-05  2.949E-05
  3.960E-05  3.780E-05  3.568E-05  3.302E-05  2.948E-05
  3.948E-05  3.770E-05  3.559E-05  3.296E-05  2.943E-05
  4.006E-05  3.823E-05  3.606E-05  3.334E-05  2.966E-05
  3.913E-05  3.738E-05  3.531E-05  3.272E-05  2.925E-05
  3.949E-05  3.772E-05  3.561E-05  3.298E-05  2.941E-05
  3.929E-05  3.754E-05  3.545E-05  3.285E-05  2.932E-05
  3.943E-05  3.767E-05  3.557E-05  3.294E-05  2.938E-05
  3.967E-05  3.789E-05  3.577E-05  3.311E-05  2.948E-05
  3.958E-05  3.781E-05  3.570E-05  3.305E-05  2.944E-05
  3.934E-05  3.760E-05  3.553E-05  3.292E-05  2.934E-05
  3.938E-05  3.764E-05  3.556E-05  3.293E-05  2.934E-05
  3.930E-05  3.757E-05  3.549E-05  3.288E-05  2.930E-05
  3.919E-05  3.746E-05  3.540E-05  3.280E-05  2.924E-05
  3.926E-05  3.753E-05  3.547E-05  3.287E-05  2.927E-05
  3.911E-05  3.739E-05  3.534E-05  3.276E-05  2.919E-05
  3.893E-05  3.724E-05  3.522E-05  3.266E-05  2.913E-05
  3.888E-05  3.719E-05  3.518E-05  3.264E-05  2.911E-05
  3.880E-05  3.711E-05  3.510E-05  3.256E-05  2.904E-05
  3.885E-05  3.717E-05  3.517E-05  3.262E-05  2.907E-05
  3.864E-05  3.704E-05  3.509E-05  3.259E-05  2.907E-05
  3.600E-05  3.483E-05  3.336E-05  3.137E-05  2.843E-05
  3.845E-05  3.684E-05  3.490E-05  3.242E-05  2.893E-05
  3.842E-05  3.678E-05  3.482E-05  3.233E-05  2.885E-05
  3.850E-05  3.686E-05  3.489E-05  3.240E-05  2.889E-05
  3.831E-05  3.668E-05  3.473E-05  3.225E-05  2.878E-05
  3.838E-05  3.676E-05  3.480E-05  3.232E-05  2.883E-05
  3.802E-05  3.643E-05  3.451E-05  3.208E-05  2.866E-05
  3.793E-05  3.635E-05  3.445E-05  3.203E-05  2.863E-05
  3.816E-05  3.656E-05  3.464E-05  3.219E-05  2.872E-05
  3.786E-05  3.628E-05  3.438E-05  3.197E-05  2.857E-05
  3.793E-05  3.635E-05  3.445E-05  3.204E-05  2.862E-05
  3.783E-05  3.627E-05  3.438E-05  3.198E-05  2.857E-05
  3.789E-05  3.633E-05  3.444E-05  3.204E-05  2.861E-05
  3.780E-05  3.625E-05  3.438E-05  3.199E-05  2.857E-05
  3.771E-05  3.617E-05  3.432E-05  3.194E-05  2.854E-05
  3.743E-05  3.591E-05  3.407E-05  3.173E-05  2.838E-05
  3.751E-05  3.598E-05  3.414E-05  3.179E-05  2.841E-05
  3.740E-05  3.588E-05  3.406E-05  3.172E-05  2.837E-05
  3.720E-05  3.571E-05  3.392E-05  3.162E-05  2.830E-05
  3.726E-05  3.577E-05  3.396E-05  3.165E-05  2.832E-05
  3.728E-05  3.579E-05  3.399E-05  3.167E-05  2.833E-05
  3.724E-05  3.576E-05  3.396E-05  3.165E-05  2.830E-05
  3.710E-05  3.564E-05  3.386E-05  3.158E-05  2.825E-05
  3.702E-05  3.556E-05  3.379E-05  3.152E-05  2.821E-05
  3.685E-05  3.540E-05  3.364E-05  3.139E-05  2.811E-05
  3.691E-05  3.545E-05  3.369E-05  3.142E-05  2.812E-05
  3.659E-05  3.516E-05  3.343E-05  3.119E-05  2.794E-05
  3.677E-05  3.533E-05  3.358E-05  3.133E-05  2.804E-05
  3.636E-05  3.495E-05  3.324E-05  3.104E-05  2.783E-05
  3.609E-05  3.469E-05  3.300E-05  3.083E-05  2.768E-05
  3.645E-05  3.504E-05  3.333E-05  3.112E-05  2.788E-05
  3.653E-05  3.512E-05  3.341E-05  3.120E-05  2.795E-05
  3.554E-05  3.421E-05  3.259E-05  3.051E-05  2.745E-05
  3.630E-05  3.492E-05  3.324E-05  3.105E-05  2.784E-05
  3.574E-05  3.440E-05  3.277E-05  3.067E-05  2.757E-05
  3.600E-05  3.465E-05  3.300E-05  3.086E-05  2.770E-05
  3.591E-05  3.456E-05  3.292E-05  3.079E-05  2.764E-05
  3.593E-05  3.458E-05  3.294E-05  3.081E-05  2.765E-05
  3.555E-05  3.423E-05  3.262E-05  3.054E-05  2.746E-05
  3.550E-05  3.419E-05  3.259E-05  3.052E-05  2.745E-05
  3.556E-05  3.425E-05  3.265E-05  3.057E-05  2.748E-05
  3.490E-05  3.364E-05  3.210E-05  3.012E-05  2.717E-05
  3.570E-05  3.440E-05  3.280E-05  3.072E-05  2.761E-05
  3.541E-05  3.412E-05  3.255E-05  3.051E-05  2.745E-05
  3.469E-05  3.345E-05  3.194E-05  2.997E-05  2.705E-05
  3.482E-05  3.357E-05  3.205E-05  3.008E-05  2.713E-05
  3.525E-05  3.398E-05  3.242E-05  3.040E-05  2.736E-05
  3.526E-05  3.399E-05  3.245E-05  3.043E-05  2.740E-05
  3.491E-05  3.367E-05  3.215E-05  3.017E-05  2.719E-05
  3.505E-05  3.381E-05  3.229E-05  3.030E-05  2.731E-05
  3.490E-05  3.367E-05  3.216E-05  3.019E-05  2.722E-05
  3.482E-05  3.360E-05  3.211E-05  3.016E-05  2.721E-05
  3.481E-05  3.360E-05  3.211E-05  3.016E-05  2.720E-05
  3.474E-05  3.354E-05  3.205E-05  3.012E-05  2.718E-05
  3.450E-05  3.330E-05  3.183E-05  2.991E-05  2.701E-05
  3.435E-05  3.316E-05  3.170E-05  2.980E-05  2.693E-05
  3.453E-05  3.336E-05  3.191E-05  3.001E-05  2.713E-05
  3.408E-05  3.291E-05  3.148E-05  2.961E-05  2.680E-05
  3.406E-05  3.292E-05  3.151E-05  2.967E-05  2.688E-05
  3.336E-05  3.224E-05  3.087E-05  2.909E-05  2.640E-05
  3.381E-05  3.267E-05  3.128E-05  2.946E-05  2.670E-05
  3.294E-05  3.184E-05  3.050E-05  2.876E-05  2.614E-05
  3.357E-05  3.245E-05  3.107E-05  2.927E-05  2.654E-05
  3.362E-05  3.251E-05  3.114E-05  2.935E-05  2.662E-05
  3.341E-05  3.232E-05  3.098E-05  2.923E-05  2.654E-05
  3.296E-05  3.189E-05  3.059E-05  2.888E-05  2.628E-05
  3.329E-05  3.220E-05  3.086E-05  2.910E-05  2.641E-05
  3.266E-05  3.164E-05  3.037E-05  2.871E-05  2.614E-05
  3.208E-05  3.110E-05  2.989E-05  2.829E-05  2.582E-05
  3.262E-05  3.156E-05  3.026E-05  2.855E-05  2.594E-05
  3.236E-05  3.131E-05  3.003E-05  2.834E-05  2.576E-05
  3.157E-05  3.061E-05  2.943E-05  2.787E-05  2.543E-05
  3.079E-05  2.989E-05  2.878E-05  2.731E-05  2.500E-05
  3.163E-05  3.063E-05  2.940E-05  2.777E-05  2.527E-05
  3.114E-05  3.014E-05  2.892E-05  2.732E-05  2.488E-05
  3.090E-05  2.992E-05  2.872E-05  2.715E-05  2.474E-05
  3.043E-05  2.949E-05  2.832E-05  2.678E-05  2.443E-05
  2.894E-05  2.817E-05  2.721E-05  2.592E-05  2.385E-05
  2.977E-05  2.887E-05  2.777E-05  2.631E-05  2.405E-05
  2.984E-05  2.892E-05  2.777E-05  2.627E-05  2.396E-05
  2.956E-05  2.864E-05  2.751E-05  2.603E-05  2.376E-05
  2.935E-05  2.843E-05  2.730E-05  2.582E-05  2.356E-05
  2.917E-05  2.826E-05  2.715E-05  2.569E-05  2.345E-05
  2.898E-05  2.808E-05  2.698E-05  2.552E-05  2.329E-05
  2.861E-05  2.774E-05  2.666E-05  2.524E-05  2.306E-05
  2.721E-05  2.651E-05  2.564E-05  2.446E-05  2.255E-05
  2.781E-05  2.701E-05  2.602E-05  2.470E-05  2.263E-05
  2.789E-05  2.704E-05  2.599E-05  2.462E-05  2.251E-05
  2.753E-05  2.669E-05  2.566E-05  2.431E-05  2.224E-05
  2.742E-05  2.659E-05  2.557E-05  2.423E-05  2.217E-05
  2.704E-05  2.623E-05  2.523E-05  2.392E-05  2.191E-05
  2.525E-05  2.468E-05  2.395E-05  2.293E-05  2.127E-05
  2.660E-05  2.582E-05  2.487E-05  2.360E-05  2.163E-05
  2.617E-05  2.539E-05  2.443E-05  2.317E-05  2.125E-05
  2.636E-05  2.557E-05  2.460E-05  2.333E-05  2.138E-05
  2.609E-05  2.531E-05  2.435E-05  2.310E-05  2.117E-05
  2.589E-05  2.512E-05  2.418E-05  2.294E-05  2.104E-05
  2.551E-05  2.477E-05  2.386E-05  2.266E-05  2.080E-05
  2.405E-05  2.350E-05  2.280E-05  2.184E-05  2.028E-05
  2.518E-05  2.446E-05  2.357E-05  2.240E-05  2.057E-05
  2.503E-05  2.429E-05  2.339E-05  2.221E-05  2.039E-05
  2.475E-05  2.402E-05  2.314E-05  2.197E-05  2.019E-05
  2.467E-05  2.394E-05  2.306E-05  2.190E-05  2.012E-05
  2.446E-05  2.375E-05  2.287E-05  2.173E-05  1.997E-05
  2.435E-05  2.364E-05  2.277E-05  2.163E-05  1.987E-05
  2.422E-05  2.352E-05  2.266E-05  2.153E-05  1.978E-05
  2.391E-05  2.321E-05  2.236E-05  2.125E-05  1.954E-05
  2.360E-05  2.292E-05  2.209E-05  2.100E-05  1.933E-05
  2.365E-05  2.297E-05  2.213E-05  2.104E-05  1.935E-05
  2.342E-05  2.274E-05  2.192E-05  2.083E-05  1.916E-05
  2.312E-05  2.246E-05  2.166E-05  2.060E-05  1.897E-05
  2.302E-05  2.236E-05  2.156E-05  2.050E-05  1.888E-05
  2.285E-05  2.219E-05  2.139E-05  2.034E-05  1.873E-05
  2.257E-05  2.193E-05  2.115E-05  2.012E-05  1.855E-05
  2.252E-05  2.188E-05  2.111E-05  2.008E-05  1.850E-05
  2.230E-05  2.167E-05  2.091E-05  1.989E-05  1.834E-05
  2.212E-05  2.150E-05  2.074E-05  1.974E-05  1.820E-05
  2.198E-05  2.137E-05  2.062E-05  1.963E-05  1.810E-05
  2.186E-05  2.125E-05  2.050E-05  1.952E-05  1.799E-05
  2.164E-05  2.105E-05  2.033E-05  1.937E-05  1.786E-05
  2.033E-05  1.991E-05  1.936E-05  1.860E-05  1.738E-05
  2.115E-05  2.059E-05  1.990E-05  1.897E-05  1.753E-05
  2.109E-05  2.052E-05  1.981E-05  1.887E-05  1.743E-05
  2.107E-05  2.049E-05  1.978E-05  1.883E-05  1.738E-05
  2.076E-05  2.019E-05  1.950E-05  1.858E-05  1.717E-05
  2.072E-05  2.015E-05  1.945E-05  1.853E-05  1.712E-05
  2.058E-05  2.001E-05  1.932E-05  1.841E-05  1.700E-05
  2.043E-05  1.987E-05  1.918E-05  1.827E-05  1.688E-05
  2.028E-05  1.972E-05  1.904E-05  1.815E-05  1.677E-05
  2.009E-05  1.954E-05  1.888E-05  1.799E-05  1.664E-05
  1.994E-05  1.940E-05  1.873E-05  1.786E-05  1.651E-05
  1.985E-05  1.931E-05  1.866E-05  1.779E-05  1.645E-05
  1.961E-05  1.908E-05  1.843E-05  1.758E-05  1.627E-05
  1.951E-05  1.899E-05  1.834E-05  1.748E-05  1.617E-05
  1.943E-05  1.890E-05  1.826E-05  1.741E-05  1.611E-05
  1.925E-05  1.873E-05  1.810E-05  1.726E-05  1.598E-05
  1.912E-05  1.860E-05  1.797E-05  1.713E-05  1.585E-05
  1.895E-05  1.844E-05  1.782E-05  1.700E-05  1.575E-05
  1.888E-05  1.838E-05  1.776E-05  1.694E-05  1.569E-05
  1.870E-05  1.820E-05  1.758E-05  1.676E-05  1.552E-05
  1.861E-05  1.812E-05  1.751E-05  1.671E-05  1.548E-05
  1.838E-05  1.789E-05  1.730E-05  1.650E-05  1.531E-05
  1.824E-05  1.776E-05  1.716E-05  1.638E-05  1.519E-05
  1.821E-05  1.773E-05  1.714E-05  1.636E-05  1.517E-05
  1.806E-05  1.759E-05  1.700E-05  1.623E-05  1.505E-05
  1.787E-05  1.740E-05  1.682E-05  1.605E-05  1.489E-05
  1.780E-05  1.734E-05  1.676E-05  1.600E-05  1.485E-05
  1.766E-05  1.719E-05  1.663E-05  1.588E-05  1.474E-05
  1.757E-05  1.711E-05  1.654E-05  1.579E-05  1.466E-05
  1.732E-05  1.687E-05  1.632E-05  1.558E-05  1.449E-05
  1.733E-05  1.688E-05  1.633E-05  1.560E-05  1.449E-05
  1.716E-05  1.671E-05  1.616E-05  1.544E-05  1.435E-05
  1.694E-05  1.651E-05  1.598E-05  1.527E-05  1.421E-05
  1.695E-05  1.651E-05  1.597E-05  1.526E-05  1.418E-05
  1.685E-05  1.641E-05  1.588E-05  1.517E-05  1.411E-05
  1.673E-05  1.630E-05  1.577E-05  1.507E-05  1.401E-05
  1.664E-05  1.621E-05  1.569E-05  1.499E-05  1.395E-05
  1.652E-05  1.609E-05  1.558E-05  1.489E-05  1.385E-05
  1.635E-05  1.594E-05  1.542E-05  1.474E-05  1.373E-05
  1.625E-05  1.584E-05  1.533E-05  1.466E-05  1.365E-05
  1.611E-05  1.570E-05  1.520E-05  1.454E-05  1.355E-05
  1.610E-05  1.569E-05  1.519E-05  1.452E-05  1.353E-05
  1.586E-05  1.546E-05  1.497E-05  1.432E-05  1.335E-05
  1.586E-05  1.546E-05  1.497E-05  1.431E-05  1.334E-05
  1.576E-05  1.537E-05  1.489E-05  1.424E-05  1.328E-05
  1.557E-05  1.519E-05  1.473E-05  1.410E-05  1.316E-05
  1.475E-05  1.448E-05  1.412E-05  1.363E-05  1.288E-05
  1.536E-05  1.500E-05  1.454E-05  1.393E-05  1.300E-05
  1.529E-05  1.491E-05  1.444E-05  1.382E-05  1.291E-05
  1.522E-05  1.484E-05  1.437E-05  1.376E-05  1.284E-05
  1.505E-05  1.468E-05  1.423E-05  1.363E-05  1.274E-05
  1.498E-05  1.462E-05  1.417E-05  1.357E-05  1.269E-05
  1.498E-05  1.461E-05  1.416E-05  1.356E-05  1.266E-05
  1.490E-05  1.453E-05  1.408E-05  1.347E-05  1.258E-05
  1.481E-05  1.444E-05  1.399E-05  1.339E-05  1.251E-05
  1.471E-05  1.434E-05  1.389E-05  1.330E-05  1.243E-05
  1.462E-05  1.425E-05  1.381E-05  1.322E-05  1.235E-05
  1.453E-05  1.417E-05  1.373E-05  1.315E-05  1.229E-05
  1.444E-05  1.409E-05  1.366E-05  1.308E-05  1.223E-05
  1.419E-05  1.386E-05  1.345E-05  1.290E-05  1.209E-05
  1.417E-05  1.384E-05  1.342E-05  1.287E-05  1.206E-05
  1.416E-05  1.381E-05  1.339E-05  1.282E-05  1.200E-05
  1.408E-05  1.374E-05  1.331E-05  1.275E-05  1.193E-05
  1.401E-05  1.367E-05  1.325E-05  1.269E-05  1.188E-05
  1.392E-05  1.358E-05  1.317E-05  1.261E-05  1.180E-05
  1.384E-05  1.351E-05  1.309E-05  1.254E-05  1.174E-05
  1.375E-05  1.342E-05  1.301E-05  1.246E-05  1.167E-05
  1.368E-05  1.335E-05  1.294E-05  1.240E-05  1.161E-05
  1.356E-05  1.323E-05  1.283E-05  1.230E-05  1.153E-05
  1.350E-05  1.317E-05  1.277E-05  1.224E-05  1.147E-05
  1.336E-05  1.305E-05  1.267E-05  1.215E-05  1.140E-05
  1.311E-05  1.282E-05  1.246E-05  1.197E-05  1.127E-05
  1.323E-05  1.292E-05  1.253E-05  1.202E-05  1.127E-05
  1.318E-05  1.286E-05  1.248E-05  1.196E-05  1.122E-05
  1.310E-05  1.279E-05  1.240E-05  1.189E-05  1.116E-05
  1.301E-05  1.271E-05  1.232E-05  1.182E-05  1.109E-05
  1.291E-05  1.260E-05  1.222E-05  1.172E-05  1.101E-05
  1.287E-05  1.256E-05  1.218E-05  1.168E-05  1.097E-05
  1.277E-05  1.247E-05  1.210E-05  1.160E-05  1.090E-05
  1.271E-05  1.241E-05  1.204E-05  1.155E-05  1.085E-05
  1.264E-05  1.234E-05  1.197E-05  1.148E-05  1.079E-05
  1.256E-05  1.226E-05  1.190E-05  1.142E-05  1.073E-05
  1.249E-05  1.220E-05  1.183E-05  1.135E-05  1.067E-05
  1.240E-05  1.211E-05  1.175E-05  1.127E-05  1.060E-05
  1.233E-05  1.204E-05  1.168E-05  1.121E-05  1.054E-05
  1.226E-05  1.198E-05  1.162E-05  1.116E-05  1.049E-05
  1.217E-05  1.189E-05  1.155E-05  1.108E-05  1.043E-05
  1.189E-05  1.164E-05  1.132E-05  1.090E-05  1.031E-05
  1.193E-05  1.167E-05  1.135E-05  1.092E-05  1.030E-05
  1.197E-05  1.169E-05  1.135E-05  1.090E-05  1.026E-05
  1.189E-05  1.161E-05  1.127E-05  1.083E-05  1.020E-05
  1.185E-05  1.157E-05  1.123E-05  1.079E-05  1.016E-05
  1.175E-05  1.148E-05  1.114E-05  1.070E-05  1.008E-05
  1.169E-05  1.142E-05  1.109E-05  1.065E-05  1.004E-05
  1.164E-05  1.138E-05  1.104E-05  1.060E-05  9.994E-06
  1.151E-05  1.124E-05  1.092E-05  1.049E-05  9.905E-06
  1.150E-05  1.123E-05  1.091E-05  1.048E-05  9.880E-06
  1.144E-05  1.118E-05  1.085E-05  1.043E-05  9.831E-06
  1.138E-05  1.112E-05  1.079E-05  1.037E-05  9.780E-06
  1.128E-05  1.102E-05  1.071E-05  1.029E-05  9.714E-06
  1.124E-05  1.099E-05  1.067E-05  1.025E-05  9.671E-06
  1.117E-05  1.092E-05  1.060E-05  1.019E-05  9.621E-06
  1.112E-05  1.087E-05  1.055E-05  1.014E-05  9.574E-06
  1.107E-05  1.082E-05  1.050E-05  1.009E-05  9.530E-06
  1.096E-05  1.071E-05  1.040E-05  1.000E-05  9.449E-06
  1.085E-05  1.060E-05  1.030E-05  9.900E-06  9.355E-06
  1.073E-05  1.048E-05  1.018E-05  9.790E-06  9.257E-06
  1.060E-05  1.037E-05  1.007E-05  9.686E-06  9.163E-06
  1.031E-05  1.010E-05  9.834E-06  9.490E-06  9.027E-06
  1.033E-05  1.011E-05  9.828E-06  9.463E-06  8.970E-06
  1.024E-05  1.001E-05  9.730E-06  9.367E-06  8.877E-06
  1.015E-05  9.926E-06  9.647E-06  9.285E-06  8.799E-06
  1.003E-05  9.806E-06  9.533E-06  9.178E-06  8.705E-06
  9.916E-06  9.697E-06  9.427E-06  9.079E-06  8.615E-06
  9.802E-06  9.587E-06  9.322E-06  8.980E-06  8.526E-06
  9.733E-06  9.518E-06  9.253E-06  8.911E-06  8.458E-06
  9.640E-06  9.427E-06  9.165E-06  8.827E-06  8.379E-06
  9.534E-06  9.324E-06  9.066E-06  8.733E-06  8.295E-06
  9.437E-06  9.229E-06  8.974E-06  8.646E-06  8.216E-06
  9.341E-06  9.136E-06  8.884E-06  8.560E-06  8.137E-06
  9.234E-06  9.032E-06  8.784E-06  8.466E-06  8.054E-06
  9.148E-06  8.948E-06  8.703E-06  8.389E-06  7.982E-06
  9.045E-06  8.849E-06  8.608E-06  8.300E-06  7.902E-06
  8.953E-06  8.759E-06  8.521E-06  8.217E-06  7.826E-06
  8.877E-06  8.685E-06  8.449E-06  8.148E-06  7.761E-06
  8.787E-06  8.597E-06  8.364E-06  8.067E-06  7.687E-06
  8.673E-06  8.486E-06  8.257E-06  7.968E-06  7.602E-06
  8.584E-06  8.400E-06  8.176E-06  7.893E-06  7.533E-06
  8.471E-06  8.291E-06  8.072E-06  7.797E-06  7.451E-06
  8.394E-06  8.215E-06  7.998E-06  7.725E-06  7.383E-06
  8.271E-06  8.105E-06  7.901E-06  7.645E-06  7.319E-06
  8.107E-06  7.949E-06  7.757E-06  7.518E-06  7.218E-06
  8.173E-06  8.000E-06  7.789E-06  7.525E-06  7.195E-06
  8.095E-06  7.924E-06  7.715E-06  7.455E-06  7.131E-06
  8.019E-06  7.850E-06  7.644E-06  7.387E-06  7.068E-06
  7.955E-06  7.788E-06  7.584E-06  7.329E-06  7.012E-06
  7.887E-06  7.721E-06  7.519E-06  7.267E-06  6.953E-06
  7.797E-06  7.634E-06  7.436E-06  7.190E-06  6.885E-06
  7.718E-06  7.557E-06  7.362E-06  7.120E-06  6.822E-06
  7.658E-06  7.499E-06  7.305E-06  7.065E-06  6.769E-06
  7.592E-06  7.434E-06  7.242E-06  7.004E-06  6.711E-06
  7.502E-06  7.346E-06  7.158E-06  6.926E-06  6.644E-06
  7.448E-06  7.294E-06  7.107E-06  6.876E-06  6.593E-06
  7.347E-06  7.196E-06  7.015E-06  6.792E-06  6.523E-06
  7.285E-06  7.136E-06  6.957E-06  6.737E-06  6.471E-06
  7.234E-06  7.086E-06  6.908E-06  6.689E-06  6.424E-06
  7.034E-06  6.911E-06  6.760E-06  6.575E-06  6.342E-06
  7.098E-06  6.954E-06  6.780E-06  6.568E-06  6.313E-06
  7.038E-06  6.895E-06  6.723E-06  6.513E-06  6.261E-06
  6.985E-06  6.843E-06  6.672E-06  6.463E-06  6.212E-06
  6.928E-06  6.787E-06  6.618E-06  6.411E-06  6.163E-06
  6.851E-06  6.713E-06  6.547E-06  6.346E-06  6.106E-06
  6.784E-06  6.649E-06  6.487E-06  6.290E-06  6.055E-06
  6.734E-06  6.600E-06  6.438E-06  6.243E-06  6.008E-06
  6.653E-06  6.521E-06  6.364E-06  6.175E-06  5.949E-06
  6.633E-06  6.500E-06  6.340E-06  6.146E-06  5.915E-06
  6.565E-06  6.433E-06  6.276E-06  6.087E-06  5.862E-06
  6.515E-06  6.385E-06  6.229E-06  6.041E-06  5.818E-06
  6.440E-06  6.311E-06  6.158E-06  5.974E-06  5.756E-06
  6.367E-06  6.240E-06  6.090E-06  5.911E-06  5.699E-06
  6.312E-06  6.187E-06  6.040E-06  5.865E-06  5.658E-06
  6.231E-06  6.108E-06  5.964E-06  5.794E-06  5.594E-06
  6.144E-06  6.027E-06  5.890E-06  5.730E-06  5.541E-06
  6.122E-06  6.005E-06  5.867E-06  5.704E-06  5.511E-06
  6.039E-06  5.923E-06  5.787E-06  5.628E-06  5.443E-06
  6.005E-06  5.890E-06  5.755E-06  5.597E-06  5.412E-06
  5.961E-06  5.847E-06  5.714E-06  5.557E-06  5.373E-06
  5.892E-06  5.779E-06  5.647E-06  5.494E-06  5.315E-06
  5.858E-06  5.747E-06  5.616E-06  5.464E-06  5.286E-06
  5.808E-06  5.698E-06  5.570E-06  5.420E-06  5.245E-06
  5.747E-06  5.638E-06  5.511E-06  5.364E-06  5.193E-06
  5.710E-06  5.602E-06  5.477E-06  5.331E-06  5.162E-06
  5.667E-06  5.560E-06  5.436E-06  5.292E-06  5.125E-06
  5.607E-06  5.501E-06  5.379E-06  5.238E-06  5.075E-06
  5.576E-06  5.471E-06  5.350E-06  5.209E-06  5.046E-06
  5.529E-06  5.426E-06  5.307E-06  5.168E-06  5.008E-06
  5.394E-06  5.309E-06  5.211E-06  5.095E-06  4.953E-06
  5.408E-06  5.313E-06  5.203E-06  5.077E-06  4.929E-06
  5.406E-06  5.306E-06  5.191E-06  5.057E-06  4.902E-06
  5.366E-06  5.266E-06  5.150E-06  5.018E-06  4.864E-06
  5.333E-06  5.234E-06  5.119E-06  4.987E-06  4.834E-06
  5.290E-06  5.191E-06  5.078E-06  4.948E-06  4.798E-06
  5.247E-06  5.149E-06  5.037E-06  4.909E-06  4.761E-06
  5.209E-06  5.113E-06  5.002E-06  4.875E-06  4.728E-06
  5.163E-06  5.068E-06  4.959E-06  4.834E-06  4.691E-06
  5.133E-06  5.038E-06  4.930E-06  4.806E-06  4.663E-06
  5.087E-06  4.994E-06  4.888E-06  4.766E-06  4.626E-06
  5.050E-06  4.958E-06  4.852E-06  4.732E-06  4.594E-06
  5.013E-06  4.922E-06  4.818E-06  4.699E-06  4.562E-06
  4.975E-06  4.885E-06  4.782E-06  4.665E-06  4.530E-06
  4.937E-06  4.848E-06  4.746E-06  4.631E-06  4.498E-06
  4.897E-06  4.809E-06  4.709E-06  4.595E-06  4.465E-06
  4.861E-06  4.774E-06  4.675E-06  4.563E-06  4.434E-06
  4.831E-06  4.745E-06  4.646E-06  4.535E-06  4.406E-06
  4.788E-06  4.703E-06  4.606E-06  4.497E-06  4.371E-06
  4.759E-06  4.674E-06  4.578E-06  4.470E-06  4.345E-06
  4.717E-06  4.634E-06  4.539E-06  4.433E-06  4.310E-06
  4.685E-06  4.602E-06  4.509E-06  4.404E-06  4.282E-06
  4.652E-06  4.571E-06  4.479E-06  4.375E-06  4.254E-06
  4.609E-06  4.530E-06  4.440E-06  4.339E-06  4.222E-06
  4.545E-06  4.472E-06  4.390E-06  4.298E-06  4.187E-06
  4.548E-06  4.470E-06  4.381E-06  4.282E-06  4.166E-06
  4.523E-06  4.444E-06  4.356E-06  4.256E-06  4.141E-06
  4.486E-06  4.409E-06  4.321E-06  4.224E-06  4.110E-06
  4.450E-06  4.374E-06  4.288E-06  4.192E-06  4.081E-06
  4.418E-06  4.343E-06  4.258E-06  4.163E-06  4.053E-06
  4.392E-06  4.317E-06  4.233E-06  4.138E-06  4.029E-06
  4.362E-06  4.288E-06  4.205E-06  4.112E-06  4.003E-06
  4.326E-06  4.253E-06  4.171E-06  4.079E-06  3.973E-06
  4.299E-06  4.227E-06  4.145E-06  4.054E-06  3.949E-06
  4.267E-06  4.196E-06  4.115E-06  4.026E-06  3.922E-06
  4.239E-06  4.168E-06  4.088E-06  4.000E-06  3.897E-06
  4.203E-06  4.133E-06  4.055E-06  3.969E-06  3.869E-06
  4.179E-06  4.109E-06  4.032E-06  3.946E-06  3.846E-06
  4.153E-06  4.084E-06  4.007E-06  3.921E-06  3.821E-06
  4.117E-06  4.049E-06  3.974E-06  3.890E-06  3.793E-06
  4.096E-06  4.028E-06  3.953E-06  3.869E-06  3.772E-06
  4.061E-06  3.995E-06  3.921E-06  3.840E-06  3.745E-06
  4.036E-06  3.970E-06  3.897E-06  3.816E-06  3.721E-06
  4.012E-06  3.947E-06  3.874E-06  3.794E-06  3.699E-06
  3.984E-06  3.920E-06  3.848E-06  3.769E-06  3.676E-06
  3.957E-06  3.893E-06  3.821E-06  3.743E-06  3.651E-06
  3.934E-06  3.870E-06  3.800E-06  3.722E-06  3.631E-06
  3.896E-06  3.834E-06  3.766E-06  3.691E-06  3.602E-06
  3.879E-06  3.817E-06  3.748E-06  3.672E-06  3.583E-06
  3.851E-06  3.790E-06  3.722E-06  3.647E-06  3.559E-06
  3.831E-06  3.770E-06  3.702E-06  3.628E-06  3.540E-06
  3.805E-06  3.745E-06  3.678E-06  3.605E-06  3.518E-06
  3.775E-06  3.716E-06  3.650E-06  3.578E-06  3.493E-06
  3.752E-06  3.693E-06  3.628E-06  3.557E-06  3.473E-06
  3.730E-06  3.672E-06  3.607E-06  3.536E-06  3.452E-06
  3.706E-06  3.648E-06  3.584E-06  3.514E-06  3.430E-06
  3.681E-06  3.623E-06  3.560E-06  3.491E-06  3.409E-06
  3.657E-06  3.600E-06  3.538E-06  3.470E-06  3.388E-06
  3.633E-06  3.577E-06  3.515E-06  3.448E-06  3.367E-06
  3.611E-06  3.555E-06  3.494E-06  3.427E-06  3.347E-06
  3.588E-06  3.533E-06  3.473E-06  3.407E-06  3.327E-06
  3.563E-06  3.508E-06  3.449E-06  3.384E-06  3.306E-06
  3.532E-06  3.480E-06  3.422E-06  3.360E-06  3.284E-06
  3.483E-06  3.438E-06  3.388E-06  3.331E-06  3.259E-06
  3.494E-06  3.442E-06  3.385E-06  3.323E-06  3.247E-06
  3.463E-06  3.412E-06  3.357E-06  3.297E-06  3.223E-06
  3.450E-06  3.399E-06  3.343E-06  3.282E-06  3.208E-06
  3.430E-06  3.379E-06  3.323E-06  3.262E-06  3.189E-06
  3.406E-06  3.356E-06  3.301E-06  3.241E-06  3.169E-06
  3.388E-06  3.338E-06  3.283E-06  3.223E-06  3.151E-06
  3.367E-06  3.317E-06  3.263E-06  3.204E-06  3.132E-06
  3.344E-06  3.295E-06  3.242E-06  3.184E-06  3.113E-06
  3.321E-06  3.273E-06  3.221E-06  3.164E-06  3.094E-06
  3.297E-06  3.250E-06  3.198E-06  3.143E-06  3.074E-06
  3.283E-06  3.235E-06  3.184E-06  3.127E-06  3.059E-06
  3.264E-06  3.217E-06  3.165E-06  3.110E-06  3.041E-06
  3.243E-06  3.197E-06  3.146E-06  3.091E-06  3.023E-06
  3.224E-06  3.178E-06  3.127E-06  3.073E-06  3.006E-06
  3.204E-06  3.159E-06  3.109E-06  3.055E-06  2.988E-06
  3.177E-06  3.133E-06  3.085E-06  3.033E-06  2.968E-06
  3.162E-06  3.118E-06  3.070E-06  3.017E-06  2.953E-06
  3.143E-06  3.099E-06  3.052E-06  3.000E-06  2.936E-06
  3.121E-06  3.078E-06  3.031E-06  2.981E-06  2.918E-06
  3.102E-06  3.059E-06  3.013E-06  2.963E-06  2.901E-06
  3.090E-06  3.047E-06  3.000E-06  2.950E-06  2.887E-06
  3.071E-06  3.028E-06  2.982E-06  2.932E-06  2.870E-06
  3.052E-06  3.010E-06  2.964E-06  2.915E-06  2.853E-06
  3.033E-06  2.992E-06  2.947E-06  2.898E-06  2.837E-06
  3.007E-06  2.966E-06  2.922E-06  2.874E-06  2.813E-06
  2.970E-06  2.930E-06  2.887E-06  2.840E-06  2.781E-06
  2.934E-06  2.895E-06  2.853E-06  2.807E-06  2.749E-06
  2.903E-06  2.864E-06  2.823E-06  2.777E-06  2.720E-06
  2.869E-06  2.831E-06  2.791E-06  2.747E-06  2.690E-06
  2.836E-06  2.798E-06  2.759E-06  2.715E-06  2.660E-06
  2.804E-06  2.768E-06  2.729E-06  2.686E-06  2.631E-06
  2.771E-06  2.736E-06  2.697E-06  2.656E-06  2.602E-06
  2.738E-06  2.704E-06  2.667E-06  2.626E-06  2.574E-06
  2.705E-06  2.672E-06  2.636E-06  2.597E-06  2.546E-06
  2.679E-06  2.645E-06  2.609E-06  2.570E-06  2.519E-06
  2.649E-06  2.616E-06  2.581E-06  2.543E-06  2.492E-06
  2.620E-06  2.587E-06  2.553E-06  2.515E-06  2.466E-06
  2.590E-06  2.559E-06  2.525E-06  2.488E-06  2.439E-06
  2.563E-06  2.532E-06  2.499E-06  2.462E-06  2.414E-06
  2.533E-06  2.503E-06  2.471E-06  2.435E-06  2.388E-06
  2.507E-06  2.477E-06  2.446E-06  2.411E-06  2.364E-06
  2.481E-06  2.451E-06  2.420E-06  2.386E-06  2.340E-06
  2.454E-06  2.425E-06  2.395E-06  2.361E-06  2.316E-06
  2.428E-06  2.399E-06  2.370E-06  2.336E-06  2.292E-06
  2.401E-06  2.374E-06  2.344E-06  2.312E-06  2.268E-06
  2.376E-06  2.349E-06  2.320E-06  2.288E-06  2.245E-06
  2.352E-06  2.325E-06  2.297E-06  2.265E-06  2.223E-06
  2.326E-06  2.300E-06  2.273E-06  2.242E-06  2.200E-06
  2.303E-06  2.278E-06  2.250E-06  2.220E-06  2.179E-06
  2.278E-06  2.253E-06  2.227E-06  2.197E-06  2.156E-06
  2.240E-06  2.219E-06  2.196E-06  2.169E-06  2.130E-06
  2.219E-06  2.198E-06  2.175E-06  2.148E-06  2.110E-06
  2.209E-06  2.186E-06  2.161E-06  2.132E-06  2.093E-06
  2.188E-06  2.165E-06  2.140E-06  2.112E-06  2.073E-06
  2.166E-06  2.143E-06  2.119E-06  2.091E-06  2.053E-06
  2.144E-06  2.122E-06  2.098E-06  2.071E-06  2.033E-06
  2.122E-06  2.100E-06  2.077E-06  2.050E-06  2.013E-06
  2.102E-06  2.080E-06  2.057E-06  2.031E-06  1.994E-06
  2.081E-06  2.060E-06  2.037E-06  2.011E-06  1.975E-06
  2.061E-06  2.040E-06  2.018E-06  1.992E-06  1.957E-06
  2.041E-06  2.021E-06  1.999E-06  1.973E-06  1.938E-06
  2.021E-06  2.001E-06  1.979E-06  1.955E-06  1.920E-06
  2.002E-06  1.982E-06  1.961E-06  1.936E-06  1.902E-06
  1.982E-06  1.963E-06  1.942E-06  1.918E-06  1.884E-06
  1.963E-06  1.944E-06  1.923E-06  1.900E-06  1.867E-06
  1.944E-06  1.925E-06  1.905E-06  1.882E-06  1.849E-06
  1.926E-06  1.908E-06  1.888E-06  1.865E-06  1.833E-06
  1.907E-06  1.889E-06  1.869E-06  1.847E-06  1.815E-06
  1.890E-06  1.872E-06  1.853E-06  1.831E-06  1.799E-06
  1.873E-06  1.855E-06  1.836E-06  1.814E-06  1.783E-06
  1.855E-06  1.838E-06  1.819E-06  1.798E-06  1.767E-06
  1.838E-06  1.821E-06  1.803E-06  1.782E-06  1.751E-06
  1.821E-06  1.804E-06  1.786E-06  1.765E-06  1.735E-06
  1.804E-06  1.788E-06  1.770E-06  1.749E-06  1.720E-06
  1.788E-06  1.772E-06  1.755E-06  1.734E-06  1.705E-06
  1.772E-06  1.756E-06  1.739E-06  1.719E-06  1.690E-06
  1.756E-06  1.740E-06  1.724E-06  1.703E-06  1.675E-06
  1.740E-06  1.725E-06  1.708E-06  1.688E-06  1.660E-06
  1.725E-06  1.710E-06  1.693E-06  1.674E-06  1.646E-06
  1.709E-06  1.694E-06  1.678E-06  1.659E-06  1.631E-06
  1.694E-06  1.679E-06  1.663E-06  1.644E-06  1.617E-06
  1.679E-06  1.665E-06  1.649E-06  1.630E-06  1.603E-06
  1.663E-06  1.649E-06  1.634E-06  1.615E-06  1.589E-06
  1.648E-06  1.635E-06  1.620E-06  1.602E-06  1.575E-06
  1.635E-06  1.621E-06  1.606E-06  1.588E-06  1.562E-06
  1.621E-06  1.608E-06  1.593E-06  1.575E-06  1.549E-06
  1.607E-06  1.594E-06  1.579E-06  1.562E-06  1.536E-06
  1.594E-06  1.580E-06  1.566E-06  1.549E-06  1.523E-06
  1.579E-06  1.566E-06  1.552E-06  1.535E-06  1.510E-06
  1.566E-06  1.554E-06  1.540E-06  1.523E-06  1.498E-06
  1.554E-06  1.541E-06  1.527E-06  1.510E-06  1.486E-06
  1.540E-06  1.527E-06  1.514E-06  1.497E-06  1.473E-06
  1.527E-06  1.515E-06  1.501E-06  1.485E-06  1.461E-06
  1.515E-06  1.502E-06  1.489E-06  1.473E-06  1.449E-06
  1.502E-06  1.490E-06  1.477E-06  1.461E-06  1.438E-06
  1.489E-06  1.478E-06  1.465E-06  1.449E-06  1.426E-06
  1.477E-06  1.466E-06  1.453E-06  1.437E-06  1.414E-06
  1.465E-06  1.454E-06  1.441E-06  1.425E-06  1.403E-06
  1.452E-06  1.441E-06  1.429E-06  1.414E-06  1.391E-06
  1.441E-06  1.430E-06  1.418E-06  1.403E-06  1.381E-06
  1.429E-06  1.419E-06  1.406E-06  1.391E-06  1.369E-06
  1.418E-06  1.407E-06  1.395E-06  1.380E-06  1.359E-06
  1.406E-06  1.396E-06  1.384E-06  1.369E-06  1.348E-06
  1.395E-06  1.385E-06  1.373E-06  1.359E-06  1.337E-06
  1.384E-06  1.374E-06  1.362E-06  1.348E-06  1.327E-06
  1.373E-06  1.363E-06  1.351E-06  1.337E-06  1.316E-06
  1.362E-06  1.352E-06  1.341E-06  1.327E-06  1.306E-06
  1.351E-06  1.341E-06  1.330E-06  1.316E-06  1.296E-06
  1.340E-06  1.331E-06  1.320E-06  1.306E-06  1.286E-06
  1.330E-06  1.321E-06  1.310E-06  1.296E-06  1.276E-06
  1.320E-06  1.310E-06  1.300E-06  1.286E-06  1.266E-06
  1.310E-06  1.300E-06  1.290E-06  1.276E-06  1.257E-06
  1.299E-06  1.290E-06  1.280E-06  1.266E-06  1.247E-06
  1.290E-06  1.280E-06  1.270E-06  1.257E-06  1.238E-06
  1.280E-06  1.271E-06  1.260E-06  1.247E-06  1.228E-06
  3.328E-07  3.314E-07  3.296E-07  3.274E-07  3.242E-07
  8.427E-08  8.403E-08  8.374E-08  8.337E-08  8.282E-08
  3.754E-08  3.746E-08  3.736E-08  3.722E-08  3.702E-08
  2.113E-08  2.109E-08  2.104E-08  2.097E-08  2.086E-08
  1.352E-08  1.349E-08  1.346E-08  1.342E-08  1.337E-08
  9.383E-09  9.367E-09  9.347E-09  9.322E-09  9.288E-09
  6.889E-09  6.878E-09  6.865E-09  6.849E-09  6.828E-09
  5.271E-09  5.264E-09  5.254E-09  5.243E-09  5.231E-09
