   179.50003
   180.50003
   181.50003
   182.50003
   183.50003
   184.50003
   185.50003
   186.50003
   187.50003
   188.50003
   189.50003
   190.50003
   191.50003
   192.50003
   193.50003
   194.50003
   195.50003
   196.70002
   197.60003
   198.40002
   199.50003
   200.50003
   201.50003
   202.50003
   203.50003
   204.50003
   205.50003
   206.50003
   207.40002
   207.80003
   208.50003
   209.50003
   210.50003
   211.50003
   212.50003
   213.50003
   214.50003
   215.50003
   216.50003
   217.50003
   218.50003
   219.50003
   220.50003
   221.50003
   222.50003
   223.50003
   224.50003
   225.50003
   226.50003
   227.50003
   228.50003
   229.50003
   230.50003
   231.50003
   232.50003
   233.50003
   234.50003
   235.50003
   236.50003
   237.50003
   238.50003
   239.50003
   240.50003
   241.50003
   242.50003
   243.50003
   244.50003
   245.50003
   246.50003
   247.50003
   248.50003
   249.50003
   250.50004
   251.30004
   251.80004
   252.50004
   253.50004
   254.50004
   255.50004
   256.50004
   257.50004
   258.50004
   259.50004
   260.50004
   261.50004
   262.50004
   263.50004
   264.50004
   265.50004
   266.50004
   267.50004
   268.50004
   269.50004
   270.50004
   271.50004
   272.50004
   273.50004
   274.50004
   275.50004
   276.50004
   277.50004
   278.50004
   279.50004
   280.50004
   281.50004
   282.50004
   283.50004
   284.50004
   285.50004
   286.50004
   287.50004
   288.50004
   289.50004
   291.00004
   293.00004
   295.00004
   297.00004
   299.00004
   301.00004
