  4.588E-09
  4.930E-09
  5.313E-09
  5.703E-09
  5.940E-09
  5.696E-09
  5.902E-09
  6.246E-09
  6.609E-09
  6.999E-09
  7.415E-09
  8.330E-09
  8.599E-09
  9.019E-09
  9.503E-09
  1.006E-08
  1.069E-08
  1.156E-08
  1.071E-08
  1.087E-08
  1.148E-08
  1.470E-08
  1.414E-08
  1.620E-08
  1.736E-08
  1.737E-08
  1.662E-08
  1.723E-08
  1.813E-08
  1.900E-08
  1.987E-08
  2.068E-08
  2.334E-07
  2.492E-07
  2.712E-07
  2.880E-07
  3.000E-07
  3.117E-07
  3.230E-07
  3.314E-07
  3.390E-07
  3.469E-07
  3.549E-07
  3.649E-07
  3.752E-07
  3.859E-07
  3.973E-07
  4.207E-07
  4.346E-07
  4.488E-07
  5.645E-07
  5.769E-07
  5.891E-07
  6.008E-07
  6.117E-07
  6.205E-07
  6.292E-07
  6.379E-07
  6.723E-07
  6.795E-07
  6.867E-07
  6.940E-07
  7.013E-07
  7.094E-07
  7.172E-07
  7.251E-07
  7.333E-07
  7.418E-07
  7.512E-07
  7.946E-07
  8.017E-07
  8.099E-07
  8.198E-07
  8.299E-07
  8.404E-07
  8.719E-07
  8.795E-07
  4.053E-06
  4.089E-06
  4.140E-06
  4.189E-06
  4.239E-06
  4.288E-06
  4.338E-06
  4.389E-06
  4.439E-06
  4.492E-06
  4.545E-06
  4.599E-06
  4.707E-06
  4.760E-06
  4.814E-06
  4.869E-06
  4.923E-06
  4.975E-06
  5.028E-06
  5.143E-06
  5.192E-06
  5.240E-06
  5.290E-06
  5.340E-06
  5.391E-06
  5.441E-06
  5.491E-06
  5.541E-06
  5.592E-06
  5.643E-06
  5.694E-06
  5.746E-06
  5.798E-06
  5.851E-06
  5.904E-06
  5.957E-06
  6.011E-06
  6.064E-06
  6.118E-06
  6.238E-06
  6.341E-06
  6.452E-06
