9.09000e+00  1.00000e-38  1.00000e-38  1.00000e-38  1.00000e-38  1.00000e-38
9.35000e+00  1.00000e-38  1.00000e-38  1.00000e-38  1.00000e-38  1.00000e-38
9.61000e+00  1.00000e-38  1.00000e-38  1.00000e-38  1.00000e-38  1.00000e-38
9.77000e+00  1.00000e-38  1.00000e-38  1.00000e-38  1.00000e-38  1.00000e-38
9.96000e+00  1.00000e-38  1.00000e-38  1.00000e-38  1.00000e-38  1.00000e-38
1.02000e+01  1.00000e-38  1.00000e-38  1.00000e-38  1.00000e-38  1.00000e-38
1.03800e+01  1.00000e-38  1.00000e-38  1.00000e-38  1.00000e-38  1.00000e-38
1.05600e+01  1.00000e-38  1.00000e-38  1.00000e-38  1.00000e-38  1.00000e-38
1.07700e+01  1.00000e-38  1.00000e-38  1.00000e-38  1.00000e-38  1.00000e-38
1.10400e+01  1.00000e-38  1.00000e-38  1.00000e-38  1.00000e-38  1.00000e-38
1.14000e+01  1.00000e-38  1.00000e-38  1.00000e-38  1.00000e-38  1.00000e-38
1.17800e+01  1.00000e-38  1.00000e-38  1.00000e-38  1.00000e-38  1.00000e-38
1.21300e+01  1.00000e-38  1.00000e-38  1.00000e-38  1.00000e-38  1.00000e-38
1.24800e+01  1.00000e-38  1.00000e-38  1.00000e-38  1.00000e-38  1.00000e-38
1.27100e+01  1.00000e-38  1.00000e-38  1.00000e-38  1.00000e-38  1.00000e-38
1.28400e+01  1.00000e-38  1.00000e-38  1.00000e-38  1.00000e-38  1.00000e-38
1.30500e+01  1.00000e-38  1.00000e-38  1.00000e-38  1.00000e-38  1.00000e-38
1.32400e+01  1.00000e-38  1.00000e-38  1.00000e-38  1.00000e-38  1.00000e-38
1.33900e+01  1.00000e-38  1.00000e-38  1.00000e-38  1.00000e-38  1.00000e-38
1.36600e+01  1.00000e-38  1.00000e-38  1.00000e-38  1.00000e-38  1.00000e-38
1.39800e+01  1.00000e-38  1.00000e-38  1.00000e-38  1.00000e-38  1.00000e-38
1.43300e+01  1.00000e-38  1.00000e-38  1.00000e-38  1.00000e-38  1.00000e-38
1.47200e+01  1.00000e-38  1.00000e-38  1.00000e-38  1.00000e-38  1.00000e-38
1.51000e+01  1.00000e-38  1.00000e-38  1.00000e-38  1.00000e-38  1.00000e-38
1.55200e+01  1.00000e-38  1.00000e-38  1.00000e-38  1.00000e-38  1.00000e-38
1.58800e+01  1.00000e-38  1.00000e-38  1.00000e-38  1.00000e-38  1.00000e-38
1.62000e+01  1.00000e-38  1.00000e-38  1.00000e-38  1.00000e-38  1.00000e-38
1.66000e+01  1.00000e-38  1.00000e-38  1.00000e-38  1.00000e-38  1.00000e-38
1.70300e+01  1.00000e-38  1.00000e-38  1.00000e-38  1.00000e-38  1.00000e-38
1.73400e+01  1.00000e-38  1.00000e-38  1.00000e-38  1.00000e-38  1.00000e-38
1.76800e+01  1.00000e-38  1.00000e-38  1.00000e-38  1.00000e-38  1.00000e-38
1.80200e+01  1.00000e-38  1.00000e-38  1.00000e-38  1.00000e-38  1.00000e-38
1.81700e+01  1.00000e-38  1.00000e-38  1.00000e-38  1.00000e-38  1.00000e-38
1.86100e+01  1.00000e-38  1.00000e-38  1.00000e-38  1.00000e-38  1.00000e-38
1.91000e+01  1.00000e-38  1.00000e-38  1.00000e-38  1.00000e-38  1.00000e-38
1.93900e+01  1.00000e-38  1.00000e-38  1.00000e-38  1.00000e-38  1.00000e-38
1.98400e+01  1.00000e-38  1.00000e-38  1.00000e-38  1.00000e-38  1.00000e-38
2.01800e+01  1.00000e-38  1.00000e-38  1.00000e-38  1.00000e-38  1.00000e-38
2.05000e+01  1.00000e-38  1.00000e-38  1.00000e-38  1.00000e-38  1.00000e-38
2.10500e+01  1.00000e-38  1.00000e-38  1.00000e-38  1.00000e-38  1.00000e-38
2.16200e+01  1.00000e-38  1.00000e-38  1.00000e-38  1.00000e-38  1.00000e-38
2.19800e+01  1.00000e-38  1.00000e-38  1.00000e-38  1.00000e-38  1.00000e-38
2.23000e+01  1.00000e-38  1.00000e-38  1.00000e-38  1.00000e-38  1.00000e-38
2.26800e+01  1.00000e-38  1.00000e-38  1.00000e-38  1.00000e-38  1.00000e-38
2.30000e+01  1.00000e-38  1.00000e-38  1.00000e-38  1.00000e-38  1.00000e-38
2.34000e+01  1.00000e-38  1.00000e-38  1.00000e-38  1.00000e-38  1.00000e-38
2.40000e+01  1.00000e-38  1.00000e-38  1.00000e-38  1.00000e-38  1.00000e-38
2.46500e+01  1.00000e-38  1.00000e-38  1.00000e-38  1.00000e-38  1.00000e-38
2.52400e+01  1.00000e-38  1.00000e-38  1.00000e-38  1.00000e-38  1.00000e-38
2.56800e+01  1.00002e-38  1.00001e-38  1.00001e-38  1.00000e-38  1.00000e-38
2.60000e+01  1.00007e-38  1.00004e-38  1.00002e-38  1.00001e-38  1.00001e-38
2.64000e+01  1.00026e-38  1.00015e-38  1.00009e-38  1.00006e-38  1.00006e-38
2.68500e+01  1.00107e-38  1.00062e-38  1.00036e-38  1.00025e-38  1.00025e-38
2.73500e+01  1.00481e-38  1.00279e-38  1.00164e-38  1.00115e-38  1.00113e-38
2.78500e+01  1.02029e-38  1.01180e-38  1.00699e-38  1.00498e-38  1.00487e-38
2.84000e+01  1.09307e-38  1.05425e-38  1.03240e-38  1.02349e-38  1.02274e-38
2.90000e+01  1.45817e-38  1.26783e-38  1.16125e-38  1.11916e-38  1.11416e-38
2.96000e+01  3.11317e-38  2.23814e-38  1.75100e-38  1.56528e-38  1.53632e-38
3.01000e+01  8.20329e-38  5.22988e-38  3.58072e-38  2.97125e-38  2.85648e-38
3.08000e+01  3.84796e-37  2.30534e-37  1.45768e-37  1.15750e-37  1.08598e-37
3.18000e+01  3.49022e-36  2.06499e-36  1.28912e-36  1.03358e-36  9.51998e-37
3.28000e+01  2.81655e-35  1.66760e-35  1.04976e-35  8.61939e-36  7.84191e-36
3.38000e+01  2.00946e-34  1.19227e-34  7.58086e-35  6.37297e-35  5.73692e-35
3.48000e+01  1.27907e-33  7.60265e-34  4.88149e-34  4.19808e-34  3.74299e-34
3.57000e+01  6.18578e-33  3.68042e-33  2.38355e-33  2.08914e-33  1.84740e-33
3.66000e+01  2.76420e-32  1.64724e-32  1.07486e-32  9.59724e-33  8.42538e-33
3.75000e+01  1.14892e-31  6.85165e-32  4.50486e-32  4.09178e-32  3.56892e-32
3.85000e+01  5.16808e-31  3.08461e-31  2.04341e-31  1.88724e-31  1.63733e-31
3.95000e+01  2.15246e-30  1.28538e-30  8.57884e-31  8.05970e-31  6.92520e-31
4.05000e+01  8.34712e-30  4.98626e-30  3.35140e-30  3.19991e-30  2.73344e-30
4.14000e+01  2.67098e-29  1.59559e-29  1.07591e-29  1.04462e-29  8.87900e-30
4.22000e+01  7.19833e-29  4.30149e-29  2.91559e-29  2.86359e-29  2.42383e-29
4.30000e+01  1.86941e-28  1.11715e-28  7.60537e-29  7.44157e-29  6.37130e-29
4.41000e+01  6.55683e-28  3.91441e-28  2.68399e-28  2.66830e-28  2.22623e-28
4.51000e+01  1.94453e-27  1.16069e-27  7.99617e-28  8.06191e-28  6.70154e-28
4.60000e+01  4.96567e-27  2.95704e-27  2.05044e-27  2.09152e-27  1.73256e-27
4.70000e+01  1.34852e-26  8.02816e-27  5.59189e-27  5.77405e-27  4.76734e-27
4.80000e+01  3.51164e-26  2.08961e-26  1.45331e-26  1.52716e-26  1.25665e-26
4.90000e+01  8.78917e-26  5.22961e-26  3.65143e-26  3.87934e-26  3.18194e-26
5.00000e+01  2.12011e-25  1.26085e-25  8.83637e-26  9.48241e-26  7.75718e-26
5.06000e+01  3.53570e-25  2.10491e-25  1.48165e-25  1.60278e-25  1.31365e-25
5.12000e+01  5.82556e-25  3.46982e-25  2.44768e-25  2.63486e-25  2.18254e-25
5.20000e+01  1.11325e-24  6.62084e-25  4.68534e-25  5.08683e-25  4.19311e-25
5.30000e+01  2.43283e-24  1.44628e-24  1.02609e-24  1.12458e-24  9.10852e-25
5.40000e+01  5.16349e-24  3.06209e-24  2.18196e-24  2.41360e-24  1.95091e-24
5.50000e+01  1.06614e-23  6.31894e-24  4.51339e-24  5.03668e-24  4.06158e-24
5.60000e+01  2.14446e-23  1.27054e-23  9.05210e-24  1.02290e-23  8.23187e-24
5.70000e+01  4.20891e-23  2.49243e-23  1.77924e-23  2.02654e-23  1.62776e-23
5.80000e+01  8.06575e-23  4.77600e-23  3.41668e-23  3.91842e-23  3.14342e-23
5.90000e+01  1.51215e-22  8.95090e-23  6.41287e-23  7.40183e-23  5.93005e-23
6.00000e+01  2.77593e-22  1.64245e-22  1.17879e-22  1.36917e-22  1.09504e-22
6.10000e+01  4.99474e-22  2.95428e-22  2.12286e-22  2.48209e-22  1.98533e-22
6.20000e+01  8.81546e-22  5.21403e-22  3.75185e-22  4.41319e-22  3.53056e-22
6.30000e+01  1.52826e-21  9.03575e-22  6.50931e-22  7.70323e-22  6.15225e-22
6.40000e+01  2.60364e-21  1.53901e-21  1.11012e-21  1.32120e-21  1.05350e-21
6.50000e+01  4.36370e-21  2.57532e-21  1.86221e-21  2.22758e-21  1.77434e-21
6.58000e+01  6.52042e-21  3.84776e-21  2.78408e-21  3.34519e-21  2.66188e-21
6.65000e+01  9.19306e-21  5.42593e-21  3.92773e-21  4.73607e-21  3.76287e-21
6.75000e+01  1.48312e-20  8.75594e-21  6.34058e-21  7.68441e-21  6.09821e-21
6.85000e+01  2.35970e-20  1.39321e-20  1.00971e-20  1.22947e-20  9.74313e-21
6.95000e+01  3.70406e-20  2.18709e-20  1.59105e-20  1.94014e-20  1.53604e-20
7.05000e+01  5.74034e-20  3.39053e-20  2.46754e-20  3.02227e-20  2.39014e-20
7.16000e+01  9.16185e-20  5.41387e-20  3.94179e-20  4.85076e-20  3.83148e-20
7.26000e+01  1.38468e-19  8.18571e-20  5.96103e-20  7.36512e-20  5.81308e-20
7.35000e+01  1.98858e-19  1.17598e-19  8.56840e-20  1.06213e-19  8.37714e-20
7.45000e+01  2.94273e-19  1.74107e-19  1.26918e-19  1.57922e-19  1.24473e-19
7.55000e+01  4.30961e-19  2.55132e-19  1.86045e-19  2.32876e-19  1.82986e-19
7.65000e+01  6.24896e-19  3.70084e-19  2.70035e-19  3.39073e-19  2.66293e-19
7.75000e+01  8.97410e-19  5.31724e-19  3.88279e-19  4.88912e-19  3.83836e-19
7.85000e+01  1.27708e-18  7.57156e-19  5.53043e-19  6.98558e-19  5.48171e-19
7.95000e+01  1.80144e-18  1.06880e-18  7.81090e-19  9.89112e-19  7.75991e-19
8.05000e+01  2.51924e-18  1.49603e-18  1.09335e-18  1.38876e-18  1.08960e-18
8.15000e+01  3.49472e-18  2.07699e-18  1.51866e-18  1.93373e-18  1.52226e-18
8.25000e+01  4.80942e-18  2.86122e-18  2.09311e-18  2.67136e-18  2.10208e-18
8.35000e+01  6.56859e-18  3.91123e-18  2.86334e-18  3.66238e-18  2.88136e-18
8.45000e+01  8.90625e-18  5.30949e-18  3.88818e-18  4.98376e-18  3.91995e-18
8.55000e+01  1.19908e-17  7.15822e-18  5.24440e-18  6.73392e-18  5.29701e-18
8.65000e+01  1.60341e-17  9.57808e-18  7.02630e-18  9.03875e-18  7.10854e-18
8.75000e+01  2.13004e-17  1.27385e-17  9.36074e-18  1.20509e-17  9.47080e-18
8.85000e+01  2.81198e-17  1.68359e-17  1.23977e-17  1.59226e-17  1.25498e-17
8.95000e+01  3.68947e-17  2.21167e-17  1.63049e-17  2.09682e-17  1.65277e-17
9.05000e+01  4.81228e-17  2.88904e-17  2.13150e-17  2.74453e-17  2.16469e-17
9.15000e+01  8.49510e-17  9.52899e-17  1.21377e-16  1.77021e-16  2.89418e-16
9.25000e+01  1.32516e-16  1.85921e-16  2.56137e-16  3.65771e-16  5.95783e-16
9.35000e+01  1.65191e-16  2.20843e-16  2.97922e-16  4.16675e-16  6.55413e-16
9.45000e+01  2.09922e-16  2.69927e-16  3.60887e-16  4.99105e-16  7.78448e-16
9.55000e+01  2.67978e-16  3.33826e-16  4.42401e-16  6.05584e-16  9.32014e-16
9.65000e+01  3.41583e-16  4.16045e-16  5.49823e-16  7.52440e-16  1.15711e-15
9.75000e+01  4.36338e-16  5.50219e-16  7.30053e-16  1.00245e-15  1.54243e-15
9.85000e+01  5.40958e-16  6.53229e-16  8.60160e-16  1.17041e-15  1.78586e-15
9.95000e+01  6.82317e-16  8.34477e-16  1.10298e-15  1.50159e-15  2.29804e-15
1.00500e+02  8.64615e-16  1.03944e-15  1.36615e-15  1.85046e-15  2.80998e-15
1.01500e+02  1.07356e-15  1.28097e-15  1.68126e-15  2.27222e-15  3.44514e-15
1.02500e+02  1.34971e-15  1.68856e-15  2.22993e-15  3.03648e-15  4.62359e-15
1.03500e+02  1.66798e-15  2.00448e-15  2.62978e-15  3.55065e-15  5.36943e-15
1.04500e+02  2.07042e-15  2.49560e-15  3.28060e-15  4.42008e-15  6.67259e-15
1.05500e+02  2.51225e-15  3.00174e-15  3.90684e-15  5.21495e-15  7.77938e-15
1.06500e+02  3.09152e-15  3.71899e-15  4.86395e-15  6.51257e-15  9.75676e-15
1.07500e+02  3.75601e-15  4.44793e-15  5.78540e-15  7.70292e-15  1.14200e-14
1.08500e+02  4.58983e-15  5.41117e-15  7.02257e-15  9.32298e-15  1.37258e-14
1.09500e+02  5.48477e-15  6.44196e-15  8.30046e-15  1.09313e-14  1.58923e-14
1.10500e+02  8.65178e-15  8.90961e-15  9.43690e-15  9.88689e-15  1.17152e-14
1.11500e+02  1.82008e-14  1.81458e-14  1.45082e-14  9.25160e-15  6.47772e-15
1.12500e+02  2.52450e-14  2.52315e-14  1.97091e-14  1.19079e-14  7.83779e-15
1.13500e+02  3.44706e-14  3.39929e-14  2.56474e-14  1.41101e-14  7.41681e-15
1.14500e+02  4.21903e-14  4.12934e-14  3.08395e-14  1.65411e-14  8.17499e-15
1.15500e+02  4.77823e-14  4.67607e-14  3.56056e-14  2.04971e-14  1.21872e-14
1.16500e+02  5.84657e-14  5.64833e-14  4.10963e-14  2.12526e-14  9.54028e-15
1.17500e+02  7.08778e-14  6.83163e-14  4.91778e-14  2.48258e-14  1.02382e-14
1.18500e+02  7.71157e-14  7.40444e-14  5.43636e-14  2.96452e-14  1.53414e-14
1.19500e+02  5.88045e-14  5.53899e-14  4.70014e-14  3.69801e-14  3.34329e-14
1.20500e+02  5.45940e-14  4.95835e-14  4.42166e-14  3.80536e-14  3.52943e-14
1.21500e+02  3.51731e-14  3.92321e-14  4.68442e-14  5.64954e-14  7.24295e-14
1.22500e+02  6.83965e-14  6.27631e-14  5.86886e-14  5.40365e-14  5.32314e-14
1.23500e+02  1.31655e-13  1.20343e-13  8.85493e-14  5.34408e-14  3.23105e-14
1.24500e+02  1.99412e-13  1.92134e-13  1.27979e-13  5.84004e-14  1.95830e-14
1.25500e+02  2.56891e-13  2.53195e-13  1.61404e-13  6.57497e-14  1.46412e-14
1.26500e+02  2.76635e-13  2.71089e-13  1.80313e-13  8.59549e-14  3.65200e-14
1.27500e+02  3.36377e-13  3.31636e-13  2.15526e-13  9.54609e-14  3.42009e-14
1.28500e+02  3.83095e-13  3.77118e-13  2.33985e-13  9.23478e-14  2.24378e-14
1.29500e+02  4.46463e-13  4.36316e-13  2.65248e-13  9.91004e-14  1.73136e-14
1.30500e+02  4.75556e-13  4.62712e-13  2.85749e-13  1.15538e-13  3.30416e-14
1.31500e+02  5.70495e-13  5.57386e-13  3.38999e-13  1.30485e-13  3.04252e-14
1.32500e+02  6.05823e-13  5.89562e-13  3.46929e-13  1.27693e-13  2.66424e-14
1.33500e+02  6.61234e-13  6.39359e-13  3.69613e-13  1.33301e-13  2.64049e-14
1.34500e+02  7.45852e-13  7.15641e-13  4.09985e-13  1.45117e-13  2.50700e-14
1.35500e+02  8.58477e-13  8.28756e-13  4.84581e-13  1.82011e-13  4.68162e-14
1.36500e+02  9.14140e-13  8.68160e-13  4.94859e-13  1.78546e-13  3.89631e-14
1.37500e+02  9.90089e-13  9.35311e-13  5.28561e-13  1.89259e-13  3.99396e-14
1.38500e+02  1.06380e-12  9.94911e-13  5.57957e-13  1.98574e-13  4.08008e-14
1.39500e+02  1.16421e-12  1.07807e-12  5.99710e-13  2.12730e-13  4.45348e-14
1.40500e+02  1.38156e-12  1.28854e-12  7.24614e-13  2.61038e-13  5.60755e-14
1.41500e+02  1.52981e-12  1.41848e-12  8.02469e-13  2.95545e-13  6.97063e-14
1.42500e+02  1.70508e-12  1.57071e-12  8.90218e-13  3.25248e-13  7.29554e-14
1.43500e+02  1.94561e-12  1.78898e-12  1.02102e-12  3.84058e-13  9.80515e-14
1.44200e+02  2.33932e-12  2.16474e-12  1.25166e-12  4.65002e-13  1.00333e-13
1.44700e+02  2.17582e-12  1.97791e-12  1.12713e-12  4.17314e-13  9.60484e-14
1.45500e+02  2.47031e-12  2.25206e-12  1.27971e-12  4.71087e-13  1.05384e-13
1.46500e+02  2.88268e-12  2.63901e-12  1.52123e-12  5.80587e-13  1.49961e-13
1.47500e+02  2.81958e-12  2.53206e-12  1.42792e-12  5.36602e-13  1.34001e-13
1.48500e+02  3.27947e-12  2.94980e-12  1.68322e-12  6.38347e-13  1.60213e-13
1.49500e+02  4.13923e-12  3.76480e-12  2.16472e-12  8.18752e-13  2.01148e-13
1.50500e+02  4.86046e-12  4.42952e-12  2.57414e-12  9.77875e-13  2.30085e-13
1.51200e+02  4.03351e-12  3.52529e-12  1.97277e-12  7.36344e-13  1.87575e-13
1.51700e+02  5.31378e-12  4.76880e-12  2.77470e-12  1.06066e-12  2.46440e-13
1.52500e+02  8.91391e-12  8.01254e-12  5.09537e-12  2.11721e-12  4.35597e-13
1.53500e+02  2.86113e-11  2.52060e-11  1.86330e-11  1.02385e-11  2.47702e-12
1.54500e+02  2.69190e-11  2.33779e-11  1.70833e-11  9.43638e-12  2.35561e-12
1.55500e+02  4.08087e-11  3.56926e-11  2.68429e-11  1.55812e-11  4.13644e-12
1.56500e+02  4.00334e-11  3.49519e-11  2.61309e-11  1.50473e-11  3.99448e-12
1.57500e+02  6.55250e-11  5.79116e-11  4.51404e-11  2.83590e-11  9.25535e-12
1.58500e+02  7.74589e-11  6.82600e-11  5.30732e-11  3.32337e-11  1.05975e-11
1.59500e+02  8.54647e-11  7.48933e-11  5.79123e-11  3.61110e-11  1.12682e-11
1.60500e+02  9.49306e-11  8.29110e-11  6.38114e-11  3.94419e-11  1.19754e-11
1.61500e+02  1.03991e-10  9.03160e-11  6.88381e-11  4.18308e-11  1.21496e-11
1.62500e+02  1.12145e-10  9.69966e-11  7.37803e-11  4.50355e-11  1.32297e-11
1.63500e+02  1.32815e-10  1.15158e-10  8.81601e-11  5.45445e-11  1.71660e-11
1.64500e+02  1.73209e-10  1.50103e-10  1.15960e-10  7.33636e-11  2.41014e-11
1.65500e+02  1.31214e-10  1.13470e-10  8.65291e-11  5.33547e-11  1.71494e-11
1.66500e+02  1.98453e-10  1.71738e-10  1.32790e-10  8.46109e-11  2.83650e-11
1.67200e+02  1.55873e-10  1.34382e-10  1.02236e-10  6.27878e-11  1.99867e-11
1.67700e+02  2.13507e-10  1.85478e-10  1.44245e-10  9.27075e-11  3.24860e-11
1.68500e+02  3.04774e-10  2.63840e-10  2.07394e-10  1.38343e-10  5.40906e-11
1.69500e+02  4.28754e-10  3.69991e-10  2.93591e-10  2.01454e-10  8.73796e-11
1.70500e+02  5.25003e-10  4.43023e-10  3.44457e-10  2.32401e-10  1.00567e-10
1.71500e+02  5.73281e-10  4.64701e-10  3.50205e-10  2.28995e-10  9.78505e-11
1.72500e+02  7.22063e-10  5.85437e-10  4.45853e-10  2.97579e-10  1.31559e-10
1.73500e+02  8.94684e-10  6.88575e-10  5.10837e-10  3.37145e-10  1.49016e-10
1.74500e+02  1.15509e-09  8.82083e-10  6.58564e-10  4.43359e-10  2.03145e-10
1.75500e+02  1.61546e-09  1.13915e-09  8.11114e-10  5.34888e-10  2.42109e-10
1.76500e+02  1.28608e-09  1.02015e-09  7.79015e-10  5.33425e-10  2.49137e-10
1.77500e+02  1.56028e-09  1.15464e-09  8.41463e-10  5.56108e-10  2.46759e-10
1.78500e+02  2.17270e-09  1.55769e-09  1.12964e-09  7.63064e-10  3.65263e-10
1.79500e+02  2.70108e-09  1.78868e-09  1.21705e-09  7.86151e-10  3.54515e-10
1.80500e+02  2.69652e-09  1.93056e-09  1.40228e-09  9.54565e-10  4.67239e-10
1.81500e+02  2.32704e-09  1.76794e-09  1.31423e-09  8.86642e-10  4.09845e-10
1.82500e+02  2.81175e-09  2.13970e-09  1.61027e-09  1.11377e-09  5.50110e-10
1.83500e+02  3.03737e-09  2.29140e-09  1.70374e-09  1.15987e-09  5.51093e-10
1.84500e+02  2.23223e-09  1.86528e-09  1.47109e-09  1.03169e-09  5.00689e-10
1.85500e+02  3.28890e-09  2.47617e-09  1.83870e-09  1.24857e-09  5.86876e-10
1.86500e+02  4.44697e-09  3.14338e-09  2.25913e-09  1.53011e-09  7.49014e-10
1.87500e+02  4.68907e-09  3.33813e-09  2.40373e-09  1.62375e-09  7.86369e-10
1.88500e+02  5.19027e-09  3.67295e-09  2.64046e-09  1.79062e-09  8.80385e-10
1.89500e+02  6.35805e-09  4.50098e-09  3.24687e-09  2.21790e-09  1.11024e-09
1.90500e+02  6.01544e-09  4.36976e-09  3.20200e-09  2.19852e-09  1.09548e-09
1.91500e+02  6.74909e-09  4.95942e-09  3.67394e-09  2.55256e-09  1.30121e-09
1.92500e+02  6.05144e-09  4.77204e-09  3.67086e-09  2.57923e-09  1.29135e-09
1.93500e+02  4.01366e-09  3.41898e-09  2.72733e-09  1.92939e-09  8.99939e-10
1.94500e+02  8.10634e-09  6.09419e-09  4.56111e-09  3.17019e-09  1.60560e-09
1.95500e+02  8.84574e-09  6.66119e-09  5.01595e-09  3.52980e-09  1.84500e-09
1.96700e+02  1.12032e-08  8.19913e-09  6.06001e-09  4.21896e-09  2.18719e-09
1.97600e+02  1.05307e-08  8.04575e-09  6.11751e-09  4.33261e-09  2.28516e-09
1.98400e+02  1.08356e-08  8.42458e-09  6.48975e-09  4.64861e-09  2.50323e-09
1.99500e+02  1.20257e-08  9.06283e-09  6.82591e-09  4.80908e-09  2.52287e-09
2.00500e+02  1.21693e-08  9.29739e-09  7.06411e-09  5.00758e-09  2.65442e-09
2.01500e+02  1.38418e-08  1.04464e-08  7.88638e-09  5.59037e-09  2.98027e-09
2.02500e+02  1.09884e-08  8.72666e-09  6.76736e-09  4.81826e-09  2.51152e-09
2.03500e+02  1.58369e-08  1.18548e-08  8.89272e-09  6.27509e-09  3.32499e-09
2.04500e+02  1.80967e-08  1.33712e-08  9.92656e-09  6.94869e-09  3.63835e-09
2.05500e+02  1.80910e-08  1.37706e-08  1.04490e-08  7.43179e-09  3.98371e-09
2.06500e+02  1.81761e-08  1.38800e-08  1.05414e-08  7.48360e-09  3.97224e-09
2.07400e+02  1.72694e-08  1.37782e-08  1.06839e-08  7.57392e-09  3.87468e-09
2.07800e+02  2.41816e-08  1.75889e-08  1.29171e-08  9.00094e-09  4.73314e-09
2.08500e+02  2.56868e-08  1.86446e-08  1.37061e-08  9.63124e-09  5.20604e-09
2.09500e+02  5.75959e-08  3.59038e-08  2.19438e-08  1.33651e-08  7.01988e-09
2.10500e+02  1.47309e-07  8.78950e-08  4.63132e-08  2.13993e-08  8.86512e-09
2.11500e+02  2.10042e-07  1.24163e-07  6.33781e-08  2.71480e-08  1.03233e-08
2.12500e+02  1.72581e-07  1.01950e-07  5.25407e-08  2.34760e-08  9.56723e-09
2.13500e+02  1.87200e-07  1.12725e-07  5.94017e-08  2.70695e-08  1.13037e-08
2.14500e+02  2.64605e-07  1.58055e-07  8.06175e-08  3.34350e-08  1.18364e-08
2.15500e+02  2.54409e-07  1.52009e-07  7.78682e-08  3.28941e-08  1.21080e-08
2.16500e+02  2.03031e-07  1.22739e-07  6.49325e-08  2.95131e-08  1.17572e-08
2.17500e+02  2.07959e-07  1.25351e-07  6.62280e-08  3.03676e-08  1.24001e-08
2.18500e+02  3.11976e-07  1.87902e-07  9.63415e-08  3.97526e-08  1.36320e-08
2.19500e+02  3.01575e-07  1.82052e-07  9.49461e-08  4.15115e-08  1.59151e-08
2.20500e+02  2.79505e-07  1.70066e-07  8.98624e-08  4.01115e-08  1.55303e-08
2.21500e+02  1.87637e-07  1.15796e-07  6.40320e-08  3.18384e-08  1.41095e-08
2.22500e+02  2.72057e-07  1.67438e-07  9.02317e-08  4.16297e-08  1.64885e-08
2.23500e+02  4.06362e-07  2.52485e-07  1.35436e-07  5.96302e-08  2.18028e-08
2.24500e+02  3.84896e-07  2.39945e-07  1.29959e-07  5.88156e-08  2.27226e-08
2.25500e+02  2.61133e-07  1.65357e-07  9.37087e-08  4.70995e-08  2.09965e-08
2.26500e+02  2.04547e-07  1.29258e-07  7.40914e-08  3.85917e-08  1.74545e-08
2.27500e+02  2.43884e-07  1.55446e-07  8.95867e-08  4.67189e-08  2.16888e-08
2.28500e+02  3.87405e-07  2.45820e-07  1.36962e-07  6.49270e-08  2.63257e-08
2.29500e+02  2.78440e-07  1.79023e-07  1.04111e-07  5.47263e-08  2.59839e-08
2.30500e+02  3.74121e-07  2.37429e-07  1.31822e-07  6.14654e-08  2.32975e-08
2.31500e+02  3.12698e-07  2.01387e-07  1.17099e-07  6.13055e-08  2.87780e-08
2.32500e+02  2.80578e-07  1.81238e-07  1.07345e-07  5.88602e-08  2.90985e-08
2.33500e+02  2.08646e-07  1.41026e-07  9.11485e-08  5.71962e-08  3.28680e-08
2.34500e+02  1.11674e-07  8.12308e-08  5.82019e-08  4.05671e-08  2.42549e-08
2.35500e+02  2.94807e-07  1.92820e-07  1.16318e-07  6.50173e-08  3.17765e-08
2.36500e+02  1.33518e-07  9.68047e-08  6.89093e-08  4.77062e-08  2.85102e-08
2.37500e+02  1.91989e-07  1.32831e-07  8.86760e-08  5.72493e-08  3.21396e-08
2.38500e+02  9.42224e-08  7.43514e-08  5.83422e-08  4.44455e-08  2.94225e-08
2.39500e+02  1.34546e-07  1.00615e-07  7.45214e-08  5.38308e-08  3.38144e-08
2.40500e+02  1.38545e-07  1.05547e-07  8.01598e-08  5.97127e-08  3.95180e-08
2.41500e+02  1.74154e-07  1.25503e-07  8.77724e-08  5.94290e-08  3.53254e-08
2.42500e+02  3.97724e-07  2.67951e-07  1.65766e-07  9.39297e-08  4.72556e-08
2.43500e+02  3.99180e-07  2.72835e-07  1.72498e-07  1.00919e-07  5.32881e-08
2.44500e+02  5.16733e-07  3.50328e-07  2.17190e-07  1.22564e-07  6.24795e-08
2.45500e+02  5.63187e-07  3.81476e-07  2.35406e-07  1.31653e-07  6.69265e-08
2.46500e+02  4.29993e-07  2.92749e-07  1.84658e-07  1.08132e-07  5.67145e-08
2.47500e+02  3.71269e-07  2.56408e-07  1.66291e-07  1.02230e-07  5.76905e-08
2.48500e+02  1.25368e-07  9.57105e-08  7.16503e-08  5.10371e-08  2.91362e-08
2.49500e+02  2.41910e-07  1.71411e-07  1.15692e-07  7.42212e-08  4.09901e-08
2.50500e+02  3.98052e-07  2.74130e-07  1.77825e-07  1.09807e-07  6.12954e-08
2.51300e+02  1.38158e-07  1.12605e-07  9.05746e-08  6.94033e-08  4.40384e-08
2.51800e+02  9.18537e-08  8.13397e-08  6.94762e-08  5.51068e-08  3.51017e-08
2.52500e+02  9.54428e-08  8.29472e-08  7.02037e-08  5.56681e-08  3.58817e-08
2.53500e+02  1.46671e-07  1.23998e-07  1.03496e-07  8.29631e-08  5.77854e-08
2.54500e+02  2.02583e-07  1.65718e-07  1.32919e-07  1.02411e-07  6.93367e-08
2.55500e+02  6.02124e-07  4.62046e-07  3.33289e-07  2.19319e-07  1.21036e-07
2.56500e+02  5.15386e-07  3.89911e-07  2.78234e-07  1.83692e-07  1.04815e-07
2.57500e+02  8.34679e-07  6.22297e-07  4.29961e-07  2.66509e-07  1.36030e-07
2.58500e+02  7.32217e-07  5.43676e-07  3.76694e-07  2.38301e-07  1.29003e-07
2.59500e+02  6.17089e-07  4.59635e-07  3.23404e-07  2.12235e-07  1.22764e-07
2.60500e+02  4.58516e-07  3.47524e-07  2.55391e-07  1.81567e-07  1.18239e-07
2.61500e+02  4.17077e-07  3.20133e-07  2.38918e-07  1.72803e-07  1.14511e-07
2.62500e+02  6.53280e-07  4.86289e-07  3.45283e-07  2.33358e-07  1.44335e-07
2.63500e+02  1.49414e-06  1.12504e-06  7.77742e-07  4.74639e-07  2.34528e-07
2.64500e+02  2.10330e-06  1.59183e-06  1.09938e-06  6.57483e-07  2.97250e-07
2.65500e+02  2.95588e-06  2.27632e-06  1.60185e-06  9.72966e-07  4.32007e-07
2.66500e+02  1.78732e-06  1.35972e-06  9.52785e-07  5.89920e-07  2.90208e-07
2.67500e+02  2.07469e-06  1.57570e-06  1.09672e-06  6.66857e-07  3.11815e-07
2.68500e+02  2.54272e-06  1.94802e-06  1.36784e-06  8.37129e-07  3.88682e-07
2.69500e+02  1.77249e-06  1.35179e-06  9.48029e-07  5.85293e-07  2.83954e-07
2.70500e+02  2.23720e-06  1.71439e-06  1.20649e-06  7.44265e-07  3.54399e-07
2.71500e+02  1.46093e-06  1.11429e-06  7.86256e-07  4.95744e-07  2.55572e-07
2.72500e+02  1.00817e-06  7.50302e-07  5.23315e-07  3.38349e-07  1.94481e-07
2.73500e+02  1.34584e-06  1.01101e-06  7.06253e-07  4.48730e-07  2.44765e-07
2.74500e+02  6.37257e-07  5.00671e-07  3.82431e-07  2.82713e-07  1.93423e-07
2.75500e+02  1.03357e-06  7.90982e-07  5.74216e-07  3.91200e-07  2.38960e-07
2.76500e+02  1.54196e-06  1.17167e-06  8.31604e-07  5.40681e-07  3.06713e-07
2.77500e+02  1.51411e-06  1.14400e-06  8.12195e-07  5.35633e-07  3.16338e-07
2.78500e+02  6.20645e-07  5.10028e-07  4.12754e-07  3.24206e-07  2.32501e-07
2.79500e+02  2.34520e-07  2.14299e-07  1.92446e-07  1.66841e-07  1.31664e-07
2.80500e+02  2.97295e-07  2.66766e-07  2.35701e-07  2.01366e-07  1.56867e-07
2.81500e+02  1.21916e-06  9.33274e-07  6.87047e-07  4.85074e-07  3.15558e-07
2.82500e+02  2.14509e-06  1.60240e-06  1.10851e-06  6.96901e-07  3.82513e-07
2.83500e+02  1.85936e-06  1.38839e-06  9.62531e-07  6.10294e-07  3.42827e-07
2.84500e+02  8.34577e-07  6.45431e-07  4.83226e-07  3.49230e-07  2.28570e-07
2.85500e+02  3.05587e-07  2.66126e-07  2.25274e-07  1.78941e-07  1.15797e-07
2.86500e+02  1.48343e-06  1.10710e-06  7.76287e-07  5.08960e-07  3.02536e-07
2.87500e+02  2.73604e-06  2.08176e-06  1.45358e-06  8.98802e-07  4.58443e-07
2.88500e+02  2.49721e-06  1.93790e-06  1.39511e-06  9.02346e-07  4.84346e-07
2.89500e+02  3.35429e-06  2.63441e-06  1.91198e-06  1.23171e-06  6.32089e-07
2.91000e+02  4.44613e-06  3.51446e-06  2.56164e-06  1.64585e-06  8.16969e-07
2.93000e+02  3.95969e-06  3.14711e-06  2.31836e-06  1.52034e-06  7.87302e-07
2.95000e+02  3.77414e-06  2.98744e-06  2.19019e-06  1.42945e-06  7.41331e-07
2.97000e+02  4.01699e-06  3.17850e-06  2.32638e-06  1.51224e-06  7.76442e-07
2.99000e+02  4.00738e-06  3.17919e-06  2.33684e-06  1.52916e-06  7.92285e-07
3.01000e+02  3.99318e-06  3.14888e-06  2.29424e-06  1.48281e-06  7.58195e-07
3.03000e+02  4.40633e-06  3.51729e-06  2.60045e-06  1.70891e-06  8.82737e-07
3.05000e+02  4.67077e-06  3.72922e-06  2.75855e-06  1.81558e-06  9.44186e-07
3.07000e+02  5.03726e-06  4.05853e-06  3.04174e-06  2.04165e-06  1.09153e-06
3.09000e+02  4.73397e-06  3.80029e-06  2.84347e-06  1.91685e-06  1.05074e-06
3.11000e+02  5.44142e-06  4.43224e-06  3.37105e-06  2.31001e-06  1.27102e-06
3.13000e+02  5.37152e-06  4.33927e-06  3.26832e-06  2.21823e-06  1.22539e-06
3.15000e+02  5.10775e-06  4.15586e-06  3.16801e-06  2.19325e-06  1.24999e-06
3.17000e+02  5.62961e-06  4.59325e-06  3.51199e-06  2.43898e-06  1.39502e-06
3.19000e+02  5.03281e-06  4.10197e-06  3.13806e-06  2.18802e-06  1.27005e-06
3.21000e+02  5.67186e-06  4.62088e-06  3.52367e-06  2.43688e-06  1.39050e-06
3.23000e+02  4.74319e-06  3.85922e-06  2.95190e-06  2.06630e-06  1.22129e-06
3.25000e+02  6.47431e-06  5.33752e-06  4.12725e-06  2.89764e-06  1.66705e-06
3.27000e+02  7.70135e-06  6.38044e-06  4.95753e-06  3.49367e-06  2.00434e-06
3.29000e+02  7.51212e-06  6.22871e-06  4.85302e-06  3.44305e-06  2.00983e-06
3.31000e+02  7.18565e-06  5.92521e-06  4.58985e-06  3.24000e-06  1.89362e-06
3.33000e+02  7.32113e-06  6.05729e-06  4.71089e-06  3.33984e-06  1.95808e-06
3.35000e+02  7.20853e-06  5.95194e-06  4.61843e-06  3.26779e-06  1.92195e-06
3.37000e+02  5.54666e-06  4.54925e-06  3.52159e-06  2.51069e-06  1.53010e-06
3.39000e+02  6.55437e-06  5.38064e-06  4.15563e-06  2.93800e-06  1.75477e-06
3.41000e+02  6.74853e-06  5.55749e-06  4.30796e-06  3.05847e-06  1.83548e-06
3.43000e+02  7.16654e-06  5.93064e-06  4.62712e-06  3.31233e-06  2.00896e-06
3.45000e+02  7.32109e-06  6.07585e-06  4.74873e-06  3.39563e-06  2.03822e-06
3.47000e+02  7.72753e-06  6.42825e-06  5.03682e-06  3.60999e-06  2.16988e-06
3.49000e+02  8.49191e-06  7.10696e-06  5.60765e-06  4.04820e-06  2.43716e-06
3.51000e+02  8.95708e-06  7.51510e-06  5.94566e-06  4.30318e-06  2.59166e-06
3.53000e+02  8.36141e-06  7.01933e-06  5.55800e-06  4.02562e-06  2.42357e-06
3.55000e+02  9.76870e-06  8.21338e-06  6.50532e-06  4.69930e-06  2.79820e-06
3.57000e+02  7.24207e-06  6.02069e-06  4.72293e-06  3.39876e-06  2.06806e-06
3.59000e+02  7.35639e-06  6.15719e-06  4.87319e-06  3.54856e-06  2.18774e-06
3.61000e+02  8.48467e-06  7.17183e-06  5.74234e-06  4.23648e-06  2.64036e-06
3.63000e+02  8.70169e-06  7.37771e-06  5.93330e-06  4.40604e-06  2.77436e-06
3.64000e+02  8.96942e-06  7.60454e-06  6.11957e-06  4.55342e-06  2.88515e-06
3.65000e+02  1.01338e-05  8.59837e-06  6.91219e-06  5.12017e-06  3.19737e-06
3.67000e+02  1.06117e-05  9.03637e-06  7.29650e-06  5.43409e-06  3.41382e-06
3.69000e+02  1.01511e-05  8.62388e-06  6.95207e-06  5.17859e-06  3.27660e-06
3.71000e+02  1.06032e-05  9.03951e-06  7.31572e-06  5.46465e-06  3.44700e-06
3.73000e+02  7.73022e-06  6.52915e-06  5.23924e-06  3.89475e-06  2.49532e-06
3.75000e+02  8.96645e-06  7.58317e-06  6.05939e-06  4.45216e-06  2.78637e-06
3.77000e+02  1.11046e-05  9.46712e-06  7.60529e-06  5.59183e-06  3.45532e-06
3.79000e+02  1.17575e-05  9.94982e-06  7.88920e-06  5.70199e-06  3.46029e-06
3.81000e+02  1.18573e-05  9.90145e-06  7.73562e-06  5.50531e-06  3.30870e-06
3.83000e+02  6.81831e-06  5.68517e-06  4.50657e-06  3.35521e-06  2.25148e-06
3.85000e+02  1.01670e-05  8.30798e-06  6.35661e-06  4.45108e-06  2.70132e-06
3.87000e+02  1.00796e-05  8.20166e-06  6.27258e-06  4.41711e-06  2.71897e-06
3.89000e+02  1.07823e-05  9.19522e-06  7.38559e-06  5.46323e-06  3.47265e-06
3.91000e+02  1.38572e-05  1.15136e-05  9.02946e-06  6.53103e-06  4.08974e-06
3.93000e+02  6.94740e-06  5.80471e-06  4.68583e-06  3.62156e-06  2.58737e-06
3.95000e+02  1.26131e-05  1.04395e-05  8.20155e-06  6.01076e-06  3.91441e-06
3.97000e+02  8.00500e-06  6.84964e-06  5.61200e-06  4.35533e-06  3.07561e-06
3.99000e+02  1.70560e-05  1.43545e-05  1.14033e-05  8.33944e-06  5.22036e-06
4.01000e+02  1.88399e-05  1.57334e-05  1.24596e-05  9.09758e-06  5.67483e-06
4.03000e+02  1.87613e-05  1.56122e-05  1.23265e-05  8.97098e-06  5.57533e-06
4.05000e+02  1.82118e-05  1.51761e-05  1.20074e-05  8.77462e-06  5.50813e-06
4.07000e+02  1.77005e-05  1.47947e-05  1.17221e-05  8.57884e-06  5.40567e-06
4.09000e+02  1.92680e-05  1.65651e-05  1.34360e-05  1.00248e-05  6.33329e-06
4.11000e+02  1.80829e-05  1.57879e-05  1.30351e-05  9.91692e-06  6.37474e-06
4.13000e+02  1.99667e-05  1.68265e-05  1.34146e-05  9.84480e-06  6.14982e-06
4.15000e+02  2.03631e-05  1.70080e-05  1.34624e-05  9.80392e-06  6.07233e-06
4.17000e+02  2.08032e-05  1.73815e-05  1.37895e-05  1.00849e-05  6.28867e-06
4.19000e+02  1.99573e-05  1.66533e-05  1.32148e-05  9.69969e-06  6.13076e-06
4.21000e+02  2.03482e-05  1.70415e-05  1.35919e-05  1.00465e-05  6.40113e-06
4.23000e+02  1.93788e-05  1.62919e-05  1.30737e-05  9.76576e-06  6.34612e-06
4.25000e+02  2.00495e-05  1.68151e-05  1.34548e-05  1.00272e-05  6.53304e-06
4.27000e+02  1.88597e-05  1.58174e-05  1.26755e-05  9.50029e-06  6.29503e-06
4.29000e+02  1.73742e-05  1.46077e-05  1.17502e-05  8.86504e-06  5.94467e-06
4.31000e+02  1.43352e-05  1.21298e-05  9.86737e-06  7.61029e-06  5.32900e-06
4.33000e+02  1.99793e-05  1.73176e-05  1.42430e-05  1.08918e-05  7.25230e-06
4.35000e+02  1.90477e-05  1.66319e-05  1.38021e-05  1.06677e-05  7.21620e-06
4.37000e+02  2.23203e-05  1.90003e-05  1.53846e-05  1.16006e-05  7.65901e-06
4.39000e+02  2.07438e-05  1.75308e-05  1.41566e-05  1.07024e-05  7.16636e-06
4.41000e+02  2.24501e-05  1.90142e-05  1.53799e-05  1.16096e-05  7.69022e-06
4.43000e+02  2.39592e-05  2.03993e-05  1.66009e-05  1.26014e-05  8.33793e-06
4.45000e+02  2.39232e-05  2.03978e-05  1.66378e-05  1.26695e-05  8.41444e-06
4.47000e+02  2.52087e-05  2.15357e-05  1.76005e-05  1.34232e-05  8.90731e-06
4.49000e+02  2.56564e-05  2.19549e-05  1.79834e-05  1.37581e-05  9.17062e-06
4.51000e+02  2.80965e-05  2.41000e-05  1.97822e-05  1.51507e-05  1.00708e-05
4.53000e+02  2.57837e-05  2.21114e-05  1.81628e-05  1.39467e-05  9.33425e-06
4.55000e+02  2.68239e-05  2.30249e-05  1.89314e-05  1.45522e-05  9.75651e-06
4.57000e+02  2.83810e-05  2.43882e-05  2.00705e-05  1.54335e-05  1.03289e-05
4.59000e+02  2.71262e-05  2.33416e-05  1.92578e-05  1.48792e-05  1.00567e-05
4.61000e+02  2.79436e-05  2.40622e-05  1.98618e-05  1.53461e-05  1.03607e-05
4.63000e+02  2.77788e-05  2.39319e-05  1.97713e-05  1.53019e-05  1.03748e-05
4.65000e+02  2.81835e-05  2.42988e-05  2.00870e-05  1.55516e-05  1.05336e-05
4.67000e+02  2.90203e-05  2.50378e-05  2.07151e-05  1.60554e-05  1.08965e-05
4.69000e+02  2.86593e-05  2.47688e-05  2.05380e-05  1.59674e-05  1.08864e-05
4.71000e+02  2.77261e-05  2.40275e-05  1.99949e-05  1.56297e-05  1.07606e-05
4.73000e+02  2.92035e-05  2.52601e-05  2.09677e-05  1.63301e-05  1.11743e-05
4.75000e+02  2.97173e-05  2.57521e-05  2.14215e-05  1.67275e-05  1.14814e-05
4.77000e+02  2.98698e-05  2.59218e-05  2.15944e-05  1.68910e-05  1.16152e-05
4.79000e+02  2.99524e-05  2.60259e-05  2.17040e-05  1.69986e-05  1.17180e-05
4.81000e+02  2.97850e-05  2.59275e-05  2.16532e-05  1.69946e-05  1.17707e-05
4.83000e+02  3.00292e-05  2.63105e-05  2.20658e-05  1.73671e-05  1.20321e-05
4.85000e+02  2.75959e-05  2.45665e-05  2.09255e-05  1.67366e-05  1.17932e-05
4.87000e+02  2.44813e-05  2.20228e-05  1.90416e-05  1.55327e-05  1.12500e-05
4.89000e+02  2.90308e-05  2.55545e-05  2.15516e-05  1.70951e-05  1.19932e-05
4.91000e+02  2.96709e-05  2.59664e-05  2.18287e-05  1.72867e-05  1.21372e-05
4.93000e+02  2.93404e-05  2.56348e-05  2.15430e-05  1.70735e-05  1.20202e-05
4.95000e+02  3.06099e-05  2.67593e-05  2.25057e-05  1.78430e-05  1.25392e-05
4.97000e+02  3.11314e-05  2.71835e-05  2.28366e-05  1.80839e-05  1.26984e-05
4.99000e+02  2.94348e-05  2.57260e-05  2.16537e-05  1.72073e-05  1.21672e-05
5.01000e+02  2.84223e-05  2.48512e-05  2.09383e-05  1.66720e-05  1.18380e-05
5.03000e+02  3.01367e-05  2.63514e-05  2.21943e-05  1.76513e-05  1.24923e-05
5.05000e+02  3.02043e-05  2.64279e-05  2.22705e-05  1.77154e-05  1.25299e-05
5.07000e+02  3.15409e-05  2.76077e-05  2.32682e-05  1.85030e-05  1.30668e-05
5.09000e+02  3.06894e-05  2.68580e-05  2.26392e-05  1.80165e-05  1.27579e-05
5.11000e+02  3.12420e-05  2.73516e-05  2.30592e-05  1.83472e-05  1.29791e-05
5.13000e+02  3.07790e-05  2.69539e-05  2.27406e-05  1.81228e-05  1.28706e-05
5.15000e+02  2.98673e-05  2.61708e-05  2.21029e-05  1.76483e-05  1.25832e-05
5.17000e+02  2.66315e-05  2.33347e-05  1.97483e-05  1.58683e-05  1.15151e-05
5.19000e+02  2.72691e-05  2.39475e-05  2.03306e-05  1.64117e-05  1.19982e-05
5.21000e+02  3.04522e-05  2.67566e-05  2.26742e-05  1.81834e-05  1.30393e-05
5.23000e+02  3.12307e-05  2.74751e-05  2.33307e-05  1.87764e-05  1.35603e-05
5.25000e+02  3.23350e-05  2.84765e-05  2.42075e-05  1.94991e-05  1.40736e-05
5.27000e+02  2.89399e-05  2.55213e-05  2.17670e-05  1.76536e-05  1.29419e-05
5.29000e+02  3.24589e-05  2.86332e-05  2.43943e-05  1.97112e-05  1.43005e-05
5.31000e+02  3.36403e-05  2.97120e-05  2.53476e-05  2.05124e-05  1.49069e-05
5.33000e+02  3.06978e-05  2.71275e-05  2.31824e-05  1.88336e-05  1.38215e-05
5.35000e+02  3.30109e-05  2.91847e-05  2.49347e-05  2.02246e-05  1.47584e-05
5.37000e+02  3.31249e-05  2.93068e-05  2.50597e-05  2.03478e-05  1.48744e-05
5.39000e+02  3.30292e-05  2.92181e-05  2.49792e-05  2.02771e-05  1.48175e-05
5.41000e+02  3.21169e-05  2.84477e-05  2.43744e-05  1.98612e-05  1.46202e-05
5.43000e+02  3.31141e-05  2.93133e-05  2.50843e-05  2.03917e-05  1.49398e-05
5.45000e+02  3.40243e-05  3.01612e-05  2.58459e-05  2.10368e-05  1.54201e-05
5.47000e+02  3.37315e-05  2.99110e-05  2.56510e-05  2.09118e-05  1.53841e-05
5.49000e+02  3.36952e-05  2.98839e-05  2.56405e-05  2.09256e-05  1.54338e-05
5.51000e+02  3.39093e-05  3.00699e-05  2.57935e-05  2.10407e-05  1.55006e-05
5.53000e+02  3.42565e-05  3.04256e-05  2.61489e-05  2.13838e-05  1.58137e-05
5.55000e+02  3.48934e-05  3.10049e-05  2.66587e-05  2.18097e-05  1.61294e-05
5.57000e+02  3.41267e-05  3.03537e-05  2.61371e-05  2.14313e-05  1.59116e-05
5.59000e+02  3.36617e-05  2.99394e-05  2.57871e-05  2.11625e-05  1.57514e-05
5.61000e+02  3.47086e-05  3.09126e-05  2.66566e-05  2.18909e-05  1.62771e-05
5.63000e+02  3.51168e-05  3.12563e-05  2.69349e-05  2.21056e-05  1.64349e-05
5.65000e+02  3.52095e-05  3.13566e-05  2.70452e-05  2.22276e-05  1.65689e-05
5.67000e+02  3.46279e-05  3.08586e-05  2.66441e-05  2.19367e-05  1.64057e-05
5.69000e+02  3.52553e-05  3.14441e-05  2.71734e-05  2.23920e-05  1.67560e-05
5.71000e+02  3.47812e-05  3.10246e-05  2.68147e-05  2.21009e-05  1.65419e-05
5.73000e+02  3.67992e-05  3.28546e-05  2.84096e-05  2.34064e-05  1.74715e-05
5.75000e+02  3.59650e-05  3.21204e-05  2.77992e-05  2.29462e-05  1.72040e-05
5.77000e+02  3.64385e-05  3.25614e-05  2.81952e-05  2.32821e-05  1.74552e-05
5.79000e+02  3.57301e-05  3.19117e-05  2.76265e-05  2.28214e-05  1.71459e-05
5.81000e+02  3.65913e-05  3.27211e-05  2.83617e-05  2.34547e-05  1.76306e-05
5.83000e+02  3.71717e-05  3.32693e-05  2.88631e-05  2.38910e-05  1.79704e-05
5.85000e+02  3.65771e-05  3.27484e-05  2.84295e-05  2.35596e-05  1.77651e-05
5.87000e+02  3.68100e-05  3.29758e-05  2.86449e-05  2.37543e-05  1.79242e-05
5.89000e+02  3.41444e-05  3.05552e-05  2.65302e-05  2.20208e-05  1.67002e-05
5.91000e+02  3.68206e-05  3.30024e-05  2.86890e-05  2.38173e-05  1.80086e-05
5.93000e+02  3.69275e-05  3.31161e-05  2.88088e-05  2.39410e-05  1.81305e-05
5.95000e+02  3.71464e-05  3.33232e-05  2.90001e-05  2.41111e-05  1.82687e-05
5.97000e+02  3.73692e-05  3.35525e-05  2.92302e-05  2.43339e-05  1.84687e-05
5.99000e+02  3.72134e-05  3.34149e-05  2.91168e-05  2.42522e-05  1.84331e-05
6.01000e+02  3.68289e-05  3.30867e-05  2.88541e-05  2.40640e-05  1.83299e-05
6.03000e+02  3.71094e-05  3.33734e-05  2.91419e-05  2.43433e-05  1.85817e-05
6.05000e+02  3.78891e-05  3.40731e-05  2.97435e-05  2.48281e-05  1.89228e-05
6.07000e+02  3.78123e-05  3.40144e-05  2.97053e-05  2.48125e-05  1.89299e-05
6.09000e+02  3.72462e-05  3.34917e-05  2.92436e-05  2.44345e-05  1.86781e-05
6.11000e+02  3.71421e-05  3.34302e-05  2.92263e-05  2.44611e-05  1.87454e-05
6.13000e+02  3.61034e-05  3.25074e-05  2.84400e-05  2.38331e-05  1.83090e-05
6.15000e+02  3.67283e-05  3.31025e-05  2.89959e-05  2.43378e-05  1.87421e-05
6.17000e+02  3.57312e-05  3.22127e-05  2.82345e-05  2.37279e-05  1.83150e-05
6.19000e+02  3.76227e-05  3.39174e-05  2.97076e-05  2.49195e-05  1.91511e-05
6.21000e+02  3.78330e-05  3.41206e-05  2.98994e-05  2.50927e-05  1.92899e-05
6.23000e+02  3.71379e-05  3.34964e-05  2.93653e-05  2.46722e-05  1.90211e-05
6.25000e+02  3.63200e-05  3.27886e-05  2.87863e-05  2.42402e-05  1.87618e-05
6.27000e+02  3.78245e-05  3.41403e-05  2.99490e-05  2.51738e-05  1.94054e-05
6.29000e+02  3.81037e-05  3.44086e-05  3.02023e-05  2.54063e-05  1.96052e-05
6.31000e+02  3.72904e-05  3.36931e-05  2.96051e-05  2.49502e-05  1.93263e-05
6.33000e+02  3.75758e-05  3.39626e-05  2.98523e-05  2.51687e-05  1.95083e-05
6.35000e+02  3.78154e-05  3.41901e-05  3.00649e-05  2.53628e-05  1.96779e-05
6.37000e+02  3.78446e-05  3.42232e-05  3.01025e-05  2.54058e-05  1.97297e-05
6.39000e+02  3.82058e-05  3.45797e-05  3.04396e-05  2.57053e-05  1.99583e-05
6.41000e+02  3.75513e-05  3.40070e-05  2.99658e-05  2.53493e-05  1.97474e-05
6.43000e+02  3.80762e-05  3.44901e-05  3.03908e-05  2.56992e-05  1.99989e-05
6.45000e+02  3.77190e-05  3.41938e-05  3.01648e-05  2.55550e-05  1.99534e-05
6.47000e+02  3.77660e-05  3.42500e-05  3.02233e-05  2.56115e-05  2.00013e-05
6.49000e+02  3.74551e-05  3.40012e-05  3.00308e-05  2.54724e-05  1.99133e-05
6.51000e+02  3.82826e-05  3.48009e-05  3.07604e-05  2.60972e-05  2.03899e-05
6.53000e+02  3.82310e-05  3.48545e-05  3.08761e-05  2.62444e-05  2.05405e-05
6.55000e+02  3.66895e-05  3.37483e-05  3.01865e-05  2.59038e-05  2.04421e-05
6.57000e+02  3.26857e-05  3.04623e-05  2.77436e-05  2.43656e-05  1.98471e-05
6.59000e+02  3.77487e-05  3.45454e-05  3.07218e-05  2.62202e-05  2.06142e-05
6.61000e+02  3.86919e-05  3.52505e-05  3.12295e-05  2.65681e-05  2.08395e-05
6.63000e+02  3.87053e-05  3.52120e-05  3.11752e-05  2.65228e-05  2.08304e-05
6.65000e+02  3.88329e-05  3.53189e-05  3.12731e-05  2.66148e-05  2.09120e-05
6.67000e+02  3.85879e-05  3.50992e-05  3.10893e-05  2.64740e-05  2.08248e-05
6.69000e+02  3.92129e-05  3.56705e-05  3.16001e-05  2.69139e-05  2.11746e-05
6.71000e+02  3.86679e-05  3.51697e-05  3.11606e-05  2.65539e-05  2.09228e-05
6.73000e+02  3.92156e-05  3.56907e-05  3.16451e-05  2.69886e-05  2.12835e-05
6.75000e+02  3.89755e-05  3.54822e-05  3.14753e-05  2.68626e-05  2.12058e-05
6.77000e+02  3.90815e-05  3.55827e-05  3.15710e-05  2.69556e-05  2.13005e-05
6.79000e+02  3.91044e-05  3.56075e-05  3.15987e-05  2.69874e-05  2.13410e-05
6.81000e+02  3.89985e-05  3.55270e-05  3.15473e-05  2.69676e-05  2.13536e-05
6.83000e+02  3.93686e-05  3.58816e-05  3.18771e-05  2.72603e-05  2.15894e-05
6.85000e+02  3.87779e-05  3.53459e-05  3.14128e-05  2.68869e-05  2.13398e-05
6.87000e+02  3.91907e-05  3.57350e-05  3.17669e-05  2.71916e-05  2.15694e-05
6.89000e+02  3.93834e-05  3.59212e-05  3.19454e-05  2.73607e-05  2.17266e-05
6.91000e+02  3.92907e-05  3.58448e-05  3.18885e-05  2.73270e-05  2.17209e-05
6.93000e+02  3.93187e-05  3.58764e-05  3.19224e-05  2.73610e-05  2.17514e-05
6.95000e+02  3.93075e-05  3.58761e-05  3.19325e-05  2.73790e-05  2.17711e-05
6.97000e+02  3.94299e-05  3.59991e-05  3.20548e-05  2.74991e-05  2.18877e-05
6.99000e+02  3.94514e-05  3.60239e-05  3.20815e-05  2.75254e-05  2.19075e-05
7.01000e+02  3.86119e-05  3.52735e-05  3.14470e-05  2.70366e-05  2.16137e-05
7.03000e+02  3.92772e-05  3.58880e-05  3.19912e-05  2.74890e-05  2.19413e-05
7.05000e+02  3.95015e-05  3.61054e-05  3.21973e-05  2.76779e-05  2.21010e-05
7.07000e+02  3.93272e-05  3.59491e-05  3.20640e-05  2.75735e-05  2.20348e-05
7.09000e+02  3.93100e-05  3.59432e-05  3.20710e-05  2.75943e-05  2.20700e-05
7.11000e+02  3.94791e-05  3.61338e-05  3.22725e-05  2.77895e-05  2.22295e-05
7.13000e+02  3.91533e-05  3.58255e-05  3.19922e-05  2.75521e-05  2.20599e-05
7.15000e+02  3.90348e-05  3.57260e-05  3.19153e-05  2.75022e-05  2.20431e-05
7.17000e+02  3.91542e-05  3.58520e-05  3.20496e-05  2.76456e-05  2.21969e-05
7.19000e+02  3.83817e-05  3.51448e-05  3.14289e-05  2.71374e-05  2.18437e-05
7.21000e+02  3.91363e-05  3.58512e-05  3.20643e-05  2.76738e-05  2.22335e-05
7.23000e+02  3.93001e-05  3.60122e-05  3.22260e-05  2.78396e-05  2.24093e-05
7.25000e+02  3.95474e-05  3.62493e-05  3.24433e-05  2.80242e-05  2.25386e-05
7.27000e+02  3.95763e-05  3.62787e-05  3.24736e-05  2.80566e-05  2.25764e-05
7.29000e+02  3.87835e-05  3.55657e-05  3.18629e-05  2.75744e-05  2.22656e-05
7.31000e+02  3.94406e-05  3.61733e-05  3.24028e-05  2.80248e-05  2.25900e-05
7.33000e+02  3.93905e-05  3.61418e-05  3.23899e-05  2.80299e-05  2.26120e-05
7.35000e+02  3.96547e-05  3.63769e-05  3.25909e-05  2.81914e-05  2.27255e-05
7.37000e+02  3.97777e-05  3.65090e-05  3.27323e-05  2.83410e-05  2.28818e-05
7.39000e+02  3.90427e-05  3.58556e-05  3.21800e-05  2.79118e-05  2.26103e-05
7.41000e+02  3.87361e-05  3.55987e-05  3.19789e-05  2.77732e-05  2.25421e-05
7.43000e+02  3.92562e-05  3.60742e-05  3.23986e-05  2.81239e-05  2.28056e-05
7.45000e+02  3.94238e-05  3.62326e-05  3.25434e-05  2.82494e-05  2.29013e-05
7.47000e+02  3.97703e-05  3.65583e-05  3.28385e-05  2.85009e-05  2.30859e-05
7.49000e+02  3.95500e-05  3.63671e-05  3.26820e-05  2.83857e-05  2.30244e-05
7.51000e+02  3.96852e-05  3.64994e-05  3.28098e-05  2.85079e-05  2.31393e-05
7.53000e+02  3.98229e-05  3.66354e-05  3.29424e-05  2.86340e-05  2.32513e-05
7.55000e+02  4.00043e-05  3.68029e-05  3.30936e-05  2.87668e-05  2.33641e-05
7.57000e+02  3.97545e-05  3.65846e-05  3.29148e-05  2.86365e-05  2.32958e-05
7.59000e+02  3.98019e-05  3.66375e-05  3.29690e-05  2.86866e-05  2.33327e-05
7.61000e+02  3.97028e-05  3.65542e-05  3.29088e-05  2.86581e-05  2.33499e-05
7.63000e+02  3.99979e-05  3.68383e-05  3.31714e-05  2.88858e-05  2.35192e-05
7.65000e+02  3.99185e-05  3.67787e-05  3.31365e-05  2.88804e-05  2.35502e-05
7.67000e+02  3.91081e-05  3.60480e-05  3.25025e-05  2.83623e-05  2.31777e-05
7.69000e+02  3.99089e-05  3.67968e-05  3.31833e-05  2.89542e-05  2.36471e-05
7.71000e+02  3.96572e-05  3.65599e-05  3.29644e-05  2.87600e-05  2.34889e-05
7.73000e+02  3.98119e-05  3.67003e-05  3.30915e-05  2.88747e-05  2.35939e-05
7.75000e+02  3.94811e-05  3.64188e-05  3.28657e-05  2.87114e-05  2.35030e-05
7.77000e+02  4.00137e-05  3.69483e-05  3.33758e-05  2.91791e-05  2.38893e-05
7.79000e+02  4.01619e-05  3.70558e-05  3.34431e-05  2.92100e-05  2.38891e-05
7.81000e+02  4.00607e-05  3.69706e-05  3.33802e-05  2.91762e-05  2.38969e-05
7.83000e+02  3.97900e-05  3.67421e-05  3.31980e-05  2.90437e-05  2.38185e-05
7.85000e+02  3.98927e-05  3.68391e-05  3.32878e-05  2.91242e-05  2.38870e-05
7.87000e+02  4.02358e-05  3.71584e-05  3.35719e-05  2.93595e-05  2.40522e-05
7.89000e+02  4.01500e-05  3.70795e-05  3.34994e-05  2.92922e-05  2.39869e-05
7.91000e+02  3.98263e-05  3.67745e-05  3.32222e-05  2.90533e-05  2.38022e-05
7.93000e+02  3.92402e-05  3.62683e-05  3.28136e-05  2.87595e-05  2.36492e-05
7.95000e+02  3.94207e-05  3.64233e-05  3.29342e-05  2.88376e-05  2.36754e-05
7.97000e+02  4.01323e-05  3.70799e-05  3.35227e-05  2.93436e-05  2.40752e-05
7.99000e+02  4.01991e-05  3.71531e-05  3.35969e-05  2.94120e-05  2.41269e-05
8.01000e+02  3.98472e-05  3.68409e-05  3.33370e-05  2.92190e-05  2.40233e-05
8.03000e+02  3.99113e-05  3.69065e-05  3.34056e-05  2.92915e-05  2.41005e-05
8.05000e+02  3.96797e-05  3.67026e-05  3.32337e-05  2.91563e-05  2.40090e-05
8.07000e+02  4.00798e-05  3.70649e-05  3.35470e-05  2.94075e-05  2.41776e-05
8.09000e+02  3.95485e-05  3.65821e-05  3.31254e-05  2.90622e-05  2.39335e-05
8.11000e+02  3.99534e-05  3.69570e-05  3.34594e-05  2.93405e-05  2.41305e-05
8.13000e+02  4.02211e-05  3.72118e-05  3.36949e-05  2.95498e-05  2.43026e-05
8.15000e+02  4.01100e-05  3.71146e-05  3.36161e-05  2.94952e-05  2.42832e-05
8.17000e+02  4.01246e-05  3.71404e-05  3.36535e-05  2.95444e-05  2.43426e-05
8.19000e+02  3.90931e-05  3.62243e-05  3.28777e-05  2.89366e-05  2.39459e-05
8.21000e+02  3.93265e-05  3.64380e-05  3.30689e-05  2.91016e-05  2.40797e-05
8.23000e+02  3.94381e-05  3.65504e-05  3.31779e-05  2.92033e-05  2.41688e-05
8.25000e+02  3.98054e-05  3.68937e-05  3.34902e-05  2.94753e-05  2.43835e-05
8.27000e+02  4.02144e-05  3.72617e-05  3.38081e-05  2.97337e-05  2.45685e-05
8.29000e+02  4.01224e-05  3.71835e-05  3.37467e-05  2.96919e-05  2.45499e-05
8.31000e+02  3.95232e-05  3.66324e-05  3.32597e-05  2.92869e-05  2.42573e-05
8.33000e+02  3.94202e-05  3.65602e-05  3.32157e-05  2.92670e-05  2.42514e-05
8.35000e+02  3.96962e-05  3.68090e-05  3.34353e-05  2.94553e-05  2.44073e-05
8.37000e+02  3.99859e-05  3.70729e-05  3.36663e-05  2.96466e-05  2.45470e-05
8.39000e+02  3.93497e-05  3.64819e-05  3.31302e-05  2.91774e-05  2.41636e-05
8.41000e+02  4.00550e-05  3.71521e-05  3.37556e-05  2.97454e-05  2.46541e-05
8.43000e+02  3.94472e-05  3.65968e-05  3.32670e-05  2.93390e-05  2.43484e-05
8.45000e+02  3.97530e-05  3.69146e-05  3.35906e-05  2.96584e-05  2.46518e-05
8.47000e+02  3.95994e-05  3.67662e-05  3.34524e-05  2.95382e-05  2.45625e-05
8.49000e+02  3.92904e-05  3.64972e-05  3.32396e-05  2.94001e-05  2.45302e-05
8.51000e+02  3.76549e-05  3.50187e-05  3.19528e-05  2.83442e-05  2.37657e-05
8.53000e+02  3.90013e-05  3.62313e-05  3.30091e-05  2.92210e-05  2.44333e-05
8.55000e+02  3.34368e-05  3.12591e-05  2.87653e-05  2.58567e-05  2.21834e-05
8.57000e+02  4.00529e-05  3.72061e-05  3.38713e-05  2.99274e-05  2.49127e-05
8.59000e+02  3.94492e-05  3.66837e-05  3.34492e-05  2.96190e-05  2.47289e-05
8.61000e+02  3.94557e-05  3.67017e-05  3.34785e-05  2.96588e-05  2.47754e-05
8.63000e+02  3.99928e-05  3.71695e-05  3.38595e-05  2.99425e-05  2.49563e-05
8.65000e+02  3.95286e-05  3.67655e-05  3.35348e-05  2.97133e-05  2.48519e-05
8.67000e+02  3.41516e-05  3.19513e-05  2.94160e-05  2.64311e-05  2.26197e-05
8.69000e+02  3.89819e-05  3.62667e-05  3.30866e-05  2.93222e-05  2.45277e-05
8.71000e+02  3.97056e-05  3.69242e-05  3.36628e-05  2.98075e-05  2.49087e-05
8.73000e+02  3.95980e-05  3.68671e-05  3.36580e-05  2.98469e-05  2.49772e-05
8.75000e+02  3.86192e-05  3.60959e-05  3.31295e-05  2.95579e-05  2.48851e-05
8.77000e+02  3.98090e-05  3.70867e-05  3.38800e-05  3.00547e-05  2.51408e-05
8.79000e+02  3.98146e-05  3.70500e-05  3.37996e-05  2.99527e-05  2.50595e-05
8.81000e+02  3.89841e-05  3.62822e-05  3.31162e-05  2.93830e-05  2.46493e-05
8.83000e+02  3.96671e-05  3.69433e-05  3.37273e-05  2.99069e-05  2.50285e-05
8.85000e+02  3.94723e-05  3.68593e-05  3.37590e-05  3.00269e-05  2.51879e-05
8.87000e+02  3.81790e-05  3.57907e-05  3.29578e-05  2.95069e-05  2.49406e-05
8.89000e+02  3.99471e-05  3.72369e-05  3.40302e-05  3.02069e-05  2.53092e-05
8.91000e+02  4.01753e-05  3.74284e-05  3.41845e-05  3.03343e-05  2.54183e-05
8.93000e+02  3.96434e-05  3.69225e-05  3.37269e-05  2.99508e-05  2.51492e-05
8.95000e+02  3.98112e-05  3.70657e-05  3.38386e-05  3.00258e-05  2.51784e-05
8.97000e+02  3.98987e-05  3.71700e-05  3.39496e-05  3.01348e-05  2.52762e-05
8.99000e+02  3.99114e-05  3.72418e-05  3.40602e-05  3.02581e-05  2.53845e-05
9.01000e+02  3.75265e-05  3.52605e-05  3.25439e-05  2.92133e-05  2.47871e-05
9.03000e+02  3.91671e-05  3.66836e-05  3.37006e-05  3.00710e-05  2.53200e-05
9.05000e+02  4.01852e-05  3.75035e-05  3.43058e-05  3.04859e-05  2.55852e-05
9.07000e+02  3.96962e-05  3.70447e-05  3.39114e-05  3.01890e-05  2.54272e-05
9.09000e+02  3.88768e-05  3.62858e-05  3.32425e-05  2.96366e-05  2.50276e-05
9.11000e+02  3.94444e-05  3.67565e-05  3.36130e-05  2.99036e-05  2.51841e-05
9.13000e+02  4.01329e-05  3.73892e-05  3.41731e-05  3.03707e-05  2.55211e-05
9.15000e+02  3.98976e-05  3.71502e-05  3.39249e-05  3.01102e-05  2.52474e-05
9.17000e+02  3.97376e-05  3.70191e-05  3.38112e-05  3.00071e-05  2.51493e-05
9.19000e+02  3.98370e-05  3.71655e-05  3.39762e-05  3.01662e-05  2.52755e-05
9.21000e+02  3.88354e-05  3.63310e-05  3.33137e-05  2.96723e-05  2.49596e-05
9.23000e+02  3.72107e-05  3.51346e-05  3.25965e-05  2.93987e-05  2.50193e-05
9.25000e+02  3.84472e-05  3.60291e-05  3.31104e-05  2.95710e-05  2.49628e-05
9.27000e+02  3.93457e-05  3.67660e-05  3.36816e-05  2.99883e-05  2.52326e-05
9.29000e+02  3.96257e-05  3.69479e-05  3.37818e-05  3.00217e-05  2.52146e-05
9.31000e+02  3.99151e-05  3.72072e-05  3.40214e-05  3.02448e-05  2.54193e-05
9.33000e+02  3.98257e-05  3.71213e-05  3.39519e-05  3.02004e-05  2.54098e-05
9.35000e+02  3.97830e-05  3.70765e-05  3.39091e-05  3.01615e-05  2.53743e-05
9.37000e+02  3.97080e-05  3.70072e-05  3.38492e-05  3.01138e-05  2.53405e-05
9.39000e+02  3.97720e-05  3.70664e-05  3.39004e-05  3.01522e-05  2.53611e-05
9.41000e+02  3.82944e-05  3.57871e-05  3.28522e-05  2.93695e-05  2.48984e-05
9.43000e+02  3.94523e-05  3.68009e-05  3.36937e-05  3.00093e-05  2.52891e-05
9.45000e+02  3.90983e-05  3.64733e-05  3.33974e-05  2.97554e-05  2.50978e-05
9.47000e+02  3.97173e-05  3.70620e-05  3.39298e-05  3.02083e-05  2.54390e-05
9.49000e+02  3.97849e-05  3.71590e-05  3.40346e-05  3.03059e-05  2.55119e-05
9.51000e+02  3.95219e-05  3.69819e-05  3.39266e-05  3.02586e-05  2.55276e-05
9.53000e+02  3.90324e-05  3.66393e-05  3.37154e-05  3.01422e-05  2.54634e-05
9.55000e+02  3.70014e-05  3.50665e-05  3.26683e-05  2.96038e-05  2.53425e-05
9.57000e+02  3.89957e-05  3.65929e-05  3.36655e-05  3.01036e-05  2.54571e-05
9.59000e+02  3.96192e-05  3.70852e-05  3.40375e-05  3.03765e-05  2.56480e-05
9.61000e+02  3.94242e-05  3.68695e-05  3.38353e-05  3.02141e-05  2.55514e-05
9.63000e+02  3.92747e-05  3.67227e-05  3.37086e-05  3.01179e-05  2.54966e-05
9.65000e+02  3.92518e-05  3.66697e-05  3.36327e-05  3.00225e-05  2.53788e-05
9.67000e+02  3.92107e-05  3.66395e-05  3.36198e-05  3.00304e-05  2.54141e-05
9.69000e+02  3.96271e-05  3.70287e-05  3.39766e-05  3.03451e-05  2.56678e-05
9.71000e+02  3.96094e-05  3.69916e-05  3.39223e-05  3.02784e-05  2.55995e-05
9.73000e+02  3.96198e-05  3.70068e-05  3.39421e-05  3.03019e-05  2.56223e-05
9.75000e+02  3.93217e-05  3.67480e-05  3.37317e-05  3.01482e-05  2.55378e-05
9.77000e+02  3.94956e-05  3.69040e-05  3.38667e-05  3.02600e-05  2.56254e-05
9.79000e+02  3.93165e-05  3.67292e-05  3.36987e-05  3.01024e-05  2.54828e-05
9.81000e+02  3.96640e-05  3.70758e-05  3.40378e-05  3.04249e-05  2.57734e-05
9.83000e+02  3.95428e-05  3.69679e-05  3.39465e-05  3.03542e-05  2.57313e-05
9.85000e+02  3.96395e-05  3.70735e-05  3.40571e-05  3.04644e-05  2.58307e-05
9.87000e+02  3.94278e-05  3.68874e-05  3.39017e-05  3.03466e-05  2.57611e-05
9.89000e+02  3.93943e-05  3.68761e-05  3.39104e-05  3.03737e-05  2.58052e-05
9.91000e+02  3.92847e-05  3.67758e-05  3.38231e-05  3.03028e-05  2.57548e-05
9.93000e+02  3.96616e-05  3.71252e-05  3.41289e-05  3.05512e-05  2.59267e-05
9.95000e+02  3.96183e-05  3.70947e-05  3.41067e-05  3.05358e-05  2.59174e-05
9.97000e+02  3.96017e-05  3.71001e-05  3.41255e-05  3.05647e-05  2.59555e-05
9.99000e+02  3.94585e-05  3.69990e-05  3.40535e-05  3.05169e-05  2.59329e-05
1.00250e+03  3.88808e-05  3.66289e-05  3.38614e-05  3.04548e-05  2.59393e-05
1.00750e+03  3.82743e-05  3.61424e-05  3.35118e-05  3.02487e-05  2.58748e-05
1.01250e+03  3.93152e-05  3.68911e-05  3.39904e-05  3.05026e-05  2.59682e-05
1.01750e+03  3.90593e-05  3.66267e-05  3.37497e-05  3.03083e-05  2.58463e-05
1.02250e+03  3.92810e-05  3.68221e-05  3.39188e-05  3.04486e-05  2.59513e-05
1.02750e+03  3.94415e-05  3.69796e-05  3.40698e-05  3.05869e-05  2.60651e-05
1.03250e+03  3.90780e-05  3.66536e-05  3.37900e-05  3.03632e-05  2.59130e-05
1.03750e+03  3.90674e-05  3.66511e-05  3.37954e-05  3.03761e-05  2.59318e-05
1.04250e+03  3.92512e-05  3.68325e-05  3.39699e-05  3.05376e-05  2.60696e-05
1.04750e+03  3.89246e-05  3.65565e-05  3.37519e-05  3.03846e-05  2.59918e-05
1.05250e+03  3.91156e-05  3.67323e-05  3.39070e-05  3.05132e-05  2.60846e-05
1.05750e+03  3.88951e-05  3.65417e-05  3.37495e-05  3.03935e-05  2.60099e-05
1.06250e+03  3.88177e-05  3.64814e-05  3.37070e-05  3.03705e-05  2.60093e-05
1.06750e+03  3.81830e-05  3.59403e-05  3.32723e-05  3.00547e-05  2.58342e-05
1.07250e+03  3.85746e-05  3.62856e-05  3.35603e-05  3.02753e-05  2.59712e-05
1.07750e+03  3.83912e-05  3.61230e-05  3.34187e-05  3.01587e-05  2.58874e-05
1.08250e+03  3.78745e-05  3.56726e-05  3.30383e-05  2.98592e-05  2.56913e-05
1.08750e+03  3.79190e-05  3.57649e-05  3.31459e-05  2.99590e-05  2.57587e-05
1.09250e+03  3.68143e-05  3.50137e-05  3.27419e-05  2.98404e-05  2.58060e-05
1.09750e+03  3.71637e-05  3.51429e-05  3.26358e-05  2.95259e-05  2.53557e-05
1.10250e+03  3.79211e-05  3.57119e-05  3.30330e-05  2.97731e-05  2.54717e-05
1.10750e+03  3.82441e-05  3.59836e-05  3.32658e-05  2.99711e-05  2.56349e-05
1.11250e+03  3.80904e-05  3.58468e-05  3.31572e-05  2.98987e-05  2.56067e-05
1.11750e+03  3.80455e-05  3.58221e-05  3.31585e-05  2.99316e-05  2.56771e-05
1.12250e+03  3.82044e-05  3.59688e-05  3.32888e-05  3.00398e-05  2.57547e-05
1.12750e+03  3.76249e-05  3.54634e-05  3.28703e-05  2.97209e-05  2.55546e-05
1.13250e+03  3.78823e-05  3.57150e-05  3.31114e-05  2.99455e-05  2.57487e-05
1.13750e+03  3.78080e-05  3.56314e-05  3.30177e-05  2.98417e-05  2.56354e-05
1.14250e+03  3.75845e-05  3.54492e-05  3.28831e-05  2.97611e-05  2.56176e-05
1.14750e+03  3.81156e-05  3.59395e-05  3.33181e-05  3.01253e-05  2.58851e-05
1.15250e+03  3.80885e-05  3.59245e-05  3.33163e-05  3.01379e-05  2.59130e-05
1.15750e+03  3.78315e-05  3.56916e-05  3.31132e-05  2.99721e-05  2.57962e-05
1.16250e+03  3.74688e-05  3.53812e-05  3.28603e-05  2.97800e-05  2.56675e-05
1.16750e+03  3.75388e-05  3.54671e-05  3.29599e-05  2.98896e-05  2.57787e-05
1.17250e+03  3.80184e-05  3.59000e-05  3.33346e-05  3.01955e-05  2.59994e-05
1.17750e+03  3.73585e-05  3.53282e-05  3.28648e-05  2.98407e-05  2.57778e-05
1.18250e+03  3.72409e-05  3.52059e-05  3.27417e-05  2.97245e-05  2.56847e-05
1.18750e+03  3.72153e-05  3.51949e-05  3.27411e-05  2.97278e-05  2.56768e-05
1.19250e+03  3.79099e-05  3.58330e-05  3.33056e-05  3.02003e-05  2.60264e-05
1.19750e+03  3.67503e-05  3.47667e-05  3.23606e-05  2.94108e-05  2.54531e-05
1.20250e+03  3.72913e-05  3.52812e-05  3.28351e-05  2.98283e-05  2.57817e-05
1.20750e+03  3.70424e-05  3.50580e-05  3.26425e-05  2.96724e-05  2.56721e-05
1.21250e+03  3.73416e-05  3.53426e-05  3.29032e-05  2.98973e-05  2.58386e-05
1.21750e+03  3.76596e-05  3.56423e-05  3.31732e-05  3.01245e-05  2.59979e-05
1.22250e+03  3.75935e-05  3.55899e-05  3.31348e-05  3.01002e-05  2.59870e-05
1.22750e+03  3.73670e-05  3.53942e-05  3.29745e-05  2.99806e-05  2.59157e-05
1.23250e+03  3.74363e-05  3.54609e-05  3.30347e-05  3.00299e-05  2.59460e-05
1.23750e+03  3.73865e-05  3.54221e-05  3.30068e-05  3.00131e-05  2.59399e-05
1.24250e+03  3.72420e-05  3.52906e-05  3.28907e-05  2.99167e-05  2.58710e-05
1.24750e+03  3.73839e-05  3.54388e-05  3.30382e-05  3.00544e-05  2.59803e-05
1.25250e+03  3.72240e-05  3.52958e-05  3.29145e-05  2.99537e-05  2.59087e-05
1.25750e+03  3.71529e-05  3.52536e-05  3.28996e-05  2.99635e-05  2.59362e-05
1.26250e+03  3.71036e-05  3.52200e-05  3.28769e-05  2.99500e-05  2.59299e-05
1.26750e+03  3.69281e-05  3.50646e-05  3.27376e-05  2.98286e-05  2.58343e-05
1.27250e+03  3.69931e-05  3.51742e-05  3.28675e-05  2.99594e-05  2.59392e-05
1.27750e+03  3.66467e-05  3.49702e-05  3.27834e-05  2.99655e-05  2.59894e-05
1.28250e+03  3.42028e-05  3.29051e-05  3.12000e-05  2.89029e-05  2.54622e-05
1.28750e+03  3.64848e-05  3.48011e-05  3.26126e-05  2.98043e-05  2.58578e-05
1.29250e+03  3.66130e-05  3.48353e-05  3.25784e-05  2.97282e-05  2.57726e-05
1.29750e+03  3.68763e-05  3.50702e-05  3.27929e-05  2.99224e-05  2.59349e-05
1.30250e+03  3.66840e-05  3.48756e-05  3.26087e-05  2.97604e-05  2.58145e-05
1.30750e+03  3.68459e-05  3.50380e-05  3.27680e-05  2.99093e-05  2.59342e-05
1.31250e+03  3.63887e-05  3.46131e-05  3.23881e-05  2.95882e-05  2.56963e-05
1.31750e+03  3.63452e-05  3.45836e-05  3.23739e-05  2.95898e-05  2.57109e-05
1.32250e+03  3.66995e-05  3.49171e-05  3.26751e-05  2.98446e-05  2.58916e-05
1.32750e+03  3.63166e-05  3.45585e-05  3.23510e-05  2.95676e-05  2.56841e-05
1.33250e+03  3.64670e-05  3.47146e-05  3.25081e-05  2.97196e-05  2.58154e-05
1.33750e+03  3.63958e-05  3.46537e-05  3.24582e-05  2.96816e-05  2.57905e-05
1.34250e+03  3.65438e-05  3.48072e-05  3.26119e-05  2.98279e-05  2.59120e-05
1.34750e+03  3.64573e-05  3.47317e-05  3.25480e-05  2.97769e-05  2.58749e-05
1.35250e+03  3.64215e-05  3.47133e-05  3.25473e-05  2.97931e-05  2.59024e-05
1.35750e+03  3.60640e-05  3.43760e-05  3.22393e-05  2.95257e-05  2.56974e-05
1.36250e+03  3.61417e-05  3.44518e-05  3.23083e-05  2.95831e-05  2.57320e-05
1.36750e+03  3.61209e-05  3.44473e-05  3.23213e-05  2.96144e-05  2.57811e-05
1.37250e+03  3.60619e-05  3.44178e-05  3.23236e-05  2.96485e-05  2.58404e-05
1.37750e+03  3.60617e-05  3.44162e-05  3.23178e-05  2.96368e-05  2.58200e-05
1.38250e+03  3.60916e-05  3.44554e-05  3.23639e-05  2.96869e-05  2.58659e-05
1.38750e+03  3.60552e-05  3.44206e-05  3.23281e-05  2.96487e-05  2.58216e-05
1.39250e+03  3.60196e-05  3.44076e-05  3.23397e-05  2.96849e-05  2.58775e-05
1.39750e+03  3.59434e-05  3.43431e-05  3.22882e-05  2.96483e-05  2.58565e-05
1.40250e+03  3.57218e-05  3.41341e-05  3.20956e-05  2.94779e-05  2.57201e-05
1.40750e+03  3.58508e-05  3.42619e-05  3.22147e-05  2.95776e-05  2.57757e-05
1.41250e+03  3.54771e-05  3.39082e-05  3.18879e-05  2.92846e-05  2.55277e-05
1.41750e+03  3.57540e-05  3.41836e-05  3.21519e-05  2.95243e-05  2.57117e-05
1.42250e+03  3.52603e-05  3.37214e-05  3.17348e-05  2.91702e-05  2.54563e-05
1.42750e+03  3.49099e-05  3.33905e-05  3.14324e-05  2.89076e-05  2.52556e-05
1.43250e+03  3.54628e-05  3.39300e-05  3.19419e-05  2.93670e-05  2.56215e-05
1.43750e+03  3.56197e-05  3.40967e-05  3.21128e-05  2.95348e-05  2.57676e-05
1.44250e+03  3.46139e-05  3.31611e-05  3.12793e-05  2.88394e-05  2.52783e-05
1.44750e+03  3.54270e-05  3.39305e-05  3.19785e-05  2.94404e-05  2.57269e-05
1.45250e+03  3.48550e-05  3.34032e-05  3.15135e-05  2.90571e-05  2.54560e-05
1.45700e+03  3.50993e-05  3.36398e-05  3.17301e-05  2.92393e-05  2.55749e-05
1.46200e+03  3.50954e-05  3.36393e-05  3.17337e-05  2.92471e-05  2.55846e-05
1.46750e+03  3.50954e-05  3.36468e-05  3.17462e-05  2.92620e-05  2.55929e-05
1.47250e+03  3.46605e-05  3.32370e-05  3.13762e-05  2.89498e-05  2.53725e-05
1.47750e+03  3.47097e-05  3.33028e-05  3.14576e-05  2.90455e-05  2.54779e-05
1.48250e+03  3.47914e-05  3.33850e-05  3.15348e-05  2.91123e-05  2.55216e-05
1.48750e+03  3.39556e-05  3.26064e-05  3.08399e-05  2.85344e-05  2.51283e-05
1.49250e+03  3.50271e-05  3.36370e-05  3.17964e-05  2.93778e-05  2.57739e-05
1.49750e+03  3.46956e-05  3.33291e-05  3.15227e-05  2.91508e-05  2.56162e-05
1.50250e+03  3.37203e-05  3.23960e-05  3.06560e-05  2.83810e-05  2.50123e-05
1.50750e+03  3.39845e-05  3.26626e-05  3.09188e-05  2.86321e-05  2.52280e-05
1.51250e+03  3.46304e-05  3.32863e-05  3.15009e-05  2.91494e-05  2.56292e-05
1.51750e+03  3.46971e-05  3.33685e-05  3.15974e-05  2.92599e-05  2.57477e-05
1.52250e+03  3.42846e-05  3.29772e-05  3.12398e-05  2.89521e-05  2.55245e-05
1.52750e+03  3.45190e-05  3.32239e-05  3.14916e-05  2.91997e-05  2.57405e-05
1.53250e+03  3.43848e-05  3.30974e-05  3.13784e-05  2.91079e-05  2.56876e-05
1.53750e+03  3.43530e-05  3.30851e-05  3.13867e-05  2.91386e-05  2.57405e-05
1.54250e+03  3.43421e-05  3.30858e-05  3.14014e-05  2.91696e-05  2.57881e-05
1.54750e+03  3.43073e-05  3.30575e-05  3.13796e-05  2.91555e-05  2.57837e-05
1.55250e+03  3.40301e-05  3.27850e-05  3.11174e-05  2.89119e-05  2.55778e-05
1.55750e+03  3.39090e-05  3.26757e-05  3.10237e-05  2.88391e-05  2.55383e-05
1.56250e+03  3.41775e-05  3.29673e-05  3.13325e-05  2.91576e-05  2.58381e-05
1.56750e+03  3.36034e-05  3.23931e-05  3.07749e-05  2.86384e-05  2.54101e-05
1.57250e+03  3.36951e-05  3.25159e-05  3.09286e-05  2.88231e-05  2.56166e-05
1.57750e+03  3.26998e-05  3.15428e-05  2.99982e-05  2.79587e-05  2.48791e-05
1.58250e+03  3.33830e-05  3.22178e-05  3.06494e-05  2.85677e-05  2.53973e-05
1.58750e+03  3.24190e-05  3.12728e-05  2.97571e-05  2.77699e-05  2.47848e-05
1.59250e+03  3.31607e-05  3.20014e-05  3.04464e-05  2.83869e-05  2.52561e-05
1.59750e+03  3.32609e-05  3.21293e-05  3.05967e-05  2.85563e-05  2.54376e-05
1.60500e+03  3.31274e-05  3.20129e-05  3.05071e-05  2.85022e-05  2.54251e-05
1.61500e+03  3.26624e-05  3.15685e-05  3.01037e-05  2.81666e-05  2.52092e-05
1.62500e+03  3.30182e-05  3.19299e-05  3.04406e-05  2.84491e-05  2.53911e-05
1.63500e+03  3.24082e-05  3.13629e-05  2.99497e-05  2.80647e-05  2.51552e-05
1.64500e+03  3.18522e-05  3.08323e-05  2.94712e-05  2.76661e-05  2.48805e-05
1.65500e+03  3.23895e-05  3.13434e-05  2.99058e-05  2.79813e-05  2.50257e-05
1.66500e+03  3.21210e-05  3.10895e-05  2.96687e-05  2.77651e-05  2.48388e-05
1.67500e+03  3.12521e-05  3.02842e-05  2.89718e-05  2.72095e-05  2.44631e-05
1.68500e+03  3.05225e-05  2.95895e-05  2.83464e-05  2.66862e-05  2.40978e-05
1.69500e+03  3.14327e-05  3.04435e-05  2.90774e-05  2.72435e-05  2.44167e-05
1.70500e+03  3.08987e-05  2.99029e-05  2.85424e-05  2.67298e-05  2.39626e-05
1.71500e+03  3.06183e-05  2.96443e-05  2.83088e-05  2.65262e-05  2.38005e-05
1.72500e+03  3.01174e-05  2.91823e-05  2.78948e-05  2.61679e-05  2.35131e-05
1.73500e+03  2.86091e-05  2.78028e-05  2.67310e-05  2.52838e-05  2.29918e-05
1.74500e+03  2.94217e-05  2.85373e-05  2.73217e-05  2.56845e-05  2.31468e-05
1.75500e+03  2.96087e-05  2.86770e-05  2.74022e-05  2.57002e-05  2.30953e-05
1.76500e+03  2.93592e-05  2.84259e-05  2.71603e-05  2.54785e-05  2.29138e-05
1.77500e+03  2.91060e-05  2.81665e-05  2.68984e-05  2.52176e-05  2.26633e-05
1.78500e+03  2.89609e-05  2.80392e-05  2.67911e-05  2.51333e-05  2.26056e-05
1.79500e+03  2.87179e-05  2.78119e-05  2.65770e-05  2.49330e-05  2.24253e-05
1.80500e+03  2.82553e-05  2.73974e-05  2.62122e-05  2.46212e-05  2.21761e-05
1.81500e+03  2.68338e-05  2.61260e-05  2.51683e-05  2.38570e-05  2.17598e-05
1.82500e+03  2.74006e-05  2.66122e-05  2.55239e-05  2.40473e-05  2.17432e-05
1.83500e+03  2.75419e-05  2.66907e-05  2.55285e-05  2.39787e-05  2.16138e-05
1.84500e+03  2.71502e-05  2.62945e-05  2.51408e-05  2.36128e-05  2.12979e-05
1.85500e+03  2.70900e-05  2.62493e-05  2.51093e-05  2.35941e-05  2.12881e-05
1.86500e+03  2.65562e-05  2.57627e-05  2.46693e-05  2.32029e-05  2.09588e-05
1.87500e+03  2.48093e-05  2.42222e-05  2.34129e-05  2.22802e-05  2.04421e-05
1.88500e+03  2.61447e-05  2.53862e-05  2.43360e-05  2.29196e-05  2.07359e-05
1.89500e+03  2.56676e-05  2.48639e-05  2.37900e-05  2.23726e-05  2.02367e-05
1.90500e+03  2.60211e-05  2.52081e-05  2.41183e-05  2.26773e-05  2.04943e-05
1.91500e+03  2.57139e-05  2.49103e-05  2.38353e-05  2.24152e-05  2.02669e-05
1.92500e+03  2.55009e-05  2.47179e-05  2.36629e-05  2.22649e-05  2.01459e-05
1.93500e+03  2.49966e-05  2.42623e-05  2.32585e-05  2.19125e-05  1.98524e-05
1.94500e+03  2.35922e-05  2.30136e-05  2.22367e-05  2.11617e-05  1.94290e-05
1.95500e+03  2.47038e-05  2.39895e-05  2.30107e-05  2.16953e-05  1.96746e-05
1.96500e+03  2.46123e-05  2.38567e-05  2.28448e-05  2.15067e-05  1.94834e-05
1.97500e+03  2.43173e-05  2.35608e-05  2.25579e-05  2.12370e-05  1.92442e-05
1.98500e+03  2.42702e-05  2.35126e-05  2.25105e-05  2.11914e-05  1.92003e-05
1.99500e+03  2.40777e-05  2.33249e-05  2.23320e-05  2.10267e-05  1.90589e-05
2.00500e+03  2.40047e-05  2.32575e-05  2.22718e-05  2.09752e-05  1.90190e-05
2.01500e+03  2.38957e-05  2.31560e-05  2.21792e-05  2.08926e-05  1.89468e-05
2.02500e+03  2.35262e-05  2.27917e-05  2.18269e-05  2.05602e-05  1.86537e-05
2.03500e+03  2.32068e-05  2.24848e-05  2.15396e-05  2.03011e-05  1.84423e-05
2.04500e+03  2.33030e-05  2.25837e-05  2.16368e-05  2.03910e-05  1.85097e-05
2.05500e+03  2.30460e-05  2.23305e-05  2.13911e-05  2.01571e-05  1.82988e-05
2.06500e+03  2.27246e-05  2.20254e-05  2.11093e-05  1.99066e-05  1.80958e-05
2.07500e+03  2.26480e-05  2.19510e-05  2.10372e-05  1.98370e-05  1.80286e-05
2.08500e+03  2.24639e-05  2.17696e-05  2.08608e-05  1.96683e-05  1.78756e-05
2.09500e+03  2.21576e-05  2.14760e-05  2.05858e-05  1.94188e-05  1.76667e-05
2.10500e+03  2.21582e-05  2.14828e-05  2.05975e-05  1.94341e-05  1.76802e-05
2.11500e+03  2.19309e-05  2.12645e-05  2.03917e-05  1.92449e-05  1.75173e-05
2.12500e+03  2.17417e-05  2.10827e-05  2.02194e-05  1.90845e-05  1.73758e-05
2.13500e+03  2.16096e-05  2.09626e-05  2.01117e-05  1.89914e-05  1.73013e-05
2.14500e+03  2.14576e-05  2.08226e-05  1.99807e-05  1.88680e-05  1.71861e-05
2.15500e+03  2.11959e-05  2.05978e-05  1.97920e-05  1.87133e-05  1.70648e-05
2.16500e+03  1.99618e-05  1.95050e-05  1.88950e-05  1.80463e-05  1.66761e-05
2.17500e+03  2.06661e-05  2.00914e-05  1.93209e-05  1.82869e-05  1.67051e-05
2.18500e+03  2.06633e-05  2.00597e-05  1.92625e-05  1.82103e-05  1.66238e-05
2.19500e+03  2.06786e-05  2.00631e-05  1.92556e-05  1.81931e-05  1.65929e-05
2.20500e+03  2.03271e-05  1.97201e-05  1.89304e-05  1.78953e-05  1.63423e-05
2.21500e+03  2.03511e-05  1.97451e-05  1.89562e-05  1.79210e-05  1.63645e-05
2.22500e+03  2.01720e-05  1.95654e-05  1.87776e-05  1.77455e-05  1.61975e-05
2.23500e+03  2.00196e-05  1.94179e-05  1.86374e-05  1.76155e-05  1.60843e-05
2.24500e+03  1.98754e-05  1.92798e-05  1.85079e-05  1.74973e-05  1.59828e-05
2.25500e+03  1.96826e-05  1.90977e-05  1.83410e-05  1.73506e-05  1.58663e-05
2.26500e+03  1.95187e-05  1.89343e-05  1.81795e-05  1.71927e-05  1.57175e-05
2.27500e+03  1.94591e-05  1.88816e-05  1.81344e-05  1.71561e-05  1.56895e-05
2.28500e+03  1.91757e-05  1.86054e-05  1.78704e-05  1.69103e-05  1.54765e-05
2.29500e+03  1.89780e-05  1.83922e-05  1.76344e-05  1.66366e-05  1.51277e-05
2.30500e+03  1.89685e-05  1.83961e-05  1.76561e-05  1.66845e-05  1.52221e-05
2.31500e+03  1.88025e-05  1.82381e-05  1.75105e-05  1.65574e-05  1.51276e-05
2.32500e+03  1.84902e-05  1.79084e-05  1.71570e-05  1.61676e-05  1.46758e-05
2.33500e+03  1.84217e-05  1.78622e-05  1.71416e-05  1.61967e-05  1.47778e-05
2.34500e+03  1.84226e-05  1.78702e-05  1.71579e-05  1.62237e-05  1.48198e-05
2.35500e+03  1.80355e-05  1.74650e-05  1.67301e-05  1.57631e-05  1.43078e-05
2.36500e+03  1.81013e-05  1.75522e-05  1.68447e-05  1.59156e-05  1.45181e-05
2.37500e+03  1.78689e-05  1.73295e-05  1.66397e-05  1.57396e-05  1.43963e-05
2.38500e+03  1.75835e-05  1.70323e-05  1.63246e-05  1.53943e-05  1.39940e-05
2.39500e+03  1.76873e-05  1.71509e-05  1.64610e-05  1.55550e-05  1.41913e-05
2.40500e+03  1.75711e-05  1.70439e-05  1.63674e-05  1.54808e-05  1.41509e-05
2.41500e+03  1.72411e-05  1.67052e-05  1.60194e-05  1.51202e-05  1.37703e-05
2.42500e+03  1.72700e-05  1.67462e-05  1.60744e-05  1.51931e-05  1.38692e-05
2.43500e+03  1.71458e-05  1.66322e-05  1.59753e-05  1.51160e-05  1.38301e-05
2.44500e+03  1.70008e-05  1.64815e-05  1.58157e-05  1.49411e-05  1.36254e-05
2.45500e+03  1.67295e-05  1.62215e-05  1.55739e-05  1.47270e-05  1.34611e-05
2.46500e+03  1.68334e-05  1.63334e-05  1.56942e-05  1.48575e-05  1.36044e-05
2.47500e+03  1.66098e-05  1.61107e-05  1.54743e-05  1.46424e-05  1.33984e-05
2.48500e+03  1.63562e-05  1.58677e-05  1.52449e-05  1.44291e-05  1.32056e-05
2.49500e+03  1.64502e-05  1.59617e-05  1.53385e-05  1.45235e-05  1.33047e-05
2.50500e+03  1.63534e-05  1.58697e-05  1.52532e-05  1.44478e-05  1.32464e-05
2.51500e+03  1.61939e-05  1.57087e-05  1.50893e-05  1.42768e-05  1.30569e-05
2.52500e+03  1.61590e-05  1.56829e-05  1.50758e-05  1.42808e-05  1.30900e-05
2.53500e+03  1.60344e-05  1.55648e-05  1.49666e-05  1.41847e-05  1.30166e-05
2.54500e+03  1.58399e-05  1.53730e-05  1.47801e-05  1.40066e-05  1.28547e-05
2.55500e+03  1.57576e-05  1.52975e-05  1.47127e-05  1.39487e-05  1.28084e-05
2.56500e+03  1.56336e-05  1.51810e-05  1.46068e-05  1.38582e-05  1.27431e-05
2.57500e+03  1.56469e-05  1.51962e-05  1.46219e-05  1.38704e-05  1.27475e-05
2.58500e+03  1.53452e-05  1.48978e-05  1.43299e-05  1.35891e-05  1.24882e-05
2.59500e+03  1.53904e-05  1.49481e-05  1.43836e-05  1.36453e-05  1.25447e-05
2.60500e+03  1.53049e-05  1.48747e-05  1.43231e-05  1.35982e-05  1.25117e-05
2.61500e+03  1.51072e-05  1.46975e-05  1.41689e-05  1.34685e-05  1.24117e-05
2.62500e+03  1.43748e-05  1.40629e-05  1.36542e-05  1.30886e-05  1.21872e-05
2.63500e+03  1.48770e-05  1.44786e-05  1.39629e-05  1.32770e-05  1.22422e-05
2.64500e+03  1.48113e-05  1.43970e-05  1.38681e-05  1.31767e-05  1.21513e-05
2.65500e+03  1.47509e-05  1.43335e-05  1.38029e-05  1.31103e-05  1.20823e-05
2.66500e+03  1.45742e-05  1.41650e-05  1.36473e-05  1.29718e-05  1.19680e-05
2.67500e+03  1.45598e-05  1.41575e-05  1.36509e-05  1.29903e-05  1.20056e-05
2.68500e+03  1.45629e-05  1.41557e-05  1.36400e-05  1.29662e-05  1.19627e-05
2.69500e+03  1.44728e-05  1.40634e-05  1.35452e-05  1.28697e-05  1.18678e-05
2.70500e+03  1.43890e-05  1.39838e-05  1.34714e-05  1.28045e-05  1.18170e-05
2.71500e+03  1.42845e-05  1.38824e-05  1.33747e-05  1.27146e-05  1.17392e-05
2.72500e+03  1.41959e-05  1.37975e-05  1.32945e-05  1.26410e-05  1.16761e-05
2.73500e+03  1.41086e-05  1.37140e-05  1.32157e-05  1.25671e-05  1.16074e-05
2.74500e+03  1.40326e-05  1.36444e-05  1.31540e-05  1.25143e-05  1.15652e-05
2.75500e+03  1.37919e-05  1.34237e-05  1.29620e-05  1.23589e-05  1.14590e-05
2.76500e+03  1.37586e-05  1.33865e-05  1.29184e-05  1.23065e-05  1.13955e-05
2.77500e+03  1.37337e-05  1.33530e-05  1.28735e-05  1.22500e-05  1.13300e-05
2.78500e+03  1.36636e-05  1.32841e-05  1.28065e-05  1.21867e-05  1.12741e-05
2.79500e+03  1.36067e-05  1.32297e-05  1.27550e-05  1.21387e-05  1.12307e-05
2.80500e+03  1.35139e-05  1.31395e-05  1.26687e-05  1.20578e-05  1.11585e-05
2.81500e+03  1.34384e-05  1.30670e-05  1.25998e-05  1.19935e-05  1.11008e-05
2.82500e+03  1.33478e-05  1.29796e-05  1.25170e-05  1.19171e-05  1.10348e-05
2.83500e+03  1.32821e-05  1.29177e-05  1.24596e-05  1.18651e-05  1.09904e-05
2.84500e+03  1.31512e-05  1.27916e-05  1.23401e-05  1.17547e-05  1.08949e-05
2.85500e+03  1.30911e-05  1.27353e-05  1.22878e-05  1.17060e-05  1.08491e-05
2.86500e+03  1.29588e-05  1.26168e-05  1.21864e-05  1.16223e-05  1.07838e-05
2.87500e+03  1.27282e-05  1.24077e-05  1.20068e-05  1.14803e-05  1.06908e-05
2.88500e+03  1.28270e-05  1.24839e-05  1.20528e-05  1.14908e-05  1.06617e-05
2.89500e+03  1.27792e-05  1.24337e-05  1.20000e-05  1.14371e-05  1.06100e-05
2.90500e+03  1.27019e-05  1.23575e-05  1.19259e-05  1.13667e-05  1.05465e-05
2.91500e+03  1.26271e-05  1.22859e-05  1.18587e-05  1.13053e-05  1.04936e-05
2.92500e+03  1.24980e-05  1.21585e-05  1.17347e-05  1.11872e-05  1.03875e-05
2.93500e+03  1.24730e-05  1.21351e-05  1.17127e-05  1.11663e-05  1.03663e-05
2.94500e+03  1.23767e-05  1.20418e-05  1.16237e-05  1.10833e-05  1.02934e-05
2.95500e+03  1.23234e-05  1.19907e-05  1.15751e-05  1.10377e-05  1.02517e-05
2.96500e+03  1.22516e-05  1.19213e-05  1.15088e-05  1.09754e-05  1.01949e-05
2.97500e+03  1.21771e-05  1.18500e-05  1.14417e-05  1.09138e-05  1.01421e-05
2.98500e+03  1.21061e-05  1.17814e-05  1.13761e-05  1.08520e-05  1.00859e-05
2.99500e+03  1.20098e-05  1.16883e-05  1.12874e-05  1.07694e-05  1.00134e-05
3.00500e+03  1.19364e-05  1.16177e-05  1.12199e-05  1.07058e-05  9.95501e-06
3.01500e+03  1.18842e-05  1.15697e-05  1.11764e-05  1.06670e-05  9.92182e-06
3.02500e+03  1.17884e-05  1.14800e-05  1.10936e-05  1.05915e-05  9.85537e-06
3.03500e+03  1.15332e-05  1.12547e-05  1.09062e-05  1.04474e-05  9.76200e-06
3.04500e+03  1.15623e-05  1.12763e-05  1.09169e-05  1.04436e-05  9.73719e-06
3.05500e+03  1.15878e-05  1.12850e-05  1.09063e-05  1.04150e-05  9.69613e-06
3.06500e+03  1.15083e-05  1.12056e-05  1.08285e-05  1.03412e-05  9.63101e-06
3.07500e+03  1.14765e-05  1.11740e-05  1.07972e-05  1.03103e-05  9.59994e-06
3.08500e+03  1.13736e-05  1.10732e-05  1.06999e-05  1.02182e-05  9.51728e-06
3.09500e+03  1.13157e-05  1.10173e-05  1.06468e-05  1.01688e-05  9.47321e-06
3.10500e+03  1.12761e-05  1.09800e-05  1.06120e-05  1.01371e-05  9.44501e-06
3.11500e+03  1.11119e-05  1.08228e-05  1.04647e-05  1.00035e-05  9.33363e-06
3.12500e+03  1.11338e-05  1.08421e-05  1.04803e-05  1.00136e-05  9.33461e-06
3.13500e+03  1.10719e-05  1.07814e-05  1.04208e-05  9.95562e-06  9.27839e-06
3.14500e+03  1.10148e-05  1.07272e-05  1.03703e-05  9.90998e-06  9.24001e-06
3.15500e+03  1.09080e-05  1.06244e-05  1.02731e-05  9.82069e-06  9.16377e-06
3.16500e+03  1.08736e-05  1.05891e-05  1.02368e-05  9.78321e-06  9.12517e-06
3.17500e+03  1.08088e-05  1.05277e-05  1.01797e-05  9.73118e-06  9.07971e-06
3.18500e+03  1.07554e-05  1.04751e-05  1.01281e-05  9.68107e-06  9.03233e-06
3.19500e+03  1.07078e-05  1.04296e-05  1.00851e-05  9.64115e-06  8.99624e-06
3.21000e+03  1.05987e-05  1.03246e-05  9.98562e-06  9.54921e-06  8.91632e-06
3.23000e+03  1.04834e-05  1.02120e-05  9.87617e-06  9.44377e-06  8.81680e-06
3.25000e+03  1.03627e-05  1.00960e-05  9.76617e-06  9.34169e-06  8.72703e-06
3.27000e+03  1.02415e-05  9.98031e-06  9.65663e-06  9.23939e-06  8.63475e-06
3.29000e+03  9.97742e-06  9.74669e-06  9.45826e-06  9.07928e-06  8.51674e-06
3.31000e+03  9.97402e-06  9.72820e-06  9.42258e-06  9.02597e-06  8.44792e-06
3.33000e+03  9.87115e-06  9.62199e-06  9.31439e-06  8.91879e-06  8.34695e-06
3.35000e+03  9.79903e-06  9.55062e-06  9.24447e-06  8.85117e-06  8.28335e-06
3.37000e+03  9.68016e-06  9.43641e-06  9.13638e-06  8.75114e-06  8.19528e-06
3.39000e+03  9.55810e-06  9.31752e-06  9.02167e-06  8.64208e-06  8.09486e-06
3.41000e+03  9.44808e-06  9.21168e-06  8.92139e-06  8.54937e-06  8.01400e-06
3.43000e+03  9.38706e-06  9.15189e-06  8.86286e-06  8.49212e-06  7.95814e-06
3.45000e+03  9.29462e-06  9.06146e-06  8.77487e-06  8.40716e-06  7.87742e-06
3.47000e+03  9.19169e-06  8.96221e-06  8.68044e-06  8.31926e-06  7.79970e-06
3.49000e+03  9.09812e-06  8.87178e-06  8.59399e-06  8.23800e-06  7.72612e-06
3.51000e+03  9.00538e-06  8.78184e-06  8.50754e-06  8.15599e-06  7.65048e-06
3.53000e+03  8.89569e-06  8.67536e-06  8.40536e-06  8.05977e-06  7.56377e-06
3.55000e+03  8.81717e-06  8.59983e-06  8.33345e-06  7.99240e-06  7.50275e-06
3.57000e+03  8.71427e-06  8.50012e-06  8.23785e-06  7.90224e-06  7.42072e-06
3.59000e+03  8.62270e-06  8.41106e-06  8.15206e-06  7.82087e-06  7.34633e-06
3.61000e+03  8.55561e-06  8.34665e-06  8.09076e-06  7.76326e-06  7.29347e-06
3.63000e+03  8.46517e-06  8.25881e-06  8.00624e-06  7.68308e-06  7.21977e-06
3.65000e+03  8.34297e-06  8.14027e-06  7.89295e-06  7.57751e-06  7.12732e-06
3.67000e+03  8.25678e-06  8.05784e-06  7.81494e-06  7.50485e-06  7.06165e-06
3.69000e+03  8.13951e-06  7.94486e-06  7.70767e-06  7.40545e-06  6.97470e-06
3.71000e+03  8.06074e-06  7.86759e-06  7.63211e-06  7.33206e-06  6.90501e-06
3.73000e+03  7.97229e-06  7.79179e-06  7.56884e-06  7.28015e-06  6.86208e-06
3.75000e+03  7.80814e-06  7.63572e-06  7.42373e-06  7.15034e-06  6.75630e-06
3.77000e+03  7.85543e-06  7.66881e-06  7.44111e-06  7.15064e-06  6.73670e-06
3.79000e+03  7.77869e-06  7.59393e-06  7.36900e-06  7.08255e-06  6.67505e-06
3.81000e+03  7.70730e-06  7.52461e-06  7.30228e-06  7.01909e-06  6.61609e-06
3.83000e+03  7.65068e-06  7.46999e-06  7.24994e-06  6.96942e-06  6.56964e-06
3.85000e+03  7.58516e-06  7.40608e-06  7.18800e-06  6.90997e-06  6.51384e-06
3.87000e+03  7.49396e-06  7.31811e-06  7.10422e-06  6.83185e-06  6.44433e-06
3.89000e+03  7.41513e-06  7.24156e-06  7.03066e-06  6.76236e-06  6.38122e-06
3.91000e+03  7.36493e-06  7.19334e-06  6.98463e-06  6.71866e-06  6.33982e-06
3.93000e+03  7.29713e-06  7.12700e-06  6.92012e-06  6.65668e-06  6.28202e-06
3.95000e+03  7.20334e-06  7.03576e-06  6.83249e-06  6.57437e-06  6.20875e-06
3.97000e+03  7.15588e-06  6.98956e-06  6.78761e-06  6.53084e-06  6.16654e-06
3.99000e+03  7.04845e-06  6.88595e-06  6.68903e-06  6.43916e-06  6.08554e-06
4.01000e+03  6.99687e-06  6.83712e-06  6.64333e-06  6.39703e-06  6.04763e-06
4.03000e+03  6.95122e-06  6.79311e-06  6.60080e-06  6.35582e-06  6.00755e-06
4.05000e+03  6.78524e-06  6.64814e-06  6.47833e-06  6.25727e-06  5.93575e-06
4.07000e+03  6.81126e-06  6.65688e-06  6.46934e-06  6.23090e-06  5.89312e-06
4.09000e+03  6.75874e-06  6.60546e-06  6.41968e-06  6.18384e-06  5.84988e-06
4.11000e+03  6.70478e-06  6.55238e-06  6.36772e-06  6.13339e-06  5.80173e-06
4.13000e+03  6.65396e-06  6.50305e-06  6.32017e-06  6.08798e-06  5.75920e-06
4.15000e+03  6.57525e-06  6.42729e-06  6.24814e-06  6.02086e-06  5.69947e-06
4.17000e+03  6.51519e-06  6.37052e-06  6.19520e-06  5.97223e-06  5.65555e-06
4.19000e+03  6.46143e-06  6.31710e-06  6.14232e-06  5.92045e-06  5.60644e-06
4.21000e+03  6.36895e-06  6.22800e-06  6.05775e-06  5.84223e-06  5.53804e-06
4.23000e+03  6.36698e-06  6.22434e-06  6.05175e-06  5.83291e-06  5.52360e-06
4.25000e+03  6.29410e-06  6.15342e-06  5.98349e-06  5.76842e-06  5.46516e-06
4.27000e+03  6.25134e-06  6.11194e-06  5.94343e-06  5.72998e-06  5.42870e-06
4.29000e+03  6.10939e-06  5.96989e-06  5.80177e-06  5.58953e-06  5.29018e-06
4.31000e+03  6.00441e-06  5.86753e-06  5.70215e-06  5.49246e-06  5.19426e-06
4.33000e+03  5.98598e-06  5.85238e-06  5.69094e-06  5.48620e-06  5.19539e-06
4.35000e+03  5.83762e-06  5.70526e-06  5.54562e-06  5.34356e-06  5.05648e-06
4.37000e+03  5.75877e-06  5.63183e-06  5.47797e-06  5.28170e-06  4.99994e-06
4.39000e+03  5.75424e-06  5.62607e-06  5.47055e-06  5.27227e-06  4.98842e-06
4.41000e+03  5.59294e-06  5.46414e-06  5.30890e-06  5.11248e-06  4.83284e-06
4.43000e+03  5.59281e-06  5.46639e-06  5.31317e-06  5.11797e-06  4.83815e-06
4.45000e+03  5.55930e-06  5.43393e-06  5.28178e-06  5.08749e-06  4.80797e-06
4.47000e+03  5.41963e-06  5.29374e-06  5.14190e-06  4.94952e-06  4.67451e-06
4.49000e+03  5.44074e-06  5.31726e-06  5.16743e-06  4.97627e-06  4.70161e-06
4.51000e+03  5.38746e-06  5.26508e-06  5.11637e-06  4.92627e-06  4.65250e-06
4.53000e+03  5.27737e-06  5.15482e-06  5.00676e-06  4.81882e-06  4.54955e-06
4.55000e+03  5.27843e-06  5.15821e-06  5.01258e-06  4.82714e-06  4.56092e-06
4.57000e+03  5.25702e-06  5.13850e-06  4.99476e-06  4.81132e-06  4.54717e-06
4.59000e+03  5.14658e-06  5.02757e-06  4.88363e-06  4.70054e-06  4.43722e-06
4.61000e+03  5.15155e-06  5.03505e-06  4.89403e-06  4.71452e-06  4.45648e-06
4.63000e+03  5.10470e-06  4.98981e-06  4.85032e-06  4.67213e-06  4.41477e-06
4.65000e+03  5.03185e-06  4.92771e-06  4.79946e-06  4.63302e-06  4.38880e-06
4.67000e+03  5.02510e-06  4.91729e-06  4.78594e-06  4.61721e-06  4.37177e-06
4.69000e+03  5.00880e-06  4.89791e-06  4.76351e-06  4.59199e-06  4.34418e-06
4.71000e+03  4.96984e-06  4.85864e-06  4.72433e-06  4.55356e-06  4.30769e-06
4.73000e+03  4.96399e-06  4.85427e-06  4.72193e-06  4.55395e-06  4.31291e-06
4.75000e+03  4.91131e-06  4.80275e-06  4.67172e-06  4.50516e-06  4.26549e-06
4.77000e+03  4.87196e-06  4.76440e-06  4.63480e-06  4.47046e-06  4.23481e-06
4.79000e+03  4.84535e-06  4.73856e-06  4.61000e-06  4.44717e-06  4.21425e-06
4.81000e+03  4.78458e-06  4.67921e-06  4.55236e-06  4.39162e-06  4.16116e-06
4.83000e+03  4.78693e-06  4.68308e-06  4.55804e-06  4.39960e-06  4.17305e-06
4.85000e+03  4.73752e-06  4.63454e-06  4.51065e-06  4.35383e-06  4.12993e-06
4.87000e+03  4.69748e-06  4.59515e-06  4.47208e-06  4.31641e-06  4.09419e-06
4.89000e+03  4.66855e-06  4.56749e-06  4.44595e-06  4.29224e-06  4.07308e-06
4.91000e+03  4.63756e-06  4.53701e-06  4.41613e-06  4.26328e-06  4.04527e-06
4.93000e+03  4.60243e-06  4.50310e-06  4.38358e-06  4.23234e-06  4.01657e-06
4.95000e+03  4.56393e-06  4.46573e-06  4.34778e-06  4.19880e-06  3.98678e-06
4.97000e+03  4.53324e-06  4.43624e-06  4.31961e-06  4.17219e-06  3.96241e-06
4.99000e+03  4.51318e-06  4.41630e-06  4.29984e-06  4.15267e-06  3.94324e-06
5.01000e+03  4.45969e-06  4.36407e-06  4.24912e-06  4.10380e-06  3.89686e-06
5.03000e+03  4.45145e-06  4.35719e-06  4.24391e-06  4.10075e-06  3.89704e-06
5.05000e+03  4.39683e-06  4.30365e-06  4.19157e-06  4.04977e-06  3.84766e-06
5.07000e+03  4.37453e-06  4.28220e-06  4.17115e-06  4.03067e-06  3.83052e-06
5.09000e+03  4.35492e-06  4.26348e-06  4.15355e-06  4.01461e-06  3.81689e-06
5.11000e+03  4.30744e-06  4.21770e-06  4.10960e-06  3.97271e-06  3.77758e-06
5.13000e+03  4.27015e-06  4.18560e-06  4.08296e-06  3.95161e-06  3.76202e-06
5.15000e+03  4.25478e-06  4.16669e-06  4.06065e-06  3.92638e-06  3.73498e-06
5.17000e+03  4.24721e-06  4.15972e-06  4.05468e-06  3.92207e-06  3.73395e-06
5.19000e+03  4.19775e-06  4.11115e-06  4.00713e-06  3.87567e-06  3.68854e-06
5.21000e+03  4.16579e-06  4.08023e-06  3.97752e-06  3.84775e-06  3.66298e-06
5.23000e+03  4.13563e-06  4.05110e-06  3.94973e-06  3.82181e-06  3.63987e-06
5.25000e+03  4.11990e-06  4.03619e-06  3.93581e-06  3.80916e-06  3.62927e-06
5.27000e+03  4.09992e-06  4.01719e-06  3.91802e-06  3.79297e-06  3.61572e-06
5.29000e+03  4.04922e-06  3.96734e-06  3.86917e-06  3.74531e-06  3.56906e-06
5.31000e+03  4.03405e-06  3.95251e-06  3.85483e-06  3.73169e-06  3.55687e-06
5.33000e+03  4.00346e-06  3.92326e-06  3.82719e-06  3.70607e-06  3.53412e-06
5.35000e+03  3.98025e-06  3.90063e-06  3.80533e-06  3.68532e-06  3.51516e-06
5.37000e+03  3.94967e-06  3.87137e-06  3.77775e-06  3.66000e-06  3.49340e-06
5.39000e+03  3.93076e-06  3.85300e-06  3.75999e-06  3.64295e-06  3.47732e-06
5.41000e+03  3.90472e-06  3.82746e-06  3.73512e-06  3.61903e-06  3.45492e-06
5.43000e+03  3.86144e-06  3.78541e-06  3.69461e-06  3.58052e-06  3.41902e-06
5.45000e+03  3.85469e-06  3.77899e-06  3.68858e-06  3.57502e-06  3.41471e-06
5.47000e+03  3.82212e-06  3.74745e-06  3.65834e-06  3.54650e-06  3.38865e-06
5.49000e+03  3.79457e-06  3.72058e-06  3.63229e-06  3.52149e-06  3.36506e-06
5.51000e+03  3.77820e-06  3.70454e-06  3.61666e-06  3.50637e-06  3.35082e-06
5.53000e+03  3.76297e-06  3.69047e-06  3.60406e-06  3.49581e-06  3.34371e-06
5.55000e+03  3.71995e-06  3.64775e-06  3.56167e-06  3.45376e-06  3.30163e-06
5.57000e+03  3.71537e-06  3.64393e-06  3.55881e-06  3.45219e-06  3.30248e-06
5.59000e+03  3.67080e-06  3.60074e-06  3.51740e-06  3.41315e-06  3.26677e-06
5.61000e+03  3.65662e-06  3.58654e-06  3.50315e-06  3.39886e-06  3.25260e-06
5.63000e+03  3.62972e-06  3.56022e-06  3.47753e-06  3.37412e-06  3.22899e-06
5.65000e+03  3.61944e-06  3.55047e-06  3.46839e-06  3.36575e-06  3.22197e-06
5.67000e+03  3.59649e-06  3.52807e-06  3.44668e-06  3.34495e-06  3.20253e-06
5.69000e+03  3.55939e-06  3.49175e-06  3.41134e-06  3.31091e-06  3.17026e-06
5.71000e+03  3.54883e-06  3.48202e-06  3.40261e-06  3.30342e-06  3.16472e-06
5.73000e+03  3.52716e-06  3.46073e-06  3.38176e-06  3.28315e-06  3.14532e-06
5.75000e+03  3.50319e-06  3.43738e-06  3.35920e-06  3.26163e-06  3.12532e-06
5.77000e+03  3.48041e-06  3.41498e-06  3.33729e-06  3.24039e-06  3.10519e-06
5.79000e+03  3.46182e-06  3.39727e-06  3.32066e-06  3.22517e-06  3.09215e-06
5.81000e+03  3.43664e-06  3.37236e-06  3.29608e-06  3.20104e-06  3.06863e-06
5.83000e+03  3.41731e-06  3.35361e-06  3.27800e-06  3.18378e-06  3.05253e-06
5.85000e+03  3.39997e-06  3.33680e-06  3.26184e-06  3.16845e-06  3.03855e-06
5.87000e+03  3.37267e-06  3.31007e-06  3.23580e-06  3.14329e-06  3.01457e-06
5.89000e+03  3.34537e-06  3.28430e-06  3.21176e-06  3.12133e-06  2.99550e-06
5.91000e+03  3.31894e-06  3.26199e-06  3.19346e-06  3.10678e-06  2.98431e-06
5.93000e+03  3.31326e-06  3.25264e-06  3.18062e-06  3.09087e-06  2.96609e-06
5.95000e+03  3.28353e-06  3.22410e-06  3.15364e-06  3.06591e-06  2.94395e-06
5.97000e+03  3.27447e-06  3.21496e-06  3.14438e-06  3.05650e-06  2.93444e-06
5.99000e+03  3.25498e-06  3.19574e-06  3.12552e-06  3.03816e-06  2.91696e-06
6.01000e+03  3.23279e-06  3.17430e-06  3.10503e-06  3.01893e-06  2.89960e-06
6.03000e+03  3.21546e-06  3.15719e-06  3.08815e-06  3.00230e-06  2.88327e-06
6.05000e+03  3.19461e-06  3.13668e-06  3.06805e-06  2.98269e-06  2.86432e-06
6.07000e+03  3.17347e-06  3.11625e-06  3.04848e-06  2.96426e-06  2.84756e-06
6.09000e+03  3.15153e-06  3.09510e-06  3.02827e-06  2.94519e-06  2.83001e-06
6.11000e+03  3.12697e-06  3.07139e-06  3.00560e-06  2.92382e-06  2.81040e-06
6.13000e+03  3.11669e-06  3.06101e-06  2.99508e-06  2.91313e-06  2.79956e-06
6.15000e+03  3.10031e-06  3.04496e-06  2.97942e-06  2.89795e-06  2.78511e-06
6.17000e+03  3.08147e-06  3.02670e-06  2.96187e-06  2.88133e-06  2.76987e-06
6.19000e+03  3.06417e-06  3.00993e-06  2.94573e-06  2.86594e-06  2.75554e-06
6.21000e+03  3.04591e-06  2.99217e-06  2.92855e-06  2.84953e-06  2.74021e-06
6.23000e+03  3.01634e-06  2.96398e-06  2.90206e-06  2.82517e-06  2.71874e-06
6.25000e+03  3.00268e-06  2.95020e-06  2.88807e-06  2.81087e-06  2.70394e-06
6.27000e+03  2.98581e-06  2.93384e-06  2.87230e-06  2.79580e-06  2.68984e-06
6.29000e+03  2.96906e-06  2.91779e-06  2.85706e-06  2.78145e-06  2.67660e-06
6.31000e+03  2.94699e-06  2.89614e-06  2.83597e-06  2.76124e-06  2.65784e-06
6.33000e+03  2.93912e-06  2.88815e-06  2.82784e-06  2.75293e-06  2.64936e-06
6.35000e+03  2.91929e-06  2.86867e-06  2.80878e-06  2.73442e-06  2.63157e-06
6.37000e+03  2.90210e-06  2.85225e-06  2.79332e-06  2.72020e-06  2.61920e-06
6.39000e+03  2.88344e-06  2.83375e-06  2.77501e-06  2.70212e-06  2.60136e-06
6.42000e+03  2.86037e-06  2.81132e-06  2.75334e-06  2.68140e-06  2.58204e-06
6.46000e+03  2.82350e-06  2.77547e-06  2.71874e-06  2.64839e-06  2.55124e-06
6.50000e+03  2.78919e-06  2.74216e-06  2.68662e-06  2.61778e-06  2.52275e-06
6.54000e+03  2.76084e-06  2.71423e-06  2.65919e-06  2.59095e-06  2.49678e-06
6.58000e+03  2.72968e-06  2.68387e-06  2.62979e-06  2.56277e-06  2.47032e-06
6.62000e+03  2.69666e-06  2.65164e-06  2.59851e-06  2.53269e-06  2.44191e-06
6.66000e+03  2.66706e-06  2.62273e-06  2.57042e-06  2.50563e-06  2.41631e-06
6.70000e+03  2.63499e-06  2.59150e-06  2.54021e-06  2.47671e-06  2.38923e-06
6.74000e+03  2.60306e-06  2.56042e-06  2.51014e-06  2.44787e-06  2.36205e-06
6.78000e+03  2.57404e-06  2.53239e-06  2.48320e-06  2.42216e-06  2.33791e-06
6.82000e+03  2.54669e-06  2.50521e-06  2.45632e-06  2.39583e-06  2.31252e-06
6.86000e+03  2.51838e-06  2.47755e-06  2.42945e-06  2.36995e-06  2.28805e-06
6.90000e+03  2.48993e-06  2.44974e-06  2.40240e-06  2.34386e-06  2.26327e-06
6.94000e+03  2.46119e-06  2.42170e-06  2.37521e-06  2.31774e-06  2.23864e-06
6.98000e+03  2.43565e-06  2.39668e-06  2.35080e-06  2.29408e-06  2.21603e-06
7.02000e+03  2.40513e-06  2.36703e-06  2.32221e-06  2.26684e-06  2.19064e-06
7.06000e+03  2.38185e-06  2.34410e-06  2.29968e-06  2.24480e-06  2.16930e-06
7.10000e+03  2.35624e-06  2.31903e-06  2.27526e-06  2.22118e-06  2.14680e-06
7.14000e+03  2.33040e-06  2.29380e-06  2.25074e-06  2.19755e-06  2.12442e-06
7.18000e+03  2.30523e-06  2.26917e-06  2.22675e-06  2.17437e-06  2.10233e-06
7.22000e+03  2.28011e-06  2.24466e-06  2.20297e-06  2.15149e-06  2.08070e-06
7.26000e+03  2.25538e-06  2.22046e-06  2.17941e-06  2.12873e-06  2.05907e-06
7.30000e+03  2.23265e-06  2.19814e-06  2.15759e-06  2.10753e-06  2.03870e-06
7.34000e+03  2.20726e-06  2.17342e-06  2.13366e-06  2.08459e-06  2.01713e-06
7.38000e+03  2.18563e-06  2.15215e-06  2.11282e-06  2.06428e-06  1.99755e-06
7.42000e+03  2.16121e-06  2.12832e-06  2.08968e-06  2.04201e-06  1.97647e-06
7.46000e+03  2.12894e-06  2.09864e-06  2.06271e-06  2.01792e-06  1.95583e-06
7.50000e+03  2.11025e-06  2.08013e-06  2.04438e-06  1.99978e-06  1.93791e-06
7.54000e+03  2.09489e-06  2.06347e-06  2.02655e-06  1.98098e-06  1.91830e-06
7.58000e+03  2.07440e-06  2.04329e-06  2.00677e-06  1.96170e-06  1.89970e-06
7.62000e+03  2.05313e-06  2.02245e-06  1.98644e-06  1.94202e-06  1.88086e-06
7.66000e+03  2.03236e-06  2.00209e-06  1.96655e-06  1.92270e-06  1.86227e-06
7.70000e+03  2.01025e-06  1.98048e-06  1.94554e-06  1.90245e-06  1.84303e-06
7.74000e+03  1.99140e-06  1.96195e-06  1.92738e-06  1.88469e-06  1.82575e-06
7.78000e+03  1.97146e-06  1.94242e-06  1.90833e-06  1.86623e-06  1.80802e-06
7.82000e+03  1.95180e-06  1.92314e-06  1.88950e-06  1.84795e-06  1.79048e-06
7.86000e+03  1.93250e-06  1.90422e-06  1.87101e-06  1.83000e-06  1.77320e-06
7.90000e+03  1.91333e-06  1.88544e-06  1.85272e-06  1.81229e-06  1.75633e-06
7.94000e+03  1.89435e-06  1.86685e-06  1.83457e-06  1.79470e-06  1.73947e-06
7.98000e+03  1.87598e-06  1.84886e-06  1.81704e-06  1.77773e-06  1.72328e-06
8.02000e+03  1.85683e-06  1.83012e-06  1.79881e-06  1.76013e-06  1.70660e-06
8.06000e+03  1.83845e-06  1.81216e-06  1.78133e-06  1.74327e-06  1.69059e-06
8.10000e+03  1.82207e-06  1.79605e-06  1.76554e-06  1.72788e-06  1.67578e-06
8.14000e+03  1.80244e-06  1.77696e-06  1.74711e-06  1.71027e-06  1.65937e-06
8.18000e+03  1.78656e-06  1.76136e-06  1.73182e-06  1.69538e-06  1.64501e-06
8.22000e+03  1.77056e-06  1.74559e-06  1.71633e-06  1.68025e-06  1.63041e-06
8.26000e+03  1.75349e-06  1.72887e-06  1.70003e-06  1.66447e-06  1.61535e-06
8.30000e+03  1.73722e-06  1.71291e-06  1.68443e-06  1.64932e-06  1.60080e-06
8.34000e+03  1.71961e-06  1.69571e-06  1.66773e-06  1.63324e-06  1.58560e-06
8.38000e+03  1.70421e-06  1.68058e-06  1.65291e-06  1.61880e-06  1.57167e-06
8.42000e+03  1.68902e-06  1.66565e-06  1.63828e-06  1.60453e-06  1.55785e-06
8.46000e+03  1.67345e-06  1.65038e-06  1.62337e-06  1.59006e-06  1.54402e-06
8.50000e+03  1.65806e-06  1.63528e-06  1.60861e-06  1.57571e-06  1.53021e-06
8.54000e+03  1.64278e-06  1.62030e-06  1.59399e-06  1.56154e-06  1.51666e-06
8.58000e+03  1.62795e-06  1.60575e-06  1.57977e-06  1.54772e-06  1.50338e-06
8.62000e+03  1.61281e-06  1.59092e-06  1.56531e-06  1.53373e-06  1.49001e-06
8.66000e+03  1.59841e-06  1.57683e-06  1.55156e-06  1.52038e-06  1.47719e-06
8.70000e+03  1.58429e-06  1.56293e-06  1.53792e-06  1.50708e-06  1.46437e-06
8.74000e+03  1.56922e-06  1.54838e-06  1.52393e-06  1.49372e-06  1.45187e-06
8.78000e+03  1.55521e-06  1.53461e-06  1.51045e-06  1.48059e-06  1.43918e-06
8.82000e+03  1.54117e-06  1.52067e-06  1.49669e-06  1.46713e-06  1.42618e-06
8.86000e+03  1.52757e-06  1.50735e-06  1.48371e-06  1.45455e-06  1.41416e-06
8.90000e+03  1.51404e-06  1.49407e-06  1.47072e-06  1.44194e-06  1.40208e-06
8.94000e+03  1.50156e-06  1.48178e-06  1.45864e-06  1.43012e-06  1.39061e-06
8.98000e+03  1.48743e-06  1.46798e-06  1.44523e-06  1.41719e-06  1.37836e-06
9.02000e+03  1.47519e-06  1.45591e-06  1.43338e-06  1.40562e-06  1.36720e-06
9.06000e+03  1.46329e-06  1.44420e-06  1.42188e-06  1.39438e-06  1.35630e-06
9.10000e+03  1.44945e-06  1.43066e-06  1.40871e-06  1.38166e-06  1.34422e-06
9.14000e+03  1.43724e-06  1.41868e-06  1.39699e-06  1.37025e-06  1.33322e-06
9.18000e+03  1.42565e-06  1.40726e-06  1.38578e-06  1.35932e-06  1.32270e-06
9.22000e+03  1.41381e-06  1.39563e-06  1.37439e-06  1.34821e-06  1.31198e-06
9.26000e+03  1.40167e-06  1.38372e-06  1.36275e-06  1.33692e-06  1.30116e-06
9.30000e+03  1.39016e-06  1.37241e-06  1.35167e-06  1.32613e-06  1.29077e-06
9.34000e+03  1.37802e-06  1.36050e-06  1.34004e-06  1.31484e-06  1.27996e-06
9.38000e+03  1.36634e-06  1.34910e-06  1.32895e-06  1.30412e-06  1.26973e-06
9.42000e+03  1.35549e-06  1.33839e-06  1.31842e-06  1.29381e-06  1.25975e-06
9.46000e+03  1.34392e-06  1.32700e-06  1.30726e-06  1.28293e-06  1.24927e-06
9.50000e+03  1.33311e-06  1.31639e-06  1.29687e-06  1.27283e-06  1.23957e-06
9.54000e+03  1.32197e-06  1.30548e-06  1.28623e-06  1.26252e-06  1.22973e-06
9.58000e+03  1.31106e-06  1.29473e-06  1.27568e-06  1.25220e-06  1.21972e-06
9.62000e+03  1.30035e-06  1.28425e-06  1.26545e-06  1.24231e-06  1.21029e-06
9.66000e+03  1.28969e-06  1.27373e-06  1.25512e-06  1.23219e-06  1.20045e-06
9.70000e+03  1.27973e-06  1.26395e-06  1.24554e-06  1.22287e-06  1.19151e-06
9.74000e+03  1.26789e-06  1.25240e-06  1.23433e-06  1.21209e-06  1.18129e-06
9.78000e+03  1.25797e-06  1.24261e-06  1.22469e-06  1.20262e-06  1.17207e-06
9.82000e+03  1.24900e-06  1.23378e-06  1.21601e-06  1.19414e-06  1.16388e-06
9.86000e+03  1.23915e-06  1.22408e-06  1.20651e-06  1.18487e-06  1.15492e-06
9.90000e+03  1.22925e-06  1.21435e-06  1.19696e-06  1.17555e-06  1.14590e-06
9.94000e+03  1.21898e-06  1.20427e-06  1.18712e-06  1.16599e-06  1.13674e-06
9.98000e+03  1.21001e-06  1.19545e-06  1.17847e-06  1.15756e-06  1.12862e-06
1.00200e+04  1.20053e-06  1.18613e-06  1.16934e-06  1.14866e-06  1.12003e-06
2.00000e+04  3.05292e-07  3.03138e-07  3.00611e-07  2.97434e-07  2.92900e-07
4.00000e+04  7.62769e-08  7.59067e-08  7.54715e-08  7.49236e-08  7.41576e-08
6.00000e+04  3.37427e-08  3.36032e-08  3.34408e-08  3.32387e-08  3.29609e-08
8.00000e+04  1.88937e-08  1.88229e-08  1.87406e-08  1.86381e-08  1.84950e-08
1.00000e+05  1.20426e-08  1.20002e-08  1.19505e-08  1.18878e-08  1.17972e-08
1.20000e+05  8.33231e-09  8.30389e-09  8.27025e-09  8.22693e-09  8.16214e-09
1.40000e+05  6.10125e-09  6.08066e-09  6.05598e-09  6.02358e-09  5.97358e-09
1.60000e+05  4.65678e-09  4.64101e-09  4.62185e-09  4.59626e-09  4.55580e-09
