9.09000e+00  1.00000e-38  1.00000e-38  1.00000e-38  1.00000e-38  1.00000e-38
9.35000e+00  1.00000e-38  1.00000e-38  1.00000e-38  1.00000e-38  1.00000e-38
9.61000e+00  1.00000e-38  1.00000e-38  1.00000e-38  1.00000e-38  1.00000e-38
9.77000e+00  1.00000e-38  1.00000e-38  1.00000e-38  1.00000e-38  1.00000e-38
9.96000e+00  1.00000e-38  1.00000e-38  1.00000e-38  1.00000e-38  1.00000e-38
1.02000e+01  1.00000e-38  1.00000e-38  1.00000e-38  1.00000e-38  1.00000e-38
1.03800e+01  1.00000e-38  1.00000e-38  1.00000e-38  1.00000e-38  1.00000e-38
1.05600e+01  1.00000e-38  1.00000e-38  1.00000e-38  1.00000e-38  1.00000e-38
1.07700e+01  1.00000e-38  1.00000e-38  1.00000e-38  1.00000e-38  1.00000e-38
1.10400e+01  1.00000e-38  1.00000e-38  1.00000e-38  1.00000e-38  1.00000e-38
1.14000e+01  1.00000e-38  1.00000e-38  1.00000e-38  1.00000e-38  1.00000e-38
1.17800e+01  1.00000e-38  1.00000e-38  1.00000e-38  1.00000e-38  1.00000e-38
1.21300e+01  1.00000e-38  1.00000e-38  1.00000e-38  1.00000e-38  1.00000e-38
1.24800e+01  1.00000e-38  1.00000e-38  1.00000e-38  1.00000e-38  1.00000e-38
1.27100e+01  1.00000e-38  1.00000e-38  1.00000e-38  1.00000e-38  1.00000e-38
1.28400e+01  1.00000e-38  1.00000e-38  1.00000e-38  1.00000e-38  1.00000e-38
1.30500e+01  1.00000e-38  1.00000e-38  1.00000e-38  1.00000e-38  1.00000e-38
1.32400e+01  1.00000e-38  1.00000e-38  1.00000e-38  1.00000e-38  1.00000e-38
1.33900e+01  1.00000e-38  1.00000e-38  1.00000e-38  1.00000e-38  1.00000e-38
1.36600e+01  1.00000e-38  1.00000e-38  1.00000e-38  1.00000e-38  1.00000e-38
1.39800e+01  1.00000e-38  1.00000e-38  1.00000e-38  1.00000e-38  1.00000e-38
1.43300e+01  1.00000e-38  1.00000e-38  1.00000e-38  1.00000e-38  1.00000e-38
1.47200e+01  1.00000e-38  1.00000e-38  1.00000e-38  1.00000e-38  1.00000e-38
1.51000e+01  1.00000e-38  1.00000e-38  1.00000e-38  1.00000e-38  1.00000e-38
1.55200e+01  1.00000e-38  1.00000e-38  1.00000e-38  1.00000e-38  1.00000e-38
1.58800e+01  1.00000e-38  1.00000e-38  1.00000e-38  1.00000e-38  1.00000e-38
1.62000e+01  1.00000e-38  1.00000e-38  1.00000e-38  1.00000e-38  1.00000e-38
1.66000e+01  1.00000e-38  1.00000e-38  1.00000e-38  1.00000e-38  1.00000e-38
1.70300e+01  1.00000e-38  1.00000e-38  1.00000e-38  1.00000e-38  1.00000e-38
1.73400e+01  1.00000e-38  1.00000e-38  1.00000e-38  1.00000e-38  1.00000e-38
1.76800e+01  1.00000e-38  1.00000e-38  1.00000e-38  1.00000e-38  1.00000e-38
1.80200e+01  1.00000e-38  1.00000e-38  1.00000e-38  1.00000e-38  1.00000e-38
1.81700e+01  1.00000e-38  1.00000e-38  1.00000e-38  1.00000e-38  1.00000e-38
1.86100e+01  1.00000e-38  1.00000e-38  1.00000e-38  1.00000e-38  1.00000e-38
1.91000e+01  1.00000e-38  1.00000e-38  1.00000e-38  1.00000e-38  1.00000e-38
1.93900e+01  1.00000e-38  1.00000e-38  1.00000e-38  1.00000e-38  1.00000e-38
1.98400e+01  1.00000e-38  1.00000e-38  1.00000e-38  1.00000e-38  1.00000e-38
2.01800e+01  1.00000e-38  1.00000e-38  1.00000e-38  1.00000e-38  1.00000e-38
2.05000e+01  1.00000e-38  1.00000e-38  1.00000e-38  1.00000e-38  1.00000e-38
2.10500e+01  1.00000e-38  1.00000e-38  1.00000e-38  1.00000e-38  1.00000e-38
2.16200e+01  1.00000e-38  1.00000e-38  1.00000e-38  1.00000e-38  1.00000e-38
2.19800e+01  1.00000e-38  1.00000e-38  1.00000e-38  1.00000e-38  1.00000e-38
2.23000e+01  1.00000e-38  1.00000e-38  1.00000e-38  1.00000e-38  1.00000e-38
2.26800e+01  1.00000e-38  1.00000e-38  1.00000e-38  1.00000e-38  1.00000e-38
2.30000e+01  1.00000e-38  1.00000e-38  1.00000e-38  1.00000e-38  1.00000e-38
2.34000e+01  1.00000e-38  1.00000e-38  1.00000e-38  1.00000e-38  1.00000e-38
2.40000e+01  1.00000e-38  1.00000e-38  1.00000e-38  1.00000e-38  1.00000e-38
2.46500e+01  1.00003e-38  1.00000e-38  1.00000e-38  1.00000e-38  1.00000e-38
2.52400e+01  1.00029e-38  1.00001e-38  1.00001e-38  1.00000e-38  1.00001e-38
2.56800e+01  1.00127e-38  1.00004e-38  1.00007e-38  1.00004e-38  1.00005e-38
2.60000e+01  1.00360e-38  1.00013e-38  1.00022e-38  1.00012e-38  1.00016e-38
2.64000e+01  1.01277e-38  1.00058e-38  1.00093e-38  1.00051e-38  1.00065e-38
2.68500e+01  1.05033e-38  1.00276e-38  1.00436e-38  1.00241e-38  1.00294e-38
2.73500e+01  1.21708e-38  1.01378e-38  1.02147e-38  1.01209e-38  1.01425e-38
2.78500e+01  1.88401e-38  1.06217e-38  1.09643e-38  1.05478e-38  1.06289e-38
2.84000e+01  4.90274e-38  1.29954e-38  1.46386e-38  1.26448e-38  1.29603e-38
2.90000e+01  1.94906e-37  2.54417e-38  3.38167e-38  2.35892e-38  2.48412e-38
2.96000e+01  8.33420e-37  8.43739e-38  1.24161e-37  7.51124e-38  7.95080e-38
3.01000e+01  2.74410e-36  2.73203e-37  4.11829e-37  2.39031e-37  2.50690e-37
3.08000e+01  1.37803e-35  1.45659e-36  2.19666e-36  1.25656e-36  1.29460e-36
3.18000e+01  1.23043e-34  1.45773e-35  2.16845e-35  1.23858e-35  1.24634e-35
3.28000e+01  9.66519e-34  1.28058e-34  1.87364e-34  1.07267e-34  1.05961e-34
3.38000e+01  6.75247e-33  9.93489e-34  1.42966e-33  8.21380e-34  7.99200e-34
3.48000e+01  4.23736e-32  6.87242e-33  9.73225e-33  5.61510e-33  5.39992e-33
3.57000e+01  2.03425e-31  3.57790e-32  4.99813e-32  2.89539e-32  2.76067e-32
3.66000e+01  9.07208e-31  1.72025e-31  2.37210e-31  1.38062e-31  1.30703e-31
3.75000e+01  3.77725e-30  7.68006e-31  1.04634e-30  6.11831e-31  5.75780e-31
3.85000e+01  1.71009e-29  3.73411e-30  5.02469e-30  2.95403e-30  2.76419e-30
3.95000e+01  7.19734e-29  1.67778e-29  2.23172e-29  1.31932e-29  1.22864e-29
4.05000e+01  2.83025e-28  7.00508e-29  9.22091e-29  5.48101e-29  5.08355e-29
4.14000e+01  9.19366e-28  2.39147e-28  3.12015e-28  1.86426e-28  1.72365e-28
4.22000e+01  2.51646e-27  6.81968e-28  8.83335e-28  5.30159e-28  4.88927e-28
4.30000e+01  6.64480e-27  1.87102e-27  2.40718e-27  1.45123e-27  1.33539e-27
4.41000e+01  2.38935e-26  7.06337e-27  9.00689e-27  5.46498e-27  5.01537e-27
4.51000e+01  7.26014e-26  2.23492e-26  2.82955e-26  1.72637e-26  1.58076e-26
4.60000e+01  1.89687e-25  6.03952e-26  7.60132e-26  4.66042e-26  4.26002e-26
4.70000e+01  5.28907e-25  1.74356e-25  2.18104e-25  1.34446e-25  1.22705e-25
4.80000e+01  1.41506e-24  4.81711e-25  5.99193e-25  3.71417e-25  3.38467e-25
4.90000e+01  3.64138e-24  1.27702e-24  1.58024e-24  9.84751e-25  8.96420e-25
5.00000e+01  9.03202e-24  3.25663e-24  4.01037e-24  2.51224e-24  2.28439e-24
5.06000e+01  1.53202e-23  5.59875e-24  6.86646e-24  4.37989e-24  4.05840e-24
5.12000e+01  2.56726e-23  9.51461e-24  1.16326e-23  7.48285e-24  6.97435e-24
5.20000e+01  5.01829e-23  1.89589e-23  2.31077e-23  1.49035e-23  1.38553e-23
5.30000e+01  1.12810e-22  4.35899e-23  5.29246e-23  3.42689e-23  3.17860e-23
5.40000e+01  2.46257e-22  9.71960e-23  1.17622e-22  7.63852e-23  7.06465e-23
5.50000e+01  5.22821e-22  2.10486e-22  2.53902e-22  1.65497e-22  1.52791e-22
5.60000e+01  1.08106e-21  4.43460e-22  5.33334e-22  3.48891e-22  3.21470e-22
5.70000e+01  2.18010e-21  9.10199e-22  1.09161e-21  7.16586e-22  6.59159e-22
5.80000e+01  4.29301e-21  1.82253e-21  2.18005e-21  1.43571e-21  1.31825e-21
5.90000e+01  8.26417e-21  3.56385e-21  4.25227e-21  2.81139e-21  2.57877e-21
6.00000e+01  1.55700e-20  6.81550e-21  8.11265e-21  5.38240e-21  4.93182e-21
6.10000e+01  2.87376e-20  1.27586e-20  1.51540e-20  1.00893e-20  9.23687e-21
6.20000e+01  5.20143e-20  2.34058e-20  2.77426e-20  1.85353e-20  1.69554e-20
6.30000e+01  9.24032e-20  4.21154e-20  4.98201e-20  3.34030e-20  3.05361e-20
6.40000e+01  1.61255e-19  7.43983e-20  8.78445e-20  5.91036e-20  5.39977e-20
6.50000e+01  2.76659e-19  1.29140e-19  1.52204e-19  1.02766e-19  9.38472e-20
6.58000e+01  4.21102e-19  1.98327e-19  2.33430e-19  1.58050e-19  1.44278e-19
6.65000e+01  6.03175e-19  2.86251e-19  3.36512e-19  2.28376e-19  2.08467e-19
6.75000e+01  9.94920e-19  4.77113e-19  5.59949e-19  3.81345e-19  3.47977e-19
6.85000e+01  1.61735e-18  7.83406e-19  9.17994e-19  6.27266e-19  5.72401e-19
6.95000e+01  2.59274e-18  1.26796e-18  1.48365e-18  1.01713e-18  9.28213e-19
7.05000e+01  4.10114e-18  2.02435e-18  2.36534e-18  1.62697e-18  1.48475e-18
7.16000e+01  6.69178e-18  3.33550e-18  3.89115e-18  2.68674e-18  2.45229e-18
7.26000e+01  1.03098e-17  5.18328e-18  6.03881e-18  4.18313e-18  3.81864e-18
7.35000e+01  1.50597e-17  7.62771e-18  8.87654e-18  6.16684e-18  5.63085e-18
7.45000e+01  2.26981e-17  1.15891e-17  1.34695e-17  9.38827e-18  8.57380e-18
7.55000e+01  3.38397e-17  1.74123e-17  2.02097e-17  1.41329e-17  1.29095e-17
7.65000e+01  4.99243e-17  2.58818e-17  3.00044e-17  2.10503e-17  1.92313e-17
7.75000e+01  7.29150e-17  3.80777e-17  4.40943e-17  3.10329e-17  2.83569e-17
7.85000e+01  1.05466e-16  5.54644e-17  6.41640e-17  4.52931e-17  4.13982e-17
7.95000e+01  1.51128e-16  8.00267e-17  9.24770e-17  6.54723e-17  5.98611e-17
8.05000e+01  2.14617e-16  1.14389e-16  1.32053e-16  9.37840e-17  8.57828e-17
8.15000e+01  3.02146e-16  1.62085e-16  1.86949e-16  1.33134e-16  1.21830e-16
8.25000e+01  4.21837e-16  2.27721e-16  2.62395e-16  1.87419e-16  1.71564e-16
8.35000e+01  5.84203e-16  3.17317e-16  3.65179e-16  2.61626e-16  2.39594e-16
8.45000e+01  8.02793e-16  4.38658e-16  5.04366e-16  3.62348e-16  3.31935e-16
8.55000e+01  1.09491e-15  6.01750e-16  6.91232e-16  4.98013e-16  4.56369e-16
8.65000e+01  1.48253e-15  8.19347e-16  9.40350e-16  6.79459e-16  6.22813e-16
8.75000e+01  1.99336e-15  1.10769e-15  1.27022e-15  9.20408e-16  8.44234e-16
8.85000e+01  2.66207e-15  1.48713e-15  1.70395e-15  1.23800e-15  1.13639e-15
8.95000e+01  3.53196e-15  1.98339e-15  2.27080e-15  1.65436e-15  1.51899e-15
9.05000e+01  4.65649e-15  2.62831e-15  3.00645e-15  2.19630e-15  2.01705e-15
9.15000e+01  1.81611e-14  8.80613e-15  9.66853e-15  9.72122e-15  1.05136e-14
9.25000e+01  1.99986e-14  8.26412e-15  8.16870e-15  7.73838e-15  7.16903e-15
9.35000e+01  1.79924e-14  7.60680e-15  7.44022e-15  7.01842e-15  6.60881e-15
9.45000e+01  1.72458e-14  7.76018e-15  7.63383e-15  7.30344e-15  6.95024e-15
9.55000e+01  2.04123e-14  9.05467e-15  8.83373e-15  8.45538e-15  7.88668e-15
9.65000e+01  2.56292e-14  1.17622e-14  1.15868e-14  1.11828e-14  1.04900e-14
9.75000e+01  3.81455e-14  1.71417e-14  1.66920e-14  1.58694e-14  1.48091e-14
9.85000e+01  4.13671e-14  1.94238e-14  1.92034e-14  1.86124e-14  1.74393e-14
9.95000e+01  5.51914e-14  2.62740e-14  2.60813e-14  2.54012e-14  2.40244e-14
1.00500e+02  6.24967e-14  2.96490e-14  2.93032e-14  2.82863e-14  2.62895e-14
1.01500e+02  7.76333e-14  3.68855e-14  3.63879e-14  3.50776e-14  3.23845e-14
1.02500e+02  1.04061e-13  4.92820e-14  4.84179e-14  4.62685e-14  4.29478e-14
1.03500e+02  1.37086e-13  6.71705e-14  6.68958e-14  6.54825e-14  6.17955e-14
1.04500e+02  1.64666e-13  8.17170e-14  8.14497e-14  7.94258e-14  7.43800e-14
1.05500e+02  1.79777e-13  8.87219e-14  8.79360e-14  8.54233e-14  7.98833e-14
1.06500e+02  2.52974e-13  1.27246e-13  1.27347e-13  1.25325e-13  1.19072e-13
1.07500e+02  2.89075e-13  1.46764e-13  1.46429e-13  1.43150e-13  1.35051e-13
1.08500e+02  3.72262e-13  1.91577e-13  1.91855e-13  1.88827e-13  1.79452e-13
1.09500e+02  4.25601e-13  2.19467e-13  2.19380e-13  2.15243e-13  2.04571e-13
1.10500e+02  3.32757e-13  1.86492e-13  1.74128e-13  1.54193e-13  1.23820e-13
1.11500e+02  2.36455e-13  1.43345e-13  1.24165e-13  9.46264e-14  5.68386e-14
1.12500e+02  3.18004e-13  2.05721e-13  1.83617e-13  1.47000e-13  9.95296e-14
1.13500e+02  3.72743e-13  2.54988e-13  2.26725e-13  1.78183e-13  1.11688e-13
1.14500e+02  4.52302e-13  3.15784e-13  2.81082e-13  2.20568e-13  1.35910e-13
1.15500e+02  5.84248e-13  4.04639e-13  3.62444e-13  2.89380e-13  1.92035e-13
1.16500e+02  5.91789e-13  4.09352e-13  3.54770e-13  2.63387e-13  1.42334e-13
1.17500e+02  7.50457e-13  5.29047e-13  4.56905e-13  3.38436e-13  1.83182e-13
1.18500e+02  1.15894e-12  7.64964e-13  6.82172e-13  5.46463e-13  3.66815e-13
1.19500e+02  2.22172e-12  1.31680e-12  1.27756e-12  1.20106e-12  1.09319e-12
1.20500e+02  3.57655e-12  1.90224e-12  1.88542e-12  1.81844e-12  1.67066e-12
1.21500e+02  4.82657e-12  2.94579e-12  3.02934e-12  3.02341e-12  3.19140e-12
1.22500e+02  5.24602e-12  2.77319e-12  2.74882e-12  2.65519e-12  2.45112e-12
1.23500e+02  3.94921e-12  2.34514e-12  2.22723e-12  2.04192e-12  1.75375e-12
1.24500e+02  2.35371e-12  1.66914e-12  1.38976e-12  9.75362e-13  4.76191e-13
1.25500e+02  2.41928e-12  1.79162e-12  1.46657e-12  9.71495e-13  3.81442e-13
1.26500e+02  3.57519e-12  2.57075e-12  2.25589e-12  1.73570e-12  1.10127e-12
1.27500e+02  3.51421e-12  2.57623e-12  2.21752e-12  1.63352e-12  9.39361e-13
1.28500e+02  3.12110e-12  2.36453e-12  1.96442e-12  1.33373e-12  6.11764e-13
1.29500e+02  3.06707e-12  2.36079e-12  1.88995e-12  1.17402e-12  3.69145e-13
1.30500e+02  4.36509e-12  3.29588e-12  2.79773e-12  1.97185e-12  1.02624e-12
1.31500e+02  4.32260e-12  3.30865e-12  2.69641e-12  1.73738e-12  6.52566e-13
1.32500e+02  4.78835e-12  3.60739e-12  2.93980e-12  1.90573e-12  8.00283e-13
1.33500e+02  5.03093e-12  4.02414e-12  3.38175e-12  2.35646e-12  1.37747e-12
1.34500e+02  5.08583e-12  3.93344e-12  3.07641e-12  1.78231e-12  4.70491e-13
1.35500e+02  6.86127e-12  5.22093e-12  4.20482e-12  2.67005e-12  1.04843e-12
1.36500e+02  6.76011e-12  5.13161e-12  4.02636e-12  2.36790e-12  7.12979e-13
1.37500e+02  7.40847e-12  5.59826e-12  4.34807e-12  2.51163e-12  7.11348e-13
1.38500e+02  7.91502e-12  5.92868e-12  4.56157e-12  2.58267e-12  6.91696e-13
1.39500e+02  8.53238e-12  6.31795e-12  4.83084e-12  2.69898e-12  7.02331e-13
1.40500e+02  1.03763e-11  7.75975e-12  5.97067e-12  3.40022e-12  9.43947e-13
1.41500e+02  1.13791e-11  8.50595e-12  6.58451e-12  3.79390e-12  1.11826e-12
1.42500e+02  1.24778e-11  9.29684e-12  7.15024e-12  4.08951e-12  1.18074e-12
1.43500e+02  1.53528e-11  1.13454e-11  8.82269e-12  5.20118e-12  1.71920e-12
1.44200e+02  1.59711e-11  1.23187e-11  9.59194e-12  5.55680e-12  1.52448e-12
1.44700e+02  1.54145e-11  1.14884e-11  8.80292e-12  4.97347e-12  1.34854e-12
1.45500e+02  1.67235e-11  1.26505e-11  9.70917e-12  5.47336e-12  1.43285e-12
1.46500e+02  2.17903e-11  1.63921e-11  1.28362e-11  7.66875e-12  2.65198e-12
1.47500e+02  2.05316e-11  1.51778e-11  1.15383e-11  6.43778e-12  1.76093e-12
1.48500e+02  2.32391e-11  1.72866e-11  1.32559e-11  7.54144e-12  2.18668e-12
1.49500e+02  2.84145e-11  2.18644e-11  1.69161e-11  9.68369e-12  2.66599e-12
1.50500e+02  3.13765e-11  2.46753e-11  1.91480e-11  1.09750e-11  2.86695e-12
1.51200e+02  2.70690e-11  1.99066e-11  1.50007e-11  8.19122e-12  2.03855e-12
1.51700e+02  3.32584e-11  2.57400e-11  1.98037e-11  1.12206e-11  2.83703e-12
1.52500e+02  4.25626e-11  3.44069e-11  2.76188e-11  1.71573e-11  5.08531e-12
1.53500e+02  6.97816e-11  6.00756e-11  5.23112e-11  3.96250e-11  1.92367e-11
1.54500e+02  6.01924e-11  5.07081e-11  4.28772e-11  3.10805e-11  1.43144e-11
1.55500e+02  8.52221e-11  7.34273e-11  6.44535e-11  5.01086e-11  2.68080e-11
1.56500e+02  1.02690e-10  8.45432e-11  7.50855e-11  5.96698e-11  3.54548e-11
1.57500e+02  1.25802e-10  1.11138e-10  1.00413e-10  8.25857e-11  5.13080e-11
1.58500e+02  1.40314e-10  1.25808e-10  1.13815e-10  9.38081e-11  5.77952e-11
1.59500e+02  1.46513e-10  1.33000e-10  1.20427e-10  9.96196e-11  6.21669e-11
1.60500e+02  1.68073e-10  1.51537e-10  1.37316e-10  1.13564e-10  7.01322e-11
1.61500e+02  1.88607e-10  1.69336e-10  1.52774e-10  1.25316e-10  7.57011e-11
1.62500e+02  2.04378e-10  1.79680e-10  1.60483e-10  1.29650e-10  7.67777e-11
1.63500e+02  2.35496e-10  2.07195e-10  1.85031e-10  1.49501e-10  8.87967e-11
1.64500e+02  2.84541e-10  2.52170e-10  2.25663e-10  1.84223e-10  1.12125e-10
1.65500e+02  2.88055e-10  2.39829e-10  2.15894e-10  1.77812e-10  1.16779e-10
1.66500e+02  3.03039e-10  2.65716e-10  2.30637e-10  1.80230e-10  1.00881e-10
1.67200e+02  2.94907e-10  2.52768e-10  2.19385e-10  1.70250e-10  9.57732e-11
1.67700e+02  3.43790e-10  2.97155e-10  2.56545e-10  1.99569e-10  1.11664e-10
1.68500e+02  4.48527e-10  3.89222e-10  3.34023e-10  2.61184e-10  1.50255e-10
1.69500e+02  5.92369e-10  5.07542e-10  4.31333e-10  3.37384e-10  2.00818e-10
1.70500e+02  8.17494e-10  6.42846e-10  5.14019e-10  3.82231e-10  2.18650e-10
1.71500e+02  1.37959e-09  8.26635e-10  5.43087e-10  3.60656e-10  1.88717e-10
1.72500e+02  3.21238e-09  1.60869e-09  8.37830e-10  4.83346e-10  2.49415e-10
1.73500e+02  6.90501e-09  3.22011e-09  1.34698e-09  5.77181e-10  2.57509e-10
1.74500e+02  1.22055e-08  5.75643e-09  2.30117e-09  8.49180e-10  3.59598e-10
1.75500e+02  2.51629e-08  1.21154e-08  4.63690e-09  1.33061e-09  4.24340e-10
1.76500e+02  1.71662e-08  8.46168e-09  3.45424e-09  1.16565e-09  4.36233e-10
1.77500e+02  2.74492e-08  1.37994e-08  5.53355e-09  1.57734e-09  4.39767e-10
1.78500e+02  4.66120e-08  2.38263e-08  9.63010e-09  2.60547e-09  6.45860e-10
1.79500e+02  6.26188e-08  3.29168e-08  1.35925e-08  3.49792e-09  6.45906e-10
1.80500e+02  5.77523e-08  3.02840e-08  1.26444e-08  3.51062e-09  8.25836e-10
1.81500e+02  4.89344e-08  2.53783e-08  1.04852e-08  2.95784e-09  7.46680e-10
1.82500e+02  5.49962e-08  2.89827e-08  1.22643e-08  3.59856e-09  9.52457e-10
1.83500e+02  6.74768e-08  3.59981e-08  1.53972e-08  4.42237e-09  1.02129e-09
1.84500e+02  2.08020e-08  1.08458e-08  4.90292e-09  1.98437e-09  8.45293e-10
1.85500e+02  6.47664e-08  3.53058e-08  1.55617e-08  4.66738e-09  1.10771e-09
1.86500e+02  1.04204e-07  5.77300e-08  2.56419e-08  7.32558e-09  1.38588e-09
1.87500e+02  1.06404e-07  5.91419e-08  2.64338e-08  7.68412e-09  1.49233e-09
1.88500e+02  1.16378e-07  6.52641e-08  2.95034e-08  8.68598e-09  1.66650e-09
1.89500e+02  1.46998e-07  8.28990e-08  3.76941e-08  1.11650e-08  2.14068e-09
1.90500e+02  1.30166e-07  7.33589e-08  3.34374e-08  1.01141e-08  2.11400e-09
1.91500e+02  1.61819e-07  9.15032e-08  4.17497e-08  1.24967e-08  2.51467e-09
1.92500e+02  1.34436e-07  7.44900e-08  3.33955e-08  1.02597e-08  2.49059e-09
1.93500e+02  4.19217e-08  2.28389e-08  1.07966e-08  4.50051e-09  1.96472e-09
1.94500e+02  1.79932e-07  1.02190e-07  4.69670e-08  1.44048e-08  3.03384e-09
1.95500e+02  1.97234e-07  1.12509e-07  5.19554e-08  1.59871e-08  3.37351e-09
1.96700e+02  2.60082e-07  1.50612e-07  7.06328e-08  2.18071e-08  4.21860e-09
1.97600e+02  2.23529e-07  1.28078e-07  5.95961e-08  1.87669e-08  4.17951e-09
1.98400e+02  2.13799e-07  1.22636e-07  5.73320e-08  1.84730e-08  4.41472e-09
1.99500e+02  2.54345e-07  1.48776e-07  7.09998e-08  2.28899e-08  4.84816e-09
2.00500e+02  2.32261e-07  1.36834e-07  6.62680e-08  2.21568e-08  5.02343e-09
2.01500e+02  2.83658e-07  1.69106e-07  8.29854e-08  2.79084e-08  6.04003e-09
2.02500e+02  1.69660e-07  9.96020e-08  4.85512e-08  1.70980e-08  4.59823e-09
2.03500e+02  3.28276e-07  1.98614e-07  9.91149e-08  3.36931e-08  6.85111e-09
2.04500e+02  3.94431e-07  2.41871e-07  1.22614e-07  4.21485e-08  8.09093e-09
2.05500e+02  3.76574e-07  2.29827e-07  1.16164e-07  4.04317e-08  8.48508e-09
2.06500e+02  3.68296e-07  2.25748e-07  1.14888e-07  4.05311e-08  8.63536e-09
2.07400e+02  4.07576e-07  2.46907e-07  1.22951e-07  4.15997e-08  8.50472e-09
2.07800e+02  5.47314e-07  3.44635e-07  1.80457e-07  6.42009e-08  1.14848e-08
2.08500e+02  5.23919e-07  3.32715e-07  1.77102e-07  6.54828e-08  1.25301e-08
2.09500e+02  6.24184e-07  4.17037e-07  2.40179e-07  1.01361e-07  2.14527e-08
2.10500e+02  7.24369e-07  5.00425e-07  3.02486e-07  1.37328e-07  3.09418e-08
2.11500e+02  9.23546e-07  6.47505e-07  3.98624e-07  1.85037e-07  4.19722e-08
2.12500e+02  7.72712e-07  5.36074e-07  3.25590e-07  1.49005e-07  3.43140e-08
2.13500e+02  8.00312e-07  5.59785e-07  3.44773e-07  1.62437e-07  4.03386e-08
2.14500e+02  1.02421e-06  7.27271e-07  4.55429e-07  2.17487e-07  5.19802e-08
2.15500e+02  9.98032e-07  7.10755e-07  4.46744e-07  2.14456e-07  5.16646e-08
2.16500e+02  8.44145e-07  5.93716e-07  3.67251e-07  1.73408e-07  4.24876e-08
2.17500e+02  8.92115e-07  6.30808e-07  3.92746e-07  1.86998e-07  4.60214e-08
2.18500e+02  1.13184e-06  8.15602e-07  5.20247e-07  2.55320e-07  6.35846e-08
2.19500e+02  1.20903e-06  8.67408e-07  5.49990e-07  2.68219e-07  6.71339e-08
2.20500e+02  1.13516e-06  8.14267e-07  5.16705e-07  2.53392e-07  6.50104e-08
2.21500e+02  8.88844e-07  6.26628e-07  3.89293e-07  1.86862e-07  4.88141e-08
2.22500e+02  1.15932e-06  8.36276e-07  5.35370e-07  2.67539e-07  7.21445e-08
2.23500e+02  1.49169e-06  1.09180e-06  7.12555e-07  3.65824e-07  1.01709e-07
2.24500e+02  1.42218e-06  1.04314e-06  6.83172e-07  3.53431e-07  1.00625e-07
2.25500e+02  1.09758e-06  7.88656e-07  5.03497e-07  2.53579e-07  7.27965e-08
2.26500e+02  9.53132e-07  6.79683e-07  4.28525e-07  2.11316e-07  5.88692e-08
2.27500e+02  1.02431e-06  7.35963e-07  4.69314e-07  2.35640e-07  6.74150e-08
2.28500e+02  1.36472e-06  1.00073e-06  6.55077e-07  3.40255e-07  9.97177e-08
2.29500e+02  1.13050e-06  8.21424e-07  5.32172e-07  2.74321e-07  8.24392e-08
2.30500e+02  1.36878e-06  1.00776e-06  6.62168e-07  3.44874e-07  9.98272e-08
2.31500e+02  1.31491e-06  9.55858e-07  6.18884e-07  3.18717e-07  9.57102e-08
2.32500e+02  1.22610e-06  8.87503e-07  5.71154e-07  2.92331e-07  8.89078e-08
2.33500e+02  1.00882e-06  7.17679e-07  4.53944e-07  2.32165e-07  7.89899e-08
2.34500e+02  6.43291e-07  4.48947e-07  2.79179e-07  1.43216e-07  5.39976e-08
2.35500e+02  1.36588e-06  9.92262e-07  6.41473e-07  3.31705e-07  1.03831e-07
2.36500e+02  7.16304e-07  5.01193e-07  3.12858e-07  1.61644e-07  6.18062e-08
2.37500e+02  1.03313e-06  7.34741e-07  4.63748e-07  2.36406e-07  7.98665e-08
2.38500e+02  4.79375e-07  3.31171e-07  2.07139e-07  1.12916e-07  5.34399e-08
2.39500e+02  7.28676e-07  5.07844e-07  3.15836e-07  1.64282e-07  6.63577e-08
2.40500e+02  7.33654e-07  5.11969e-07  3.19565e-07  1.68465e-07  7.17456e-08
2.41500e+02  9.05191e-07  6.52749e-07  4.22767e-07  2.27073e-07  8.53126e-08
2.42500e+02  1.68142e-06  1.25698e-06  8.45911e-07  4.66020e-07  1.60766e-07
2.43500e+02  1.61124e-06  1.20813e-06  8.17788e-07  4.56779e-07  1.64336e-07
2.44500e+02  1.90363e-06  1.44180e-06  9.88056e-07  5.60195e-07  2.03575e-07
2.45500e+02  1.96817e-06  1.49430e-06  1.02709e-06  5.84688e-07  2.13734e-07
2.46500e+02  1.79358e-06  1.34504e-06  9.08520e-07  5.03985e-07  1.77291e-07
2.47500e+02  1.54966e-06  1.15617e-06  7.76771e-07  4.29671e-07  1.54230e-07
2.48500e+02  6.57766e-07  4.62423e-07  2.88707e-07  1.46916e-07  5.21115e-08
2.49500e+02  1.09592e-06  8.10568e-07  5.39142e-07  2.95229e-07  1.05342e-07
2.50500e+02  1.64774e-06  1.22708e-06  8.20229e-07  4.48672e-07  1.56716e-07
2.51300e+02  7.78904e-07  5.45206e-07  3.40908e-07  1.79107e-07  7.31084e-08
2.51800e+02  2.54524e-07  1.76909e-07  1.17890e-07  7.61426e-08  4.55544e-08
2.52500e+02  4.24263e-07  2.95588e-07  1.88119e-07  1.06685e-07  5.30854e-08
2.53500e+02  8.39390e-07  6.09720e-07  4.03223e-07  2.31671e-07  1.06900e-07
2.54500e+02  9.68766e-07  7.20396e-07  4.90623e-07  2.90394e-07  1.32713e-07
2.55500e+02  1.71190e-06  1.33040e-06  9.52468e-07  5.89491e-07  2.63352e-07
2.56500e+02  1.52586e-06  1.16633e-06  8.18053e-07  4.95576e-07  2.21939e-07
2.57500e+02  2.02541e-06  1.56190e-06  1.10322e-06  6.68459e-07  2.90087e-07
2.58500e+02  1.87972e-06  1.43146e-06  9.95136e-07  5.92763e-07  2.58483e-07
2.59500e+02  1.69492e-06  1.27453e-06  8.73115e-07  5.14068e-07  2.28565e-07
2.60500e+02  1.38133e-06  1.02330e-06  6.90325e-07  4.03831e-07  1.89441e-07
2.61500e+02  1.23659e-06  9.20664e-07  6.26935e-07  3.73286e-07  1.81447e-07
2.62500e+02  1.78227e-06  1.33698e-06  9.12761e-07  5.36172e-07  2.42524e-07
2.63500e+02  2.67862e-06  2.10739e-06  1.52560e-06  9.54862e-07  4.33566e-07
2.64500e+02  3.58020e-06  2.84693e-06  2.08309e-06  1.31307e-06  5.83466e-07
2.65500e+02  4.28507e-06  3.45158e-06  2.56844e-06  1.65847e-06  7.64988e-07
2.66500e+02  3.38371e-06  2.68895e-06  1.96884e-06  1.24910e-06  5.72389e-07
2.67500e+02  3.73818e-06  2.97908e-06  2.18698e-06  1.38894e-06  6.30898e-07
2.68500e+02  4.16370e-06  3.34092e-06  2.47335e-06  1.58772e-06  7.30002e-07
2.69500e+02  3.27441e-06  2.59883e-06  1.89899e-06  1.20144e-06  5.48065e-07
2.70500e+02  3.76854e-06  3.01808e-06  2.22974e-06  1.43040e-06  6.63256e-07
2.71500e+02  2.78922e-06  2.19967e-06  1.59615e-06  1.00450e-06  4.62652e-07
2.72500e+02  2.46693e-06  1.90506e-06  1.34201e-06  8.09183e-07  3.53173e-07
2.73500e+02  2.91963e-06  2.28565e-06  1.64020e-06  1.01552e-06  4.57794e-07
2.74500e+02  1.77291e-06  1.35375e-06  9.51940e-07  5.92080e-07  3.01721e-07
2.75500e+02  2.46296e-06  1.92047e-06  1.37657e-06  8.60685e-07  4.11858e-07
2.76500e+02  3.29904e-06  2.59822e-06  1.88061e-06  1.18253e-06  5.54101e-07
2.77500e+02  3.38643e-06  2.65609e-06  1.90829e-06  1.18549e-06  5.46619e-07
2.78500e+02  1.87647e-06  1.40207e-06  9.63052e-07  5.91555e-07  3.11027e-07
2.79500e+02  3.71859e-07  3.06974e-07  2.53554e-07  2.08916e-07  1.68354e-07
2.80500e+02  5.80707e-07  4.54507e-07  3.47452e-07  2.61385e-07  1.92412e-07
2.81500e+02  3.11942e-06  2.38024e-06  1.65392e-06  9.93855e-07  4.61846e-07
2.82500e+02  4.16813e-06  3.29375e-06  2.38037e-06  1.47672e-06  6.56407e-07
2.83500e+02  3.76122e-06  2.94834e-06  2.10834e-06  1.28800e-06  5.58807e-07
2.84500e+02  2.09274e-06  1.57905e-06  1.08297e-06  6.38072e-07  2.86016e-07
2.85500e+02  5.77572e-07  4.43589e-07  3.22681e-07  2.18251e-07  1.27196e-07
2.86500e+02  3.29746e-06  2.55470e-06  1.79854e-06  1.07636e-06  4.58982e-07
2.87500e+02  4.43384e-06  3.56015e-06  2.62865e-06  1.67952e-06  7.70364e-07
2.88500e+02  4.13218e-06  3.31814e-06  2.45992e-06  1.59568e-06  7.71018e-07
2.89500e+02  4.88811e-06  3.97817e-06  2.99971e-06  1.98970e-06  9.88353e-07
2.91000e+02  5.79892e-06  4.76595e-06  3.63609e-06  2.44621e-06  1.23010e-06
2.93000e+02  5.47583e-06  4.48995e-06  3.41960e-06  2.30280e-06  1.17302e-06
2.95000e+02  5.30489e-06  4.34392e-06  3.30023e-06  2.21203e-06  1.11454e-06
2.97000e+02  5.45336e-06  4.46333e-06  3.38636e-06  2.26260e-06  1.13028e-06
2.99000e+02  5.50403e-06  4.51504e-06  3.43681e-06  2.30989e-06  1.16887e-06
3.01000e+02  5.55369e-06  4.55577e-06  3.46392e-06  2.31866e-06  1.15610e-06
3.03000e+02  5.76536e-06  4.75730e-06  3.64774e-06  2.47547e-06  1.26719e-06
3.05000e+02  6.17988e-06  5.10930e-06  3.92790e-06  2.67637e-06  1.38004e-06
3.07000e+02  6.19131e-06  5.12588e-06  3.95317e-06  2.71558e-06  1.43607e-06
3.09000e+02  5.94145e-06  4.89619e-06  3.75320e-06  2.55926e-06  1.34637e-06
3.11000e+02  6.36750e-06  5.29407e-06  4.10915e-06  2.85580e-06  1.55107e-06
3.13000e+02  6.39138e-06  5.28709e-06  4.07476e-06  2.80335e-06  1.50385e-06
3.15000e+02  6.07998e-06  5.02119e-06  3.86880e-06  2.67181e-06  1.45791e-06
3.17000e+02  6.70581e-06  5.56228e-06  4.30893e-06  2.99791e-06  1.65411e-06
3.19000e+02  6.33702e-06  5.25182e-06  4.06525e-06  2.82768e-06  1.56422e-06
3.21000e+02  7.00904e-06  5.83796e-06  4.54214e-06  3.17259e-06  1.75024e-06
3.23000e+02  6.57577e-06  5.46412e-06  4.23984e-06  2.95446e-06  1.63450e-06
3.25000e+02  7.83559e-06  6.60008e-06  5.21202e-06  3.71812e-06  2.11583e-06
3.27000e+02  8.89954e-06  7.54346e-06  6.00100e-06  4.31981e-06  2.48507e-06
3.29000e+02  8.85946e-06  7.50154e-06  5.96242e-06  4.29239e-06  2.47986e-06
3.31000e+02  8.68446e-06  7.31472e-06  5.77205e-06  4.11250e-06  2.33957e-06
3.33000e+02  8.63003e-06  7.28493e-06  5.76724e-06  4.13038e-06  2.37134e-06
3.35000e+02  8.59027e-06  7.24201e-06  5.72276e-06  4.08594e-06  2.33183e-06
3.37000e+02  6.80288e-06  5.64677e-06  4.38271e-06  3.06653e-06  1.72264e-06
3.39000e+02  8.16816e-06  6.84627e-06  5.36853e-06  3.79281e-06  2.13407e-06
3.41000e+02  8.38172e-06  7.06483e-06  5.58065e-06  3.98114e-06  2.26678e-06
3.43000e+02  9.15196e-06  7.75649e-06  6.17267e-06  4.45284e-06  2.58230e-06
3.45000e+02  8.87013e-06  7.52716e-06  6.00127e-06  4.33985e-06  2.52117e-06
3.47000e+02  9.38595e-06  7.99176e-06  6.40034e-06  4.65874e-06  2.73406e-06
3.49000e+02  9.98579e-06  8.54298e-06  6.88609e-06  5.06216e-06  3.02453e-06
3.51000e+02  1.03759e-05  8.90994e-06  7.21730e-06  5.34324e-06  3.22863e-06
3.53000e+02  9.89377e-06  8.49098e-06  6.87654e-06  5.09227e-06  3.08019e-06
3.55000e+02  1.12021e-05  9.66974e-06  7.88572e-06  5.89253e-06  3.60932e-06
3.57000e+02  9.55209e-06  8.16930e-06  6.58669e-06  4.84715e-06  2.90237e-06
3.59000e+02  9.48453e-06  8.11868e-06  6.55628e-06  4.83926e-06  2.91737e-06
3.61000e+02  1.02034e-05  8.78246e-06  7.14729e-06  5.33934e-06  3.29289e-06
3.63000e+02  1.04489e-05  8.99245e-06  7.31889e-06  5.47190e-06  3.38681e-06
3.64000e+02  1.08469e-05  9.35199e-06  7.62822e-06  5.72068e-06  3.56229e-06
3.65000e+02  1.14577e-05  9.89125e-06  8.07582e-06  6.05803e-06  3.76309e-06
3.67000e+02  1.19156e-05  1.03195e-05  8.46399e-06  6.39390e-06  4.02292e-06
3.69000e+02  1.15493e-05  9.98890e-06  8.18422e-06  6.17987e-06  3.89265e-06
3.71000e+02  1.19087e-05  1.03372e-05  8.51197e-06  6.46417e-06  4.08183e-06
3.73000e+02  9.63608e-06  8.28140e-06  6.72821e-06  5.00080e-06  3.03769e-06
3.75000e+02  1.08532e-05  9.39231e-06  7.66344e-06  5.70826e-06  3.47441e-06
3.77000e+02  1.26743e-05  1.11080e-05  9.18723e-06  6.96169e-06  4.34841e-06
3.79000e+02  1.36398e-05  1.19049e-05  9.77173e-06  7.32521e-06  4.50978e-06
3.81000e+02  1.43792e-05  1.24274e-05  1.00951e-05  7.46962e-06  4.51032e-06
3.83000e+02  1.03327e-05  8.84362e-06  7.10578e-06  5.19807e-06  3.12140e-06
3.85000e+02  1.41828e-05  1.20806e-05  9.65757e-06  6.99696e-06  4.09054e-06
3.87000e+02  1.40231e-05  1.18224e-05  9.36993e-06  6.72996e-06  3.90354e-06
3.89000e+02  1.26587e-05  1.10889e-05  9.11631e-06  6.83217e-06  4.20105e-06
3.91000e+02  1.54224e-05  1.31020e-05  1.05287e-05  7.76118e-06  4.78084e-06
3.93000e+02  9.58845e-06  7.97854e-06  6.32187e-06  4.65366e-06  2.98251e-06
3.95000e+02  1.56039e-05  1.32292e-05  1.06103e-05  7.81352e-06  4.83469e-06
3.97000e+02  1.05314e-05  9.13807e-06  7.47806e-06  5.65007e-06  3.67019e-06
3.99000e+02  1.80077e-05  1.55025e-05  1.26506e-05  9.51175e-06  6.01675e-06
4.01000e+02  1.92773e-05  1.64780e-05  1.34284e-05  1.01172e-05  6.44252e-06
4.03000e+02  1.92287e-05  1.64032e-05  1.33412e-05  1.00190e-05  6.33342e-06
4.05000e+02  1.90608e-05  1.62673e-05  1.32420e-05  9.96664e-06  6.33953e-06
4.07000e+02  1.86960e-05  1.60045e-05  1.30485e-05  9.83351e-06  6.26434e-06
4.09000e+02  1.91906e-05  1.68485e-05  1.40130e-05  1.07710e-05  7.00032e-06
4.11000e+02  1.76870e-05  1.57888e-05  1.33728e-05  1.04960e-05  6.97195e-06
4.13000e+02  2.01848e-05  1.74164e-05  1.43132e-05  1.08885e-05  7.00877e-06
4.15000e+02  2.03560e-05  1.74671e-05  1.43043e-05  1.08412e-05  6.93575e-06
4.17000e+02  2.08906e-05  1.79353e-05  1.47168e-05  1.11985e-05  7.22697e-06
4.19000e+02  2.02975e-05  1.73975e-05  1.42513e-05  1.08292e-05  6.99876e-06
4.21000e+02  2.02863e-05  1.73959e-05  1.42636e-05  1.08609e-05  7.05288e-06
4.23000e+02  1.95711e-05  1.67786e-05  1.37624e-05  1.05012e-05  6.87137e-06
4.25000e+02  1.99716e-05  1.70934e-05  1.39833e-05  1.06281e-05  6.92421e-06
4.27000e+02  1.93612e-05  1.65263e-05  1.34724e-05  1.02017e-05  6.63865e-06
4.29000e+02  1.80449e-05  1.53622e-05  1.24949e-05  9.46132e-06  6.19957e-06
4.31000e+02  1.52327e-05  1.29104e-05  1.04609e-05  7.93837e-06  5.32281e-06
4.33000e+02  1.97720e-05  1.74472e-05  1.46167e-05  1.13748e-05  7.60220e-06
4.35000e+02  1.88388e-05  1.67660e-05  1.41801e-05  1.11495e-05  7.53543e-06
4.37000e+02  2.14472e-05  1.85685e-05  1.53374e-05  1.17908e-05  7.81471e-06
4.39000e+02  2.08941e-05  1.79690e-05  1.47737e-05  1.13144e-05  7.48732e-06
4.41000e+02  2.21186e-05  1.91257e-05  1.58402e-05  1.22380e-05  8.15738e-06
4.43000e+02  2.33884e-05  2.03378e-05  1.69720e-05  1.32482e-05  8.95051e-06
4.45000e+02  2.33156e-05  2.02742e-05  1.69254e-05  1.32271e-05  8.96640e-06
4.47000e+02  2.38700e-05  2.08090e-05  1.74298e-05  1.36838e-05  9.33934e-06
4.49000e+02  2.44090e-05  2.13017e-05  1.78676e-05  1.40574e-05  9.62931e-06
4.51000e+02  2.53785e-05  2.22009e-05  1.86780e-05  1.47548e-05  1.01720e-05
4.53000e+02  2.43678e-05  2.12910e-05  1.78889e-05  1.41122e-05  9.71419e-06
4.55000e+02  2.49843e-05  2.18656e-05  1.84115e-05  1.45704e-05  1.00861e-05
4.57000e+02  2.58208e-05  2.26344e-05  1.90930e-05  1.51394e-05  1.04989e-05
4.59000e+02  2.54765e-05  2.23239e-05  1.88255e-05  1.49295e-05  1.03693e-05
4.61000e+02  2.58080e-05  2.26443e-05  1.91266e-05  1.52009e-05  1.05908e-05
4.63000e+02  2.60065e-05  2.28333e-05  1.93047e-05  1.53674e-05  1.07415e-05
4.65000e+02  2.60953e-05  2.29294e-05  1.94028e-05  1.54607e-05  1.08166e-05
4.67000e+02  2.67150e-05  2.34969e-05  1.99069e-05  1.58887e-05  1.11472e-05
4.69000e+02  2.67143e-05  2.35139e-05  1.99392e-05  1.59339e-05  1.11971e-05
4.71000e+02  2.64024e-05  2.32631e-05  1.97529e-05  1.58179e-05  1.11590e-05
4.73000e+02  2.69933e-05  2.37903e-05  2.02068e-05  1.61866e-05  1.14214e-05
4.75000e+02  2.71871e-05  2.39815e-05  2.03892e-05  1.63544e-05  1.15634e-05
4.77000e+02  2.72927e-05  2.40859e-05  2.04860e-05  1.64399e-05  1.16316e-05
4.79000e+02  2.73440e-05  2.41589e-05  2.05721e-05  1.65349e-05  1.17294e-05
4.81000e+02  2.75947e-05  2.44208e-05  2.08193e-05  1.67546e-05  1.19089e-05
4.83000e+02  2.73993e-05  2.43569e-05  2.08209e-05  1.67927e-05  1.19584e-05
4.85000e+02  2.59178e-05  2.34381e-05  2.03064e-05  1.65766e-05  1.19319e-05
4.87000e+02  2.33401e-05  2.13221e-05  1.87318e-05  1.55754e-05  1.15203e-05
4.89000e+02  2.71702e-05  2.42435e-05  2.07957e-05  1.68461e-05  1.20823e-05
4.91000e+02  2.77775e-05  2.46561e-05  2.10975e-05  1.70721e-05  1.22540e-05
4.93000e+02  2.74660e-05  2.43619e-05  2.08541e-05  1.68972e-05  1.21616e-05
4.95000e+02  2.79705e-05  2.48227e-05  2.12688e-05  1.72558e-05  1.24410e-05
4.97000e+02  2.86678e-05  2.54525e-05  2.18216e-05  1.77165e-05  1.27809e-05
4.99000e+02  2.78123e-05  2.46845e-05  2.11619e-05  1.71878e-05  1.24168e-05
5.01000e+02  2.73443e-05  2.42665e-05  2.08031e-05  1.68979e-05  1.22104e-05
5.03000e+02  2.85017e-05  2.53076e-05  2.17053e-05  1.76356e-05  1.27421e-05
5.05000e+02  2.82741e-05  2.51244e-05  2.15685e-05  1.75444e-05  1.26881e-05
5.07000e+02  2.90212e-05  2.58173e-05  2.21929e-05  1.80815e-05  1.31022e-05
5.09000e+02  2.87253e-05  2.55496e-05  2.19606e-05  1.78939e-05  1.29730e-05
5.11000e+02  2.89109e-05  2.57309e-05  2.21303e-05  1.80421e-05  1.30815e-05
5.13000e+02  2.88953e-05  2.57218e-05  2.21298e-05  1.80524e-05  1.31041e-05
5.15000e+02  2.84050e-05  2.52834e-05  2.17524e-05  1.77453e-05  1.28789e-05
5.17000e+02  2.66325e-05  2.36882e-05  2.03713e-05  1.66236e-05  1.20917e-05
5.19000e+02  2.71868e-05  2.42105e-05  2.08569e-05  1.70695e-05  1.24981e-05
5.21000e+02  2.84971e-05  2.54217e-05  2.19338e-05  1.79669e-05  1.31360e-05
5.23000e+02  2.92248e-05  2.61080e-05  2.25751e-05  1.85617e-05  1.36847e-05
5.25000e+02  3.00677e-05  2.68712e-05  2.32423e-05  1.91152e-05  1.40947e-05
5.27000e+02  2.84670e-05  2.54239e-05  2.19820e-05  1.80811e-05  1.33529e-05
5.29000e+02  3.01573e-05  2.69901e-05  2.33897e-05  1.92888e-05  1.42865e-05
5.31000e+02  3.06688e-05  2.74774e-05  2.38456e-05  1.97049e-05  1.46478e-05
5.33000e+02  2.94967e-05  2.64055e-05  2.28972e-05  1.89072e-05  1.40461e-05
5.35000e+02  3.05502e-05  2.73923e-05  2.37942e-05  1.96870e-05  1.46577e-05
5.37000e+02  3.04730e-05  2.73339e-05  2.37582e-05  1.96775e-05  1.46807e-05
5.39000e+02  3.05657e-05  2.74222e-05  2.38391e-05  1.97468e-05  1.47304e-05
5.41000e+02  3.02553e-05  2.71558e-05  2.36255e-05  1.95959e-05  1.46563e-05
5.43000e+02  3.06821e-05  2.75420e-05  2.39588e-05  1.98614e-05  1.48298e-05
5.45000e+02  3.09501e-05  2.78105e-05  2.42236e-05  2.01172e-05  1.50645e-05
5.47000e+02  3.11202e-05  2.79781e-05  2.43893e-05  2.02826e-05  1.52318e-05
5.49000e+02  3.14234e-05  2.82581e-05  2.46420e-05  2.05030e-05  1.54096e-05
5.51000e+02  3.14198e-05  2.82699e-05  2.46660e-05  2.05338e-05  1.54336e-05
5.53000e+02  3.16506e-05  2.84974e-05  2.48899e-05  2.07546e-05  1.56544e-05
5.55000e+02  3.20458e-05  2.88668e-05  2.52253e-05  2.10462e-05  1.58838e-05
5.57000e+02  3.15944e-05  2.84662e-05  2.48857e-05  2.07795e-05  1.57096e-05
5.59000e+02  3.15103e-05  2.83958e-05  2.48307e-05  2.07419e-05  1.56917e-05
5.61000e+02  3.17772e-05  2.86600e-05  2.50883e-05  2.09879e-05  1.59153e-05
5.63000e+02  3.23237e-05  2.91637e-05  2.55387e-05  2.13723e-05  1.62108e-05
5.65000e+02  3.24786e-05  2.93175e-05  2.56889e-05  2.15158e-05  1.63420e-05
5.67000e+02  3.22556e-05  2.91210e-05  2.55250e-05  2.13915e-05  1.62677e-05
5.69000e+02  3.25919e-05  2.94430e-05  2.58260e-05  2.16634e-05  1.64949e-05
5.71000e+02  3.23437e-05  2.92124e-05  2.56181e-05  2.14839e-05  1.63528e-05
5.73000e+02  3.30331e-05  2.98799e-05  2.62499e-05  2.20627e-05  1.68448e-05
5.75000e+02  3.29457e-05  2.98036e-05  2.61879e-05  2.20189e-05  1.68264e-05
5.77000e+02  3.30931e-05  2.99524e-05  2.63356e-05  2.21624e-05  1.69588e-05
5.79000e+02  3.30574e-05  2.99196e-05  2.63058e-05  2.21349e-05  1.69317e-05
5.81000e+02  3.32753e-05  3.01409e-05  2.65278e-05  2.23544e-05  1.71408e-05
5.83000e+02  3.34373e-05  3.03059e-05  2.66939e-05  2.25187e-05  1.72974e-05
5.85000e+02  3.32914e-05  3.01733e-05  2.65788e-05  2.24262e-05  1.72360e-05
5.87000e+02  3.34221e-05  3.03063e-05  2.67116e-05  2.25555e-05  1.73544e-05
5.89000e+02  3.21511e-05  2.91289e-05  2.56484e-05  2.16286e-05  1.66002e-05
5.91000e+02  3.35560e-05  3.04471e-05  2.68576e-05  2.27039e-05  1.74978e-05
5.93000e+02  3.36551e-05  3.05499e-05  2.69629e-05  2.28101e-05  1.76010e-05
5.95000e+02  3.37812e-05  3.06768e-05  2.70881e-05  2.29298e-05  1.77074e-05
5.97000e+02  3.38535e-05  3.07554e-05  2.71733e-05  2.30220e-05  1.78071e-05
5.99000e+02  3.39126e-05  3.08196e-05  2.72419e-05  2.30939e-05  1.78791e-05
6.01000e+02  3.38285e-05  3.07444e-05  2.71778e-05  2.30435e-05  1.78468e-05
6.03000e+02  3.39067e-05  3.08340e-05  2.72800e-05  2.31592e-05  1.79761e-05
6.05000e+02  3.42242e-05  3.11433e-05  2.75739e-05  2.34285e-05  1.82025e-05
6.07000e+02  3.42224e-05  3.11450e-05  2.75788e-05  2.34359e-05  1.82109e-05
6.09000e+02  3.42284e-05  3.11572e-05  2.75977e-05  2.34615e-05  1.82415e-05
6.11000e+02  3.41794e-05  3.11192e-05  2.75736e-05  2.34548e-05  1.82599e-05
6.13000e+02  3.36827e-05  3.06730e-05  2.71870e-05  2.31375e-05  1.80257e-05
6.15000e+02  3.41586e-05  3.11204e-05  2.76003e-05  2.35111e-05  1.83510e-05
6.17000e+02  3.36965e-05  3.06985e-05  2.72262e-05  2.31926e-05  1.81007e-05
6.19000e+02  3.43831e-05  3.13461e-05  2.78230e-05  2.37252e-05  1.85447e-05
6.21000e+02  3.45667e-05  3.15262e-05  2.79950e-05  2.38824e-05  1.86739e-05
6.23000e+02  3.43237e-05  3.13093e-05  2.78109e-05  2.37388e-05  1.85826e-05
6.25000e+02  3.40955e-05  3.11019e-05  2.76300e-05  2.35905e-05  1.84775e-05
6.27000e+02  3.46965e-05  3.16712e-05  2.81537e-05  2.40525e-05  1.88493e-05
6.29000e+02  3.48359e-05  3.18135e-05  2.82969e-05  2.41931e-05  1.89793e-05
6.31000e+02  3.45560e-05  3.15601e-05  2.80786e-05  2.40206e-05  1.88713e-05
6.33000e+02  3.47059e-05  3.17115e-05  2.82293e-05  2.41681e-05  1.90102e-05
6.35000e+02  3.49837e-05  3.19839e-05  2.84892e-05  2.44061e-05  1.92085e-05
6.37000e+02  3.50503e-05  3.20565e-05  2.85675e-05  2.44895e-05  1.92948e-05
6.39000e+02  3.50233e-05  3.20372e-05  2.85570e-05  2.44899e-05  1.93113e-05
6.41000e+02  3.47597e-05  3.18060e-05  2.83641e-05  2.43422e-05  1.92191e-05
6.43000e+02  3.49261e-05  3.19752e-05  2.85325e-05  2.45062e-05  1.93708e-05
6.45000e+02  3.48934e-05  3.19605e-05  2.85346e-05  2.45247e-05  1.94072e-05
6.47000e+02  3.49366e-05  3.20110e-05  2.85876e-05  2.45771e-05  1.94528e-05
6.49000e+02  3.47454e-05  3.18561e-05  2.84647e-05  2.44863e-05  1.93973e-05
6.51000e+02  3.52093e-05  3.23250e-05  2.89120e-05  2.48935e-05  1.97383e-05
6.53000e+02  3.51469e-05  3.23697e-05  2.90180e-05  2.50359e-05  1.98921e-05
6.55000e+02  3.37908e-05  3.14006e-05  2.83881e-05  2.46934e-05  1.97691e-05
6.57000e+02  2.99433e-05  2.81420e-05  2.58805e-05  2.30344e-05  1.91134e-05
6.59000e+02  3.47988e-05  3.21486e-05  2.88976e-05  2.50003e-05  1.99299e-05
6.61000e+02  3.54945e-05  3.26641e-05  2.92864e-05  2.52893e-05  2.01331e-05
6.63000e+02  3.56555e-05  3.27743e-05  2.93723e-05  2.53630e-05  2.02038e-05
6.65000e+02  3.57279e-05  3.28284e-05  2.94183e-05  2.54046e-05  2.02425e-05
6.67000e+02  3.56123e-05  3.27163e-05  2.93196e-05  2.53276e-05  2.02005e-05
6.69000e+02  3.59161e-05  3.30126e-05  2.96058e-05  2.55975e-05  2.04396e-05
6.71000e+02  3.58359e-05  3.29343e-05  2.95323e-05  2.55300e-05  2.03799e-05
6.73000e+02  3.59962e-05  3.30990e-05  2.97013e-05  2.57029e-05  2.05542e-05
6.75000e+02  3.59739e-05  3.30798e-05  2.96857e-05  2.56899e-05  2.05411e-05
6.77000e+02  3.60301e-05  3.31404e-05  2.97515e-05  2.57616e-05  2.06204e-05
6.79000e+02  3.60949e-05  3.32108e-05  2.98278e-05  2.58435e-05  2.07058e-05
6.81000e+02  3.60916e-05  3.32131e-05  2.98364e-05  2.58588e-05  2.07278e-05
6.83000e+02  3.61988e-05  3.33262e-05  2.99549e-05  2.59817e-05  2.08526e-05
6.85000e+02  3.61048e-05  3.32394e-05  2.98779e-05  2.59168e-05  2.08038e-05
6.87000e+02  3.62009e-05  3.33378e-05  2.99769e-05  2.60139e-05  2.08938e-05
6.89000e+02  3.63054e-05  3.34487e-05  3.00937e-05  2.61360e-05  2.10187e-05
6.91000e+02  3.63134e-05  3.34617e-05  3.01120e-05  2.61595e-05  2.10468e-05
6.93000e+02  3.63555e-05  3.35094e-05  3.01651e-05  2.62172e-05  2.11064e-05
6.95000e+02  3.63596e-05  3.35180e-05  3.01784e-05  2.62346e-05  2.11264e-05
6.97000e+02  3.64386e-05  3.36038e-05  3.02711e-05  2.63340e-05  2.12313e-05
6.99000e+02  3.64513e-05  3.36201e-05  3.02906e-05  2.63556e-05  2.12520e-05
7.01000e+02  3.63558e-05  3.35346e-05  3.02185e-05  2.63004e-05  2.12210e-05
7.03000e+02  3.64879e-05  3.36706e-05  3.03563e-05  2.64378e-05  2.13527e-05
7.05000e+02  3.65521e-05  3.37392e-05  3.04287e-05  2.65131e-05  2.14286e-05
7.07000e+02  3.65549e-05  3.37475e-05  3.04430e-05  2.65332e-05  2.14532e-05
7.09000e+02  3.65733e-05  3.37713e-05  3.04724e-05  2.65684e-05  2.14946e-05
7.11000e+02  3.66375e-05  3.38457e-05  3.05561e-05  2.66596e-05  2.15880e-05
7.13000e+02  3.65327e-05  3.37462e-05  3.04654e-05  2.65817e-05  2.15315e-05
7.15000e+02  3.64722e-05  3.36964e-05  3.04283e-05  2.65591e-05  2.15264e-05
7.17000e+02  3.66206e-05  3.38468e-05  3.05792e-05  2.67086e-05  2.16704e-05
7.19000e+02  3.64044e-05  3.36411e-05  3.03882e-05  2.65368e-05  2.15270e-05
7.21000e+02  3.65501e-05  3.37905e-05  3.05391e-05  2.66865e-05  2.16689e-05
7.23000e+02  3.67425e-05  3.39827e-05  3.07283e-05  2.68692e-05  2.18384e-05
7.25000e+02  3.68013e-05  3.40463e-05  3.07954e-05  2.69376e-05  2.19021e-05
7.27000e+02  3.68284e-05  3.40790e-05  3.08343e-05  2.69834e-05  2.19562e-05
7.29000e+02  3.66656e-05  3.39294e-05  3.07025e-05  2.68743e-05  2.18797e-05
7.31000e+02  3.68343e-05  3.40970e-05  3.08656e-05  2.70289e-05  2.20170e-05
7.33000e+02  3.67817e-05  3.40552e-05  3.08368e-05  2.70151e-05  2.20217e-05
7.35000e+02  3.69269e-05  3.41986e-05  3.09748e-05  2.71429e-05  2.21288e-05
7.37000e+02  3.69861e-05  3.42653e-05  3.10497e-05  2.72269e-05  2.22237e-05
7.39000e+02  3.68164e-05  3.41065e-05  3.09063e-05  2.71038e-05  2.21317e-05
7.41000e+02  3.66623e-05  3.39661e-05  3.07839e-05  2.70045e-05  2.20658e-05
7.43000e+02  3.68588e-05  3.41639e-05  3.09797e-05  2.71941e-05  2.22394e-05
7.45000e+02  3.69287e-05  3.42355e-05  3.10515e-05  2.72643e-05  2.23038e-05
7.47000e+02  3.70517e-05  3.43601e-05  3.11749e-05  2.73823e-05  2.24073e-05
7.49000e+02  3.69564e-05  3.42767e-05  3.11070e-05  2.73342e-05  2.23873e-05
7.51000e+02  3.69956e-05  3.43212e-05  3.11568e-05  2.73893e-05  2.24476e-05
7.53000e+02  3.70887e-05  3.44148e-05  3.12492e-05  2.74783e-05  2.25290e-05
7.55000e+02  3.71709e-05  3.45019e-05  3.13401e-05  2.75715e-05  2.26208e-05
7.57000e+02  3.71360e-05  3.44734e-05  3.13194e-05  2.75601e-05  2.26215e-05
7.59000e+02  3.71177e-05  3.44606e-05  3.13128e-05  2.75600e-05  2.26288e-05
7.61000e+02  3.71640e-05  3.45135e-05  3.13725e-05  2.76267e-05  2.27018e-05
7.63000e+02  3.72031e-05  3.45577e-05  3.14214e-05  2.76795e-05  2.27570e-05
7.65000e+02  3.72198e-05  3.45819e-05  3.14537e-05  2.77206e-05  2.28069e-05
7.67000e+02  3.68661e-05  3.42506e-05  3.11527e-05  2.74591e-05  2.26023e-05
7.69000e+02  3.72534e-05  3.46284e-05  3.15141e-05  2.77951e-05  2.28956e-05
7.71000e+02  3.70737e-05  3.44565e-05  3.13533e-05  2.76499e-05  2.27761e-05
7.73000e+02  3.72511e-05  3.46324e-05  3.15242e-05  2.78107e-05  2.29162e-05
7.75000e+02  3.71043e-05  3.44987e-05  3.14081e-05  2.77178e-05  2.28573e-05
7.77000e+02  3.73108e-05  3.47188e-05  3.16369e-05  2.79487e-05  2.30755e-05
7.79000e+02  3.73305e-05  3.47290e-05  3.16382e-05  2.79419e-05  2.30630e-05
7.81000e+02  3.73710e-05  3.47771e-05  3.16944e-05  2.80067e-05  2.31361e-05
7.83000e+02  3.72500e-05  3.46665e-05  3.15974e-05  2.79270e-05  2.30810e-05
7.85000e+02  3.73255e-05  3.47455e-05  3.16786e-05  2.80084e-05  2.31581e-05
7.87000e+02  3.74250e-05  3.48484e-05  3.17827e-05  2.81109e-05  2.32529e-05
7.89000e+02  3.74240e-05  3.48523e-05  3.17912e-05  2.81234e-05  2.32666e-05
7.91000e+02  3.73736e-05  3.48051e-05  3.17480e-05  2.80840e-05  2.32299e-05
7.93000e+02  3.71715e-05  3.46226e-05  3.15921e-05  2.79627e-05  2.31590e-05
7.95000e+02  3.71991e-05  3.46526e-05  3.16231e-05  2.79926e-05  2.31834e-05
7.97000e+02  3.74580e-05  3.49071e-05  3.18686e-05  2.82242e-05  2.33914e-05
7.99000e+02  3.74733e-05  3.49279e-05  3.18944e-05  2.82541e-05  2.34235e-05
8.01000e+02  3.73626e-05  3.48267e-05  3.18062e-05  2.81831e-05  2.33781e-05
8.03000e+02  3.74420e-05  3.49089e-05  3.18899e-05  2.82664e-05  2.34569e-05
8.05000e+02  3.73321e-05  3.48054e-05  3.17951e-05  2.81829e-05  2.33911e-05
8.07000e+02  3.74872e-05  3.49634e-05  3.19530e-05  2.83367e-05  2.35299e-05
8.09000e+02  3.73477e-05  3.48315e-05  3.18319e-05  2.82300e-05  2.34460e-05
8.11000e+02  3.74825e-05  3.49699e-05  3.19717e-05  2.83680e-05  2.35738e-05
8.13000e+02  3.75268e-05  3.50192e-05  3.20257e-05  2.84266e-05  2.36371e-05
8.15000e+02  3.75213e-05  3.50195e-05  3.20324e-05  2.84405e-05  2.36595e-05
8.17000e+02  3.75248e-05  3.50289e-05  3.20483e-05  2.84634e-05  2.36903e-05
8.19000e+02  3.70605e-05  3.46021e-05  3.16695e-05  2.81446e-05  2.34553e-05
8.21000e+02  3.73497e-05  3.48708e-05  3.19118e-05  2.83530e-05  2.36144e-05
8.23000e+02  3.72486e-05  3.47854e-05  3.18460e-05  2.83117e-05  2.36084e-05
8.25000e+02  3.74726e-05  3.50018e-05  3.20496e-05  2.84963e-05  2.37605e-05
8.27000e+02  3.75671e-05  3.50971e-05  3.21449e-05  2.85903e-05  2.38508e-05
8.29000e+02  3.75556e-05  3.50906e-05  3.21441e-05  2.85956e-05  2.38628e-05
8.31000e+02  3.74672e-05  3.50096e-05  3.20726e-05  2.85355e-05  2.38164e-05
8.33000e+02  3.71441e-05  3.47168e-05  3.18171e-05  2.83258e-05  2.36681e-05
8.35000e+02  3.75019e-05  3.50536e-05  3.21261e-05  2.85985e-05  2.38886e-05
8.37000e+02  3.75392e-05  3.50921e-05  3.21647e-05  2.86356e-05  2.39218e-05
8.39000e+02  3.71269e-05  3.47067e-05  3.18128e-05  2.83240e-05  2.36584e-05
8.41000e+02  3.75570e-05  3.51214e-05  3.22068e-05  2.86918e-05  2.39932e-05
8.43000e+02  3.73702e-05  3.49382e-05  3.20286e-05  2.85199e-05  2.38313e-05
8.45000e+02  3.75128e-05  3.50962e-05  3.22031e-05  2.87120e-05  2.40419e-05
8.47000e+02  3.73318e-05  3.49219e-05  3.20410e-05  2.85693e-05  2.39325e-05
8.49000e+02  3.72806e-05  3.48776e-05  3.20066e-05  2.85482e-05  2.39344e-05
8.51000e+02  3.61725e-05  3.38555e-05  3.10962e-05  2.77787e-05  2.33621e-05
8.53000e+02  3.72981e-05  3.49010e-05  3.20359e-05  2.85830e-05  2.39748e-05
8.55000e+02  3.37847e-05  3.16427e-05  2.91277e-05  2.61337e-05  2.22039e-05
8.57000e+02  3.75872e-05  3.51909e-05  3.23191e-05  2.88503e-05  2.42071e-05
8.59000e+02  3.74015e-05  3.50282e-05  3.21870e-05  2.87531e-05  2.41461e-05
8.61000e+02  3.73292e-05  3.49663e-05  3.21390e-05  2.87229e-05  2.41405e-05
8.63000e+02  3.75965e-05  3.52106e-05  3.23480e-05  2.88881e-05  2.42546e-05
8.65000e+02  3.74393e-05  3.50757e-05  3.22424e-05  2.88161e-05  2.42240e-05
8.67000e+02  3.41792e-05  3.20577e-05  2.95549e-05  2.65526e-05  2.25606e-05
8.69000e+02  3.70858e-05  3.47537e-05  3.19537e-05  2.85653e-05  2.40183e-05
8.71000e+02  3.75750e-05  3.52080e-05  3.23636e-05  2.89249e-05  2.43207e-05
8.73000e+02  3.75048e-05  3.51646e-05  3.23482e-05  2.89352e-05  2.43530e-05
8.75000e+02  3.68187e-05  3.45928e-05  3.19252e-05  2.86730e-05  2.42444e-05
8.77000e+02  3.75007e-05  3.51835e-05  3.23911e-05  2.89978e-05  2.44255e-05
8.79000e+02  3.75607e-05  3.52150e-05  3.23920e-05  2.89773e-05  2.44030e-05
8.81000e+02  3.71219e-05  3.48071e-05  3.20253e-05  2.86647e-05  2.41659e-05
8.83000e+02  3.72910e-05  3.49833e-05  3.21986e-05  2.88257e-05  2.43002e-05
8.85000e+02  3.72861e-05  3.50355e-05  3.23025e-05  2.89611e-05  2.44364e-05
8.87000e+02  3.64958e-05  3.43759e-05  3.18111e-05  2.86534e-05  2.43114e-05
8.89000e+02  3.75522e-05  3.52668e-05  3.24930e-05  2.91173e-05  2.45701e-05
8.91000e+02  3.76490e-05  3.53289e-05  3.25318e-05  2.91456e-05  2.46012e-05
8.93000e+02  3.75671e-05  3.52393e-05  3.24447e-05  2.90683e-05  2.45428e-05
8.95000e+02  3.75742e-05  3.52412e-05  3.24397e-05  2.90552e-05  2.45196e-05
8.97000e+02  3.76081e-05  3.52995e-05  3.25119e-05  2.91352e-05  2.46017e-05
8.99000e+02  3.75122e-05  3.52698e-05  3.25256e-05  2.91761e-05  2.46567e-05
9.01000e+02  3.60484e-05  3.40439e-05  3.15780e-05  2.85125e-05  2.42663e-05
9.03000e+02  3.70862e-05  3.49651e-05  3.23429e-05  2.90963e-05  2.46453e-05
9.05000e+02  3.75735e-05  3.53246e-05  3.25808e-05  2.92385e-05  2.47328e-05
9.07000e+02  3.74987e-05  3.52247e-05  3.24829e-05  2.91608e-05  2.46940e-05
9.09000e+02  3.71484e-05  3.48794e-05  3.21617e-05  2.88775e-05  2.44715e-05
9.11000e+02  3.75064e-05  3.52027e-05  3.24476e-05  2.91191e-05  2.46494e-05
9.13000e+02  3.76527e-05  3.53410e-05  3.25753e-05  2.92333e-05  2.47438e-05
9.15000e+02  3.76219e-05  3.53181e-05  3.25560e-05  2.92141e-05  2.47173e-05
9.17000e+02  3.75709e-05  3.52880e-05  3.25365e-05  2.92004e-05  2.47046e-05
9.19000e+02  3.75193e-05  3.52838e-05  3.25572e-05  2.92352e-05  2.47465e-05
9.21000e+02  3.70982e-05  3.49767e-05  3.23369e-05  2.90804e-05  2.46437e-05
9.23000e+02  3.57494e-05  3.39271e-05  3.16389e-05  2.87281e-05  2.45891e-05
9.25000e+02  3.68975e-05  3.48184e-05  3.22237e-05  2.90113e-05  2.46204e-05
9.27000e+02  3.73860e-05  3.51841e-05  3.24907e-05  2.92033e-05  2.47554e-05
9.29000e+02  3.75088e-05  3.52570e-05  3.25369e-05  2.92335e-05  2.47733e-05
9.31000e+02  3.75800e-05  3.53135e-05  3.25918e-05  2.92929e-05  2.48434e-05
9.33000e+02  3.75703e-05  3.53000e-05  3.25816e-05  2.92894e-05  2.48504e-05
9.35000e+02  3.75515e-05  3.52804e-05  3.25642e-05  2.92751e-05  2.48391e-05
9.37000e+02  3.75052e-05  3.52339e-05  3.25185e-05  2.92303e-05  2.47954e-05
9.39000e+02  3.75556e-05  3.52913e-05  3.25836e-05  2.93033e-05  2.48755e-05
9.41000e+02  3.70088e-05  3.47968e-05  3.21545e-05  2.89551e-05  2.46411e-05
9.43000e+02  3.74837e-05  3.52353e-05  3.25433e-05  2.92801e-05  2.48724e-05
9.45000e+02  3.73965e-05  3.51566e-05  3.24709e-05  2.92141e-05  2.48147e-05
9.47000e+02  3.74952e-05  3.52686e-05  3.25876e-05  2.93318e-05  2.49297e-05
9.49000e+02  3.74636e-05  3.52657e-05  3.25990e-05  2.93518e-05  2.49553e-05
9.51000e+02  3.73366e-05  3.52013e-05  3.25701e-05  2.93460e-05  2.49683e-05
9.53000e+02  3.69743e-05  3.49820e-05  3.24557e-05  2.93000e-05  2.49551e-05
9.55000e+02  3.53674e-05  3.37051e-05  3.15728e-05  2.88101e-05  2.48151e-05
9.57000e+02  3.70120e-05  3.49998e-05  3.24588e-05  2.92972e-05  2.49588e-05
9.59000e+02  3.73350e-05  3.52072e-05  3.25894e-05  2.93829e-05  2.50269e-05
9.61000e+02  3.73637e-05  3.51936e-05  3.25615e-05  2.93544e-05  2.50077e-05
9.63000e+02  3.73268e-05  3.51457e-05  3.25175e-05  2.93215e-05  2.49933e-05
9.65000e+02  3.72916e-05  3.50932e-05  3.24515e-05  2.92415e-05  2.48953e-05
9.67000e+02  3.72794e-05  3.50918e-05  3.24661e-05  2.92748e-05  2.49498e-05
9.69000e+02  3.74184e-05  3.52249e-05  3.25940e-05  2.93977e-05  2.50677e-05
9.71000e+02  3.74001e-05  3.52067e-05  3.25764e-05  2.93804e-05  2.50490e-05
9.73000e+02  3.73837e-05  3.51933e-05  3.25668e-05  2.93746e-05  2.50466e-05
9.75000e+02  3.73026e-05  3.51186e-05  3.25011e-05  2.93210e-05  2.50129e-05
9.77000e+02  3.73535e-05  3.51733e-05  3.25594e-05  2.93828e-05  2.50774e-05
9.79000e+02  3.73046e-05  3.51256e-05  3.25116e-05  2.93325e-05  2.50181e-05
9.81000e+02  3.73646e-05  3.51942e-05  3.25906e-05  2.94255e-05  2.51340e-05
9.83000e+02  3.73468e-05  3.51815e-05  3.25832e-05  2.94239e-05  2.51391e-05
9.85000e+02  3.73460e-05  3.51866e-05  3.25942e-05  2.94411e-05  2.51636e-05
9.87000e+02  3.72842e-05  3.51305e-05  3.25444e-05  2.93990e-05  2.51327e-05
9.89000e+02  3.72574e-05  3.51138e-05  3.25378e-05  2.94031e-05  2.51489e-05
9.91000e+02  3.72546e-05  3.51144e-05  3.25408e-05  2.94083e-05  2.51565e-05
9.93000e+02  3.72964e-05  3.51622e-05  3.25911e-05  2.94591e-05  2.52048e-05
9.95000e+02  3.72759e-05  3.51516e-05  3.25867e-05  2.94600e-05  2.52108e-05
9.97000e+02  3.72482e-05  3.51404e-05  3.25850e-05  2.94657e-05  2.52243e-05
9.99000e+02  3.71851e-05  3.51068e-05  3.25670e-05  2.94583e-05  2.52258e-05
1.00250e+03  3.66792e-05  3.47930e-05  3.23976e-05  2.93919e-05  2.52213e-05
1.00750e+03  3.61981e-05  3.44049e-05  3.21172e-05  2.92261e-05  2.51758e-05
1.01250e+03  3.70910e-05  3.50328e-05  3.25218e-05  2.94470e-05  2.52551e-05
1.01750e+03  3.70616e-05  3.49828e-05  3.24717e-05  2.94061e-05  2.52314e-05
1.02250e+03  3.70845e-05  3.50075e-05  3.25017e-05  2.94422e-05  2.52739e-05
1.02750e+03  3.70844e-05  3.50158e-05  3.25200e-05  2.94713e-05  2.53146e-05
1.03250e+03  3.69464e-05  3.48872e-05  3.24035e-05  2.93700e-05  2.52357e-05
1.03750e+03  3.69375e-05  3.48881e-05  3.24141e-05  2.93900e-05  2.52634e-05
1.04250e+03  3.69757e-05  3.49371e-05  3.24737e-05  2.94602e-05  2.53438e-05
1.04750e+03  3.68597e-05  3.48375e-05  3.23929e-05  2.94011e-05  2.53119e-05
1.05250e+03  3.68966e-05  3.48793e-05  3.24382e-05  2.94488e-05  2.53603e-05
1.05750e+03  3.67671e-05  3.47648e-05  3.23412e-05  2.93723e-05  2.53104e-05
1.06250e+03  3.66940e-05  3.47046e-05  3.22952e-05  2.93429e-05  2.53031e-05
1.06750e+03  3.64330e-05  3.44814e-05  3.21154e-05  2.92131e-05  2.52372e-05
1.07250e+03  3.66210e-05  3.46590e-05  3.22758e-05  2.93496e-05  2.53363e-05
1.07750e+03  3.64737e-05  3.45262e-05  3.21572e-05  2.92480e-05  2.52598e-05
1.08250e+03  3.62466e-05  3.43332e-05  3.19948e-05  2.91193e-05  2.51756e-05
1.08750e+03  3.62251e-05  3.43668e-05  3.20527e-05  2.91855e-05  2.52352e-05
1.09250e+03  3.50492e-05  3.35406e-05  3.15540e-05  2.89687e-05  2.52329e-05
1.09750e+03  3.58217e-05  3.41055e-05  3.18915e-05  2.90882e-05  2.51590e-05
1.10250e+03  3.62963e-05  3.44221e-05  3.20989e-05  2.92192e-05  2.52354e-05
1.10750e+03  3.63976e-05  3.44980e-05  3.21659e-05  2.92836e-05  2.53004e-05
1.11250e+03  3.63364e-05  3.44382e-05  3.21139e-05  2.92427e-05  2.52750e-05
1.11750e+03  3.62805e-05  3.43908e-05  3.20788e-05  2.92236e-05  2.52797e-05
1.12250e+03  3.63087e-05  3.44261e-05  3.21208e-05  2.92716e-05  2.53319e-05
1.12750e+03  3.60805e-05  3.42165e-05  3.19350e-05  2.91153e-05  2.52170e-05
1.13250e+03  3.61759e-05  3.43180e-05  3.20403e-05  2.92218e-05  2.53199e-05
1.13750e+03  3.61227e-05  3.42673e-05  3.19915e-05  2.91741e-05  2.52718e-05
1.14250e+03  3.59370e-05  3.40979e-05  3.18432e-05  2.90540e-05  2.51956e-05
1.14750e+03  3.61280e-05  3.42923e-05  3.20361e-05  2.92396e-05  2.53612e-05
1.15250e+03  3.60950e-05  3.42692e-05  3.20237e-05  2.92390e-05  2.53756e-05
1.15750e+03  3.60046e-05  3.41869e-05  3.19499e-05  2.91743e-05  2.53218e-05
1.16250e+03  3.57546e-05  3.39544e-05  3.17400e-05  2.89939e-05  2.51854e-05
1.16750e+03  3.58454e-05  3.40557e-05  3.18487e-05  2.91055e-05  2.52902e-05
1.17250e+03  3.59476e-05  3.41599e-05  3.19528e-05  2.92083e-05  2.53904e-05
1.17750e+03  3.56960e-05  3.39347e-05  3.17583e-05  2.90489e-05  2.52745e-05
1.18250e+03  3.55627e-05  3.38114e-05  3.16477e-05  2.89555e-05  2.52088e-05
1.18750e+03  3.55188e-05  3.37706e-05  3.16092e-05  2.89190e-05  2.51729e-05
1.19250e+03  3.57927e-05  3.40421e-05  3.18719e-05  2.91651e-05  2.53880e-05
1.19750e+03  3.52318e-05  3.35180e-05  3.13959e-05  2.87513e-05  2.50637e-05
1.20250e+03  3.54775e-05  3.37592e-05  3.16273e-05  2.89662e-05  2.52506e-05
1.20750e+03  3.53609e-05  3.36570e-05  3.15405e-05  2.88970e-05  2.52034e-05
1.21250e+03  3.55347e-05  3.38245e-05  3.16969e-05  2.90363e-05  2.53141e-05
1.21750e+03  3.55872e-05  3.38835e-05  3.17595e-05  2.90997e-05  2.53725e-05
1.22250e+03  3.55441e-05  3.38498e-05  3.17351e-05  2.90848e-05  2.53679e-05
1.22750e+03  3.54377e-05  3.37554e-05  3.16545e-05  2.90203e-05  2.53244e-05
1.23250e+03  3.54570e-05  3.37822e-05  3.16865e-05  2.90555e-05  2.53588e-05
1.23750e+03  3.54076e-05  3.37422e-05  3.16558e-05  2.90344e-05  2.53484e-05
1.24250e+03  3.53555e-05  3.36997e-05  3.16226e-05  2.90107e-05  2.53353e-05
1.24750e+03  3.53422e-05  3.36968e-05  3.16286e-05  2.90247e-05  2.53558e-05
1.25250e+03  3.52880e-05  3.36534e-05  3.15951e-05  2.90009e-05  2.53418e-05
1.25750e+03  3.52373e-05  3.36169e-05  3.15713e-05  2.89895e-05  2.53433e-05
1.26250e+03  3.51766e-05  3.35714e-05  3.15377e-05  2.89670e-05  2.53319e-05
1.26750e+03  3.51074e-05  3.35230e-05  3.15025e-05  2.89419e-05  2.53155e-05
1.27250e+03  3.50212e-05  3.34863e-05  3.14952e-05  2.89542e-05  2.53397e-05
1.27750e+03  3.46411e-05  3.32526e-05  3.13674e-05  2.89031e-05  2.53360e-05
1.28250e+03  3.27386e-05  3.16815e-05  3.01989e-05  2.81563e-05  2.50113e-05
1.28750e+03  3.46279e-05  3.32286e-05  3.13376e-05  2.88731e-05  2.53124e-05
1.29250e+03  3.48397e-05  3.33339e-05  3.13742e-05  2.88653e-05  2.52824e-05
1.29750e+03  3.49087e-05  3.33799e-05  3.14139e-05  2.89068e-05  2.53319e-05
1.30250e+03  3.48773e-05  3.33449e-05  3.13822e-05  2.88817e-05  2.53167e-05
1.30750e+03  3.48701e-05  3.33419e-05  3.13858e-05  2.88924e-05  2.53339e-05
1.31250e+03  3.46944e-05  3.31753e-05  3.12327e-05  2.87573e-05  2.52238e-05
1.31750e+03  3.46578e-05  3.31467e-05  3.12132e-05  2.87475e-05  2.52257e-05
1.32250e+03  3.47631e-05  3.32580e-05  3.13271e-05  2.88597e-05  2.53266e-05
1.32750e+03  3.46487e-05  3.31497e-05  3.12257e-05  2.87661e-05  2.52433e-05
1.33250e+03  3.46569e-05  3.31692e-05  3.12561e-05  2.88071e-05  2.52931e-05
1.33750e+03  3.46226e-05  3.31446e-05  3.12415e-05  2.88028e-05  2.52999e-05
1.34250e+03  3.46196e-05  3.31522e-05  3.12590e-05  2.88297e-05  2.53346e-05
1.34750e+03  3.45775e-05  3.31196e-05  3.12360e-05  2.88162e-05  2.53305e-05
1.35250e+03  3.45407e-05  3.30934e-05  3.12204e-05  2.88114e-05  2.53364e-05
1.35750e+03  3.44424e-05  3.30029e-05  3.11384e-05  2.87388e-05  2.52752e-05
1.36250e+03  3.44264e-05  3.29947e-05  3.11362e-05  2.87398e-05  2.52728e-05
1.36750e+03  3.44084e-05  3.29895e-05  3.11448e-05  2.87644e-05  2.53181e-05
1.37250e+03  3.43581e-05  3.29530e-05  3.11233e-05  2.87597e-05  2.53323e-05
1.37750e+03  3.43350e-05  3.29371e-05  3.11137e-05  2.87553e-05  2.53311e-05
1.38250e+03  3.43100e-05  3.29227e-05  3.11096e-05  2.87614e-05  2.53469e-05
1.38750e+03  3.42642e-05  3.28840e-05  3.10767e-05  2.87320e-05  2.53159e-05
1.39250e+03  3.42352e-05  3.28678e-05  3.10740e-05  2.87443e-05  2.53449e-05
1.39750e+03  3.41903e-05  3.28331e-05  3.10501e-05  2.87322e-05  2.53467e-05
1.40250e+03  3.41146e-05  3.27655e-05  3.09906e-05  2.86810e-05  2.53043e-05
1.40750e+03  3.41236e-05  3.27864e-05  3.10228e-05  2.87234e-05  2.53531e-05
1.41250e+03  3.40152e-05  3.26869e-05  3.09335e-05  2.86459e-05  2.52894e-05
1.41750e+03  3.40497e-05  3.27332e-05  3.09899e-05  2.87104e-05  2.53563e-05
1.42250e+03  3.38917e-05  3.25831e-05  3.08503e-05  2.85850e-05  2.52535e-05
1.42750e+03  3.37942e-05  3.24943e-05  3.07714e-05  2.85173e-05  2.51992e-05
1.43250e+03  3.39143e-05  3.26288e-05  3.09173e-05  2.86710e-05  2.53519e-05
1.43750e+03  3.39056e-05  3.26327e-05  3.09339e-05  2.87010e-05  2.53957e-05
1.44250e+03  3.35958e-05  3.23395e-05  3.06654e-05  2.84669e-05  2.52143e-05
1.44750e+03  3.38193e-05  3.25683e-05  3.08926e-05  2.86847e-05  2.54078e-05
1.45250e+03  3.35953e-05  3.23589e-05  3.07033e-05  2.85223e-05  2.52844e-05
1.45700e+03  3.36278e-05  3.23957e-05  3.07419e-05  2.85603e-05  2.53169e-05
1.46200e+03  3.36664e-05  3.24461e-05  3.08031e-05  2.86303e-05  2.53894e-05
1.46750e+03  3.36295e-05  3.24200e-05  3.07880e-05  2.86268e-05  2.53977e-05
1.47250e+03  3.35144e-05  3.23129e-05  3.06910e-05  2.85431e-05  2.53342e-05
1.47750e+03  3.34901e-05  3.23030e-05  3.06968e-05  2.85666e-05  2.53781e-05
1.48250e+03  3.34747e-05  3.22975e-05  3.07007e-05  2.85797e-05  2.53989e-05
1.48750e+03  3.29915e-05  3.18395e-05  3.02809e-05  2.82147e-05  2.51237e-05
1.49250e+03  3.34623e-05  3.23093e-05  3.07375e-05  2.86432e-05  2.54918e-05
1.49750e+03  3.33576e-05  3.22132e-05  3.06520e-05  2.85711e-05  2.54393e-05
1.50250e+03  3.27577e-05  3.16360e-05  3.01115e-05  2.80851e-05  2.50432e-05
1.50750e+03  3.29799e-05  3.18580e-05  3.03276e-05  2.82883e-05  2.52197e-05
1.51250e+03  3.32560e-05  3.21453e-05  3.06201e-05  2.85791e-05  2.54915e-05
1.51750e+03  3.32242e-05  3.21257e-05  3.06140e-05  2.85884e-05  2.55200e-05
1.52250e+03  3.30893e-05  3.19982e-05  3.04967e-05  2.84856e-05  2.54412e-05
1.52750e+03  3.30700e-05  3.19918e-05  3.05041e-05  2.85082e-05  2.54803e-05
1.53250e+03  3.30397e-05  3.19728e-05  3.04976e-05  2.85163e-05  2.55070e-05
1.53750e+03  3.29737e-05  3.19179e-05  3.04558e-05  2.84905e-05  2.55022e-05
1.54250e+03  3.29405e-05  3.18976e-05  3.04504e-05  2.85030e-05  2.55373e-05
1.54750e+03  3.29108e-05  3.18798e-05  3.04458e-05  2.85137e-05  2.55671e-05
1.55250e+03  3.28155e-05  3.17919e-05  3.03670e-05  2.84461e-05  2.55131e-05
1.55750e+03  3.27014e-05  3.16862e-05  3.02729e-05  2.83689e-05  2.54660e-05
1.56250e+03  3.27425e-05  3.17425e-05  3.03436e-05  2.84526e-05  2.55575e-05
1.56750e+03  3.25751e-05  3.15814e-05  3.01945e-05  2.83231e-05  2.54622e-05
1.57250e+03  3.24214e-05  3.14368e-05  3.00636e-05  2.82133e-05  2.53900e-05
1.57750e+03  3.20665e-05  3.10949e-05  2.97397e-05  2.79115e-05  2.51201e-05
1.58250e+03  3.23654e-05  3.14019e-05  3.00495e-05  2.82182e-05  2.54091e-05
1.58750e+03  3.18426e-05  3.08827e-05  2.95519e-05  2.77671e-05  2.50546e-05
1.59250e+03  3.22294e-05  3.12875e-05  2.99637e-05  2.81702e-05  2.54129e-05
1.59750e+03  3.21705e-05  3.12391e-05  2.99231e-05  2.81362e-05  2.53900e-05
1.60500e+03  3.20285e-05  3.11136e-05  2.98222e-05  2.80686e-05  2.53668e-05
1.61500e+03  3.16720e-05  3.07701e-05  2.95049e-05  2.77964e-05  2.51776e-05
1.62500e+03  3.17944e-05  3.09141e-05  2.96541e-05  2.79333e-05  2.52759e-05
1.63500e+03  3.13536e-05  3.04949e-05  2.92769e-05  2.76188e-05  2.50550e-05
1.64500e+03  3.08408e-05  2.99930e-05  2.88064e-05  2.72051e-05  2.47434e-05
1.65500e+03  3.10895e-05  3.02470e-05  2.90356e-05  2.73806e-05  2.48273e-05
1.66500e+03  3.08140e-05  2.99806e-05  2.87810e-05  2.71427e-05  2.46168e-05
1.67500e+03  3.01689e-05  2.93744e-05  2.82394e-05  2.66872e-05  2.42743e-05
1.68500e+03  2.95477e-05  2.87704e-05  2.76795e-05  2.62019e-05  2.39148e-05
1.69500e+03  3.00165e-05  2.92150e-05  2.80602e-05  2.64839e-05  2.40552e-05
1.70500e+03  2.97599e-05  2.89459e-05  2.77853e-05  2.62099e-05  2.37948e-05
1.71500e+03  2.94144e-05  2.86121e-05  2.74681e-05  2.59166e-05  2.35406e-05
1.72500e+03  2.90813e-05  2.83245e-05  2.72226e-05  2.57131e-05  2.33823e-05
1.73500e+03  2.78282e-05  2.71518e-05  2.61932e-05  2.48840e-05  2.28322e-05
1.74500e+03  2.84390e-05  2.77219e-05  2.66716e-05  2.52260e-05  2.29809e-05
1.75500e+03  2.84722e-05  2.77108e-05  2.66212e-05  2.51423e-05  2.28755e-05
1.76500e+03  2.82545e-05  2.74832e-05  2.63946e-05  2.49253e-05  2.26825e-05
1.77500e+03  2.80330e-05  2.72646e-05  2.61838e-05  2.47270e-05  2.25050e-05
1.78500e+03  2.78004e-05  2.70432e-05  2.59765e-05  2.45382e-05  2.23438e-05
1.79500e+03  2.75407e-05  2.68029e-05  2.57541e-05  2.43362e-05  2.21702e-05
1.80500e+03  2.71756e-05  2.64843e-05  2.54741e-05  2.40926e-05  2.19651e-05
1.81500e+03  2.59040e-05  2.53247e-05  2.44836e-05  2.33195e-05  2.14749e-05
1.82500e+03  2.64379e-05  2.58104e-05  2.48770e-05  2.35831e-05  2.15602e-05
1.83500e+03  2.65428e-05  2.58510e-05  2.48574e-05  2.35100e-05  2.14484e-05
1.84500e+03  2.62927e-05  2.55879e-05  2.45924e-05  2.32517e-05  2.12107e-05
1.85500e+03  2.61153e-05  2.54278e-05  2.44491e-05  2.31270e-05  2.11092e-05
1.86500e+03  2.57081e-05  2.50808e-05  2.41507e-05  2.28733e-05  2.09007e-05
1.87500e+03  2.39686e-05  2.35256e-05  2.28443e-05  2.18621e-05  2.02613e-05
1.88500e+03  2.52334e-05  2.46326e-05  2.37356e-05  2.24990e-05  2.05832e-05
1.89500e+03  2.51256e-05  2.44596e-05  2.35187e-05  2.22528e-05  2.03286e-05
1.90500e+03  2.50782e-05  2.44105e-05  2.34738e-05  2.22164e-05  2.03055e-05
1.91500e+03  2.48538e-05  2.41918e-05  2.32640e-05  2.20193e-05  2.01288e-05
1.92500e+03  2.46277e-05  2.39868e-05  2.30777e-05  2.18530e-05  1.99890e-05
1.93500e+03  2.42329e-05  2.36473e-05  2.27854e-05  2.16032e-05  1.97794e-05
1.94500e+03  2.29599e-05  2.24916e-05  2.18078e-05  2.08470e-05  1.93020e-05
1.95500e+03  2.38511e-05  2.32776e-05  2.24348e-05  2.12797e-05  1.94985e-05
1.96500e+03  2.38264e-05  2.32067e-05  2.23323e-05  2.11573e-05  1.93717e-05
1.97500e+03  2.35887e-05  2.29580e-05  2.20836e-05  2.09164e-05  1.91509e-05
1.98500e+03  2.34760e-05  2.28472e-05  2.19782e-05  2.08191e-05  1.90649e-05
1.99500e+03  2.32971e-05  2.26728e-05  2.18124e-05  2.06660e-05  1.89319e-05
2.00500e+03  2.31420e-05  2.25248e-05  2.16749e-05  2.05428e-05  1.88311e-05
2.01500e+03  2.29696e-05  2.23585e-05  2.15175e-05  2.03979e-05  1.87051e-05
2.02500e+03  2.27611e-05  2.21539e-05  2.13198e-05  2.02101e-05  1.85334e-05
2.03500e+03  2.25488e-05  2.19460e-05  2.11199e-05  2.00221e-05  1.83660e-05
2.04500e+03  2.24251e-05  2.18305e-05  2.10145e-05  1.99295e-05  1.82908e-05
2.05500e+03  2.22413e-05  2.16517e-05  2.08432e-05  1.97686e-05  1.81457e-05
2.06500e+03  2.20082e-05  2.14235e-05  2.06239e-05  1.95628e-05  1.79630e-05
2.07500e+03  2.18810e-05  2.13023e-05  2.05099e-05  1.94578e-05  1.78703e-05
2.08500e+03  2.17169e-05  2.11439e-05  2.03596e-05  1.93183e-05  1.77468e-05
2.09500e+03  2.15047e-05  2.09362e-05  2.01594e-05  1.91292e-05  1.75768e-05
2.10500e+03  2.13805e-05  2.08196e-05  2.00519e-05  1.90331e-05  1.74963e-05
2.11500e+03  2.12051e-05  2.06502e-05  1.98908e-05  1.88830e-05  1.73630e-05
2.12500e+03  2.10405e-05  2.04930e-05  1.97423e-05  1.87456e-05  1.72419e-05
2.13500e+03  2.08681e-05  2.03297e-05  1.95884e-05  1.86033e-05  1.71168e-05
2.14500e+03  2.06959e-05  2.01743e-05  1.94467e-05  1.84751e-05  1.70047e-05
2.15500e+03  2.04304e-05  1.99509e-05  1.92588e-05  1.83184e-05  1.68782e-05
2.16500e+03  1.93702e-05  1.90042e-05  1.84739e-05  1.77244e-05  1.65131e-05
2.17500e+03  2.00331e-05  1.95759e-05  1.89120e-05  1.80041e-05  1.66053e-05
2.18500e+03  2.00255e-05  1.95252e-05  1.88279e-05  1.78975e-05  1.64913e-05
2.19500e+03  1.99476e-05  1.94388e-05  1.87399e-05  1.78123e-05  1.64134e-05
2.20500e+03  1.97435e-05  1.92330e-05  1.85381e-05  1.76191e-05  1.62370e-05
2.21500e+03  1.96594e-05  1.91535e-05  1.84654e-05  1.75553e-05  1.61857e-05
2.22500e+03  1.95098e-05  1.90063e-05  1.83227e-05  1.74190e-05  1.60587e-05
2.23500e+03  1.93667e-05  1.88673e-05  1.81902e-05  1.72955e-05  1.59497e-05
2.24500e+03  1.92248e-05  1.87299e-05  1.80594e-05  1.71742e-05  1.58431e-05
2.25500e+03  1.90728e-05  1.85823e-05  1.79190e-05  1.70438e-05  1.57290e-05
2.26500e+03  1.89335e-05  1.84463e-05  1.77879e-05  1.69191e-05  1.56135e-05
2.27500e+03  1.88073e-05  1.83254e-05  1.76742e-05  1.68153e-05  1.55249e-05
2.28500e+03  1.86423e-05  1.81634e-05  1.75177e-05  1.66667e-05  1.53891e-05
2.29500e+03  1.84865e-05  1.80058e-05  1.73565e-05  1.64959e-05  1.51870e-05
2.30500e+03  1.83826e-05  1.79096e-05  1.72713e-05  1.64280e-05  1.51535e-05
2.31500e+03  1.82492e-05  1.77809e-05  1.71498e-05  1.63170e-05  1.50614e-05
2.32500e+03  1.80640e-05  1.75913e-05  1.69533e-05  1.61061e-05  1.48099e-05
2.33500e+03  1.79560e-05  1.74922e-05  1.68680e-05  1.60430e-05  1.47936e-05
2.34500e+03  1.78620e-05  1.74051e-05  1.67902e-05  1.59790e-05  1.47543e-05
2.35500e+03  1.76702e-05  1.72083e-05  1.65860e-05  1.57599e-05  1.44947e-05
2.36500e+03  1.75925e-05  1.71408e-05  1.65335e-05  1.57310e-05  1.45145e-05
2.37500e+03  1.74666e-05  1.70200e-05  1.64207e-05  1.56305e-05  1.44378e-05
2.38500e+03  1.72921e-05  1.68424e-05  1.62383e-05  1.54378e-05  1.42139e-05
2.39500e+03  1.72198e-05  1.67792e-05  1.61878e-05  1.54069e-05  1.42227e-05
2.40500e+03  1.71059e-05  1.66704e-05  1.60866e-05  1.53168e-05  1.41534e-05
2.41500e+03  1.69478e-05  1.65109e-05  1.59253e-05  1.51504e-05  1.39692e-05
2.42500e+03  1.68563e-05  1.64264e-05  1.58506e-05  1.50907e-05  1.39387e-05
2.43500e+03  1.67395e-05  1.63140e-05  1.57450e-05  1.49954e-05  1.38625e-05
2.44500e+03  1.66168e-05  1.61929e-05  1.56259e-05  1.48773e-05  1.37400e-05
2.45500e+03  1.64718e-05  1.60512e-05  1.54898e-05  1.47499e-05  1.36285e-05
2.46500e+03  1.64048e-05  1.59908e-05  1.54381e-05  1.47105e-05  1.36119e-05
2.47500e+03  1.62735e-05  1.58611e-05  1.53109e-05  1.45862e-05  1.34895e-05
2.48500e+03  1.60859e-05  1.56773e-05  1.51340e-05  1.44193e-05  1.33387e-05
2.49500e+03  1.60608e-05  1.56568e-05  1.51186e-05  1.44109e-05  1.33426e-05
2.50500e+03  1.59655e-05  1.55654e-05  1.50324e-05  1.43317e-05  1.32748e-05
2.51500e+03  1.58437e-05  1.54450e-05  1.49140e-05  1.42146e-05  1.31550e-05
2.52500e+03  1.57337e-05  1.53398e-05  1.48162e-05  1.41281e-05  1.30892e-05
2.53500e+03  1.56410e-05  1.52509e-05  1.47322e-05  1.40505e-05  1.30224e-05
2.54500e+03  1.55296e-05  1.51419e-05  1.46266e-05  1.39493e-05  1.29274e-05
2.55500e+03  1.54217e-05  1.50382e-05  1.45289e-05  1.38598e-05  1.28509e-05
2.56500e+03  1.52925e-05  1.49132e-05  1.44108e-05  1.37523e-05  1.27619e-05
2.57500e+03  1.52353e-05  1.48603e-05  1.43616e-05  1.37066e-05  1.27203e-05
2.58500e+03  1.50881e-05  1.47154e-05  1.42197e-05  1.35684e-05  1.25876e-05
2.59500e+03  1.50250e-05  1.46594e-05  1.41704e-05  1.35270e-05  1.25577e-05
2.60500e+03  1.49048e-05  1.45502e-05  1.40719e-05  1.34401e-05  1.24851e-05
2.61500e+03  1.47179e-05  1.43863e-05  1.39304e-05  1.33204e-05  1.23911e-05
2.62500e+03  1.40805e-05  1.38262e-05  1.34725e-05  1.29766e-05  1.21791e-05
2.63500e+03  1.45253e-05  1.42037e-05  1.37580e-05  1.31571e-05  1.22375e-05
2.64500e+03  1.45054e-05  1.41618e-05  1.36986e-05  1.30873e-05  1.21673e-05
2.65500e+03  1.44258e-05  1.40771e-05  1.36125e-05  1.30018e-05  1.20830e-05
2.66500e+03  1.42927e-05  1.39454e-05  1.34864e-05  1.28849e-05  1.19819e-05
2.67500e+03  1.41939e-05  1.38533e-05  1.34067e-05  1.28234e-05  1.19474e-05
2.68500e+03  1.41762e-05  1.38346e-05  1.33838e-05  1.27932e-05  1.19059e-05
2.69500e+03  1.40959e-05  1.37547e-05  1.33045e-05  1.27151e-05  1.18311e-05
2.70500e+03  1.40093e-05  1.36702e-05  1.32233e-05  1.26389e-05  1.17638e-05
2.71500e+03  1.39196e-05  1.35829e-05  1.31395e-05  1.25600e-05  1.16927e-05
2.72500e+03  1.38320e-05  1.34981e-05  1.30588e-05  1.24847e-05  1.16260e-05
2.73500e+03  1.37421e-05  1.34115e-05  1.29765e-05  1.24078e-05  1.15564e-05
2.74500e+03  1.36500e-05  1.33240e-05  1.28953e-05  1.23341e-05  1.14924e-05
2.75500e+03  1.34638e-05  1.31478e-05  1.27367e-05  1.21998e-05  1.13925e-05
2.76500e+03  1.34397e-05  1.31228e-05  1.27081e-05  1.21648e-05  1.13468e-05
2.77500e+03  1.33956e-05  1.30762e-05  1.26569e-05  1.21087e-05  1.12880e-05
2.78500e+03  1.33189e-05  1.30005e-05  1.25830e-05  1.20379e-05  1.12232e-05
2.79500e+03  1.32379e-05  1.29211e-05  1.25060e-05  1.19644e-05  1.11547e-05
2.80500e+03  1.31548e-05  1.28400e-05  1.24279e-05  1.18902e-05  1.10864e-05
2.81500e+03  1.30767e-05  1.27645e-05  1.23561e-05  1.18236e-05  1.10281e-05
2.82500e+03  1.29957e-05  1.26861e-05  1.22814e-05  1.17537e-05  1.09659e-05
2.83500e+03  1.29171e-05  1.26104e-05  1.22094e-05  1.16866e-05  1.09061e-05
2.84500e+03  1.28287e-05  1.25253e-05  1.21283e-05  1.16104e-05  1.08370e-05
2.85500e+03  1.27474e-05  1.24484e-05  1.20564e-05  1.15440e-05  1.07771e-05
2.86500e+03  1.26356e-05  1.23451e-05  1.19647e-05  1.14650e-05  1.07118e-05
2.87500e+03  1.24416e-05  1.21627e-05  1.18022e-05  1.13297e-05  1.06146e-05
2.88500e+03  1.25045e-05  1.22149e-05  1.18356e-05  1.13387e-05  1.05934e-05
2.89500e+03  1.24447e-05  1.21537e-05  1.17733e-05  1.12768e-05  1.05350e-05
2.90500e+03  1.23720e-05  1.20814e-05  1.17025e-05  1.12088e-05  1.04718e-05
2.91500e+03  1.23009e-05  1.20121e-05  1.16362e-05  1.11469e-05  1.04172e-05
2.92500e+03  1.22193e-05  1.19316e-05  1.15576e-05  1.10710e-05  1.03448e-05
2.93500e+03  1.21529e-05  1.18672e-05  1.14963e-05  1.10136e-05  1.02934e-05
2.94500e+03  1.20764e-05  1.17926e-05  1.14244e-05  1.09455e-05  1.02311e-05
2.95500e+03  1.20097e-05  1.17284e-05  1.13635e-05  1.08889e-05  1.01814e-05
2.96500e+03  1.19352e-05  1.16556e-05  1.12929e-05  1.08210e-05  1.01165e-05
2.97500e+03  1.18670e-05  1.15899e-05  1.12307e-05  1.07637e-05  1.00674e-05
2.98500e+03  1.17978e-05  1.15232e-05  1.11671e-05  1.07040e-05  1.00137e-05
2.99500e+03  1.17235e-05  1.14511e-05  1.10979e-05  1.06384e-05  9.95337e-06
3.00500e+03  1.16502e-05  1.13802e-05  1.10294e-05  1.05726e-05  9.89032e-06
3.01500e+03  1.15840e-05  1.13184e-05  1.09725e-05  1.05214e-05  9.84807e-06
3.02500e+03  1.15031e-05  1.12432e-05  1.09034e-05  1.04583e-05  9.79179e-06
3.03500e+03  1.12932e-05  1.10511e-05  1.07376e-05  1.03246e-05  9.69818e-06
3.04500e+03  1.12963e-05  1.10502e-05  1.07293e-05  1.03052e-05  9.66010e-06
3.05500e+03  1.13073e-05  1.10518e-05  1.07188e-05  1.02832e-05  9.63177e-06
3.06500e+03  1.12471e-05  1.09902e-05  1.06569e-05  1.02228e-05  9.57533e-06
3.07500e+03  1.11902e-05  1.09339e-05  1.06022e-05  1.01708e-05  9.52768e-06
3.08500e+03  1.11208e-05  1.08652e-05  1.05352e-05  1.01062e-05  9.46634e-06
3.09500e+03  1.10561e-05  1.08019e-05  1.04741e-05  1.00481e-05  9.41290e-06
3.10500e+03  1.10003e-05  1.07482e-05  1.04235e-05  1.00018e-05  9.37357e-06
3.11500e+03  1.09039e-05  1.06534e-05  1.03316e-05  9.91417e-06  9.29307e-06
3.12500e+03  1.08738e-05  1.06251e-05  1.03052e-05  9.88992e-06  9.27148e-06
3.13500e+03  1.08054e-05  1.05574e-05  1.02384e-05  9.82393e-06  9.20517e-06
3.14500e+03  1.07511e-05  1.05058e-05  1.01905e-05  9.78120e-06  9.17148e-06
3.15500e+03  1.06733e-05  1.04296e-05  1.01169e-05  9.71126e-06  9.10746e-06
3.16500e+03  1.06301e-05  1.03882e-05  1.00777e-05  9.67475e-06  9.07492e-06
3.17500e+03  1.05635e-05  1.03229e-05  1.00141e-05  9.61338e-06  9.01622e-06
3.18500e+03  1.05068e-05  1.02679e-05  9.96124e-06  9.56320e-06  8.96991e-06
3.19500e+03  1.04514e-05  1.02143e-05  9.91033e-06  9.51576e-06  8.92784e-06
3.21000e+03  1.03620e-05  1.01278e-05  9.82760e-06  9.43822e-06  8.85871e-06
3.23000e+03  1.02444e-05  1.00129e-05  9.71617e-06  9.33088e-06  8.75632e-06
3.25000e+03  1.01346e-05  9.90743e-06  9.61612e-06  9.23800e-06  8.67502e-06
3.27000e+03  1.00179e-05  9.79617e-06  9.51043e-06  9.13851e-06  8.58392e-06
3.29000e+03  9.78315e-06  9.58346e-06  9.32508e-06  8.98293e-06  8.46198e-06
3.31000e+03  9.77737e-06  9.56747e-06  9.29575e-06  8.93943e-06  8.40474e-06
3.33000e+03  9.68281e-06  9.46825e-06  9.19345e-06  8.83648e-06  8.30461e-06
3.35000e+03  9.59451e-06  9.38185e-06  9.11042e-06  8.75833e-06  8.23409e-06
3.37000e+03  9.49276e-06  9.28291e-06  9.01561e-06  8.66913e-06  8.15370e-06
3.39000e+03  9.37884e-06  9.17073e-06  8.90593e-06  8.56254e-06  8.05111e-06
3.41000e+03  9.28542e-06  9.08074e-06  8.82070e-06  8.48385e-06  7.98305e-06
3.43000e+03  9.19746e-06  8.99560e-06  8.73919e-06  8.40702e-06  7.91311e-06
3.45000e+03  9.09718e-06  8.89730e-06  8.64345e-06  8.31429e-06  7.82393e-06
3.47000e+03  9.00605e-06  8.80927e-06  8.55965e-06  8.23627e-06  7.75535e-06
3.49000e+03  8.91366e-06  8.71953e-06  8.47347e-06  8.15476e-06  7.68097e-06
3.51000e+03  8.81936e-06  8.62743e-06  8.38425e-06  8.06914e-06  7.60024e-06
3.53000e+03  8.72614e-06  8.53656e-06  8.29654e-06  7.98554e-06  7.52282e-06
3.55000e+03  8.64133e-06  8.45457e-06  8.21832e-06  7.91237e-06  7.45765e-06
3.57000e+03  8.54801e-06  8.36327e-06  8.12971e-06  7.82712e-06  7.37706e-06
3.59000e+03  8.46233e-06  8.27992e-06  8.04941e-06  7.75077e-06  7.30659e-06
3.61000e+03  8.38273e-06  8.20308e-06  7.97622e-06  7.68248e-06  7.24607e-06
3.63000e+03  8.29652e-06  8.11890e-06  7.89468e-06  7.60421e-06  7.17229e-06
3.65000e+03  8.20986e-06  8.03452e-06  7.81336e-06  7.52698e-06  7.10152e-06
3.67000e+03  8.12517e-06  7.95211e-06  7.73388e-06  7.45127e-06  7.03145e-06
3.69000e+03  8.03867e-06  7.86827e-06  7.65345e-06  7.37528e-06  6.96230e-06
3.71000e+03  7.96157e-06  7.79386e-06  7.58168e-06  7.30634e-06  6.89684e-06
3.73000e+03  7.85078e-06  7.69465e-06  7.49478e-06  7.23155e-06  6.83474e-06
3.75000e+03  7.73474e-06  7.58409e-06  7.39192e-06  7.13904e-06  6.75861e-06
3.77000e+03  7.73545e-06  7.57396e-06  7.36995e-06  7.10518e-06  6.71141e-06
3.79000e+03  7.66439e-06  7.50408e-06  7.30241e-06  7.04123e-06  6.65350e-06
3.81000e+03  7.58858e-06  7.42999e-06  7.23078e-06  6.97279e-06  6.58952e-06
3.83000e+03  7.51865e-06  7.36201e-06  7.16544e-06  6.91092e-06  6.53295e-06
3.85000e+03  7.44938e-06  7.29434e-06  7.09983e-06  6.84799e-06  6.47401e-06
3.87000e+03  7.37717e-06  7.22411e-06  7.03227e-06  6.78396e-06  6.41550e-06
3.89000e+03  7.30589e-06  7.15460e-06  6.96505e-06  6.71960e-06  6.35508e-06
3.91000e+03  7.23614e-06  7.08714e-06  6.90064e-06  6.65921e-06  6.30072e-06
3.93000e+03  7.17211e-06  7.02437e-06  6.83942e-06  6.59995e-06  6.24446e-06
3.95000e+03  7.10416e-06  6.95816e-06  6.77553e-06  6.53922e-06  6.18880e-06
3.97000e+03  7.04064e-06  6.89634e-06  6.71587e-06  6.48230e-06  6.13587e-06
3.99000e+03  6.96762e-06  6.82486e-06  6.64635e-06  6.41520e-06  6.07214e-06
4.01000e+03  6.90371e-06  6.76368e-06  6.58858e-06  6.36178e-06  6.02518e-06
4.03000e+03  6.83962e-06  6.70225e-06  6.52985e-06  6.30611e-06  5.97370e-06
4.05000e+03  6.69081e-06  6.57102e-06  6.41797e-06  6.21454e-06  5.90662e-06
4.07000e+03  6.71659e-06  6.58223e-06  6.41329e-06  6.19378e-06  5.86753e-06
4.09000e+03  6.66110e-06  6.52690e-06  6.35932e-06  6.14241e-06  5.82095e-06
4.11000e+03  6.60243e-06  6.46936e-06  6.30338e-06  6.08858e-06  5.77013e-06
4.13000e+03  6.54491e-06  6.41341e-06  6.24950e-06  6.03739e-06  5.72303e-06
4.15000e+03  6.48354e-06  6.35374e-06  6.19201e-06  5.98260e-06  5.67212e-06
4.17000e+03  6.41554e-06  6.28859e-06  6.13064e-06  5.92592e-06  5.62175e-06
4.19000e+03  6.36860e-06  6.24179e-06  6.08392e-06  5.87951e-06  5.57651e-06
4.21000e+03  6.30064e-06  6.17493e-06  6.01868e-06  5.81662e-06  5.51760e-06
4.23000e+03  6.26178e-06  6.13736e-06  5.98265e-06  5.78250e-06  5.48607e-06
4.25000e+03  6.20476e-06  6.08159e-06  5.92851e-06  5.73047e-06  5.43719e-06
4.27000e+03  6.15246e-06  6.03068e-06  5.87938e-06  5.68364e-06  5.39376e-06
4.29000e+03  6.06622e-06  5.94238e-06  5.78808e-06  5.58753e-06  5.28863e-06
4.31000e+03  5.97211e-06  5.84833e-06  5.69444e-06  5.49494e-06  5.19813e-06
4.33000e+03  5.93260e-06  5.81233e-06  5.66296e-06  5.46955e-06  5.18259e-06
4.35000e+03  5.83675e-06  5.71490e-06  5.56319e-06  5.36597e-06  5.07178e-06
4.37000e+03  5.74948e-06  5.63176e-06  5.48545e-06  5.29505e-06  5.00997e-06
4.39000e+03  5.71966e-06  5.60349e-06  5.45882e-06  5.27017e-06  4.98647e-06
4.41000e+03  5.63337e-06  5.51386e-06  5.36488e-06  5.17030e-06  4.87706e-06
4.43000e+03  5.58759e-06  5.47116e-06  5.32645e-06  5.13823e-06  4.85569e-06
4.45000e+03  5.53964e-06  5.42506e-06  5.28257e-06  5.09701e-06  4.81772e-06
4.47000e+03  5.46293e-06  5.34598e-06  5.20007e-06  5.00902e-06  4.71972e-06
4.49000e+03  5.43481e-06  5.32165e-06  5.18097e-06  4.99755e-06  4.72081e-06
4.51000e+03  5.37689e-06  5.26530e-06  5.12646e-06  4.94510e-06  4.67020e-06
4.53000e+03  5.31992e-06  5.20672e-06  5.06556e-06  4.88057e-06  4.59954e-06
4.55000e+03  5.28959e-06  5.17885e-06  5.04100e-06  4.86084e-06  4.58804e-06
4.57000e+03  5.25847e-06  5.14962e-06  5.01431e-06  4.83770e-06  4.57070e-06
4.59000e+03  5.18989e-06  5.08005e-06  4.94314e-06  4.76370e-06  4.49051e-06
4.61000e+03  5.16815e-06  5.06038e-06  4.92622e-06  4.75088e-06  4.48567e-06
4.63000e+03  5.11819e-06  5.01219e-06  4.88001e-06  4.70706e-06  4.44492e-06
4.65000e+03  5.06524e-06  4.96955e-06  4.84824e-06  4.68592e-06  4.43528e-06
4.67000e+03  5.04814e-06  4.94780e-06  4.82228e-06  4.65699e-06  4.40556e-06
4.69000e+03  5.02205e-06  4.91884e-06  4.79047e-06  4.62289e-06  4.37040e-06
4.71000e+03  4.99492e-06  4.89204e-06  4.76430e-06  4.59763e-06  4.34648e-06
4.73000e+03  4.97447e-06  4.87335e-06  4.74799e-06  4.58466e-06  4.33935e-06
4.75000e+03  4.92237e-06  4.82162e-06  4.69674e-06  4.53406e-06  4.28967e-06
4.77000e+03  4.88981e-06  4.78995e-06  4.66620e-06  4.50496e-06  4.26288e-06
4.79000e+03  4.86171e-06  4.76320e-06  4.64113e-06  4.48203e-06  4.24325e-06
4.81000e+03  4.80746e-06  4.70905e-06  4.58709e-06  4.42808e-06  4.18933e-06
4.83000e+03  4.78902e-06  4.69314e-06  4.57443e-06  4.41980e-06  4.18810e-06
4.85000e+03  4.74929e-06  4.65429e-06  4.53669e-06  4.38351e-06  4.15396e-06
4.87000e+03  4.71071e-06  4.61617e-06  4.49903e-06  4.34616e-06  4.11649e-06
4.89000e+03  4.67548e-06  4.58227e-06  4.46682e-06  4.31621e-06  4.09000e-06
4.91000e+03  4.64823e-06  4.55594e-06  4.44163e-06  4.29247e-06  4.06839e-06
4.93000e+03  4.60619e-06  4.51524e-06  4.40263e-06  4.25564e-06  4.03446e-06
4.95000e+03  4.57478e-06  4.48436e-06  4.37241e-06  4.22627e-06  4.00656e-06
4.97000e+03  4.53604e-06  4.44714e-06  4.33713e-06  4.19354e-06  3.97749e-06
4.99000e+03  4.51614e-06  4.42790e-06  4.31870e-06  4.17615e-06  3.96180e-06
5.01000e+03  4.46708e-06  4.37961e-06  4.27133e-06  4.12984e-06  3.91648e-06
5.03000e+03  4.44872e-06  4.36251e-06  4.25599e-06  4.11715e-06  3.90878e-06
5.05000e+03  4.39769e-06  4.31239e-06  4.20689e-06  4.06913e-06  3.86160e-06
5.07000e+03  4.37291e-06  4.28858e-06  4.18436e-06  4.04838e-06  3.84383e-06
5.09000e+03  4.35382e-06  4.27035e-06  4.16722e-06  4.03279e-06  3.83108e-06
5.11000e+03  4.31060e-06  4.22840e-06  4.12666e-06  3.99373e-06  3.79354e-06
5.13000e+03  4.26826e-06  4.19027e-06  4.09350e-06  3.96634e-06  3.77393e-06
5.15000e+03  4.25036e-06  4.16962e-06  4.06984e-06  3.93971e-06  3.74436e-06
5.17000e+03  4.23648e-06  4.15655e-06  4.05797e-06  3.92967e-06  3.73798e-06
5.19000e+03  4.19192e-06  4.11232e-06  4.01418e-06  3.88645e-06  3.69519e-06
5.21000e+03  4.16254e-06  4.08381e-06  3.98685e-06  3.86075e-06  3.67212e-06
5.23000e+03  4.13426e-06  4.05600e-06  3.95965e-06  3.83439e-06  3.64734e-06
5.25000e+03  4.11090e-06  4.03365e-06  3.93860e-06  3.81514e-06  3.63119e-06
5.27000e+03  4.08675e-06  4.01043e-06  3.91660e-06  3.79484e-06  3.61375e-06
5.29000e+03  4.04528e-06  3.96913e-06  3.87549e-06  3.75389e-06  3.57275e-06
5.31000e+03  4.02859e-06  3.95326e-06  3.86059e-06  3.74020e-06  3.56089e-06
5.33000e+03  3.99457e-06  3.92008e-06  3.82858e-06  3.70988e-06  3.53338e-06
5.35000e+03  3.97434e-06  3.90047e-06  3.80970e-06  3.69191e-06  3.51696e-06
5.37000e+03  3.94717e-06  3.87423e-06  3.78470e-06  3.66860e-06  3.49636e-06
5.39000e+03  3.92191e-06  3.84961e-06  3.76086e-06  3.64582e-06  3.47533e-06
5.41000e+03  3.89622e-06  3.82438e-06  3.73619e-06  3.62185e-06  3.45245e-06
5.43000e+03  3.86143e-06  3.78979e-06  3.70187e-06  3.58796e-06  3.41939e-06
5.45000e+03  3.84521e-06  3.77467e-06  3.68814e-06  3.57603e-06  3.41025e-06
5.47000e+03  3.81834e-06  3.74849e-06  3.66283e-06  3.55183e-06  3.38774e-06
5.49000e+03  3.78947e-06  3.71990e-06  3.63459e-06  3.52410e-06  3.36094e-06
5.51000e+03  3.77039e-06  3.70171e-06  3.61748e-06  3.50829e-06  3.34694e-06
5.53000e+03  3.74992e-06  3.68235e-06  3.59959e-06  3.49246e-06  3.33465e-06
5.55000e+03  3.71597e-06  3.64812e-06  3.56490e-06  3.45707e-06  3.29791e-06
5.57000e+03  3.70133e-06  3.63479e-06  3.55328e-06  3.44777e-06  3.29236e-06
5.59000e+03  3.67044e-06  3.60428e-06  3.52327e-06  3.41843e-06  3.26407e-06
5.61000e+03  3.64817e-06  3.58243e-06  3.50189e-06  3.39761e-06  3.24409e-06
5.63000e+03  3.62418e-06  3.55898e-06  3.47911e-06  3.37566e-06  3.22327e-06
5.65000e+03  3.60599e-06  3.54177e-06  3.46315e-06  3.36135e-06  3.21152e-06
5.67000e+03  3.58347e-06  3.51984e-06  3.44190e-06  3.34096e-06  3.19237e-06
5.69000e+03  3.55519e-06  3.49177e-06  3.41407e-06  3.31336e-06  3.16500e-06
5.71000e+03  3.53604e-06  3.47376e-06  3.39754e-06  3.29885e-06  3.15375e-06
5.73000e+03  3.51393e-06  3.45201e-06  3.37620e-06  3.27798e-06  3.13352e-06
5.75000e+03  3.49079e-06  3.42932e-06  3.35410e-06  3.25670e-06  3.11358e-06
5.77000e+03  3.46931e-06  3.40846e-06  3.33398e-06  3.23748e-06  3.09552e-06
5.79000e+03  3.44841e-06  3.38827e-06  3.31472e-06  3.21951e-06  3.07975e-06
5.81000e+03  3.42547e-06  3.36571e-06  3.29257e-06  3.19781e-06  3.05845e-06
5.83000e+03  3.40394e-06  3.34476e-06  3.27237e-06  3.17861e-06  3.04080e-06
5.85000e+03  3.38444e-06  3.32596e-06  3.25445e-06  3.16184e-06  3.02580e-06
5.87000e+03  3.36107e-06  3.30298e-06  3.23192e-06  3.13983e-06  3.00446e-06
5.89000e+03  3.33873e-06  3.28154e-06  3.21148e-06  3.12061e-06  2.98701e-06
5.91000e+03  3.30318e-06  3.25004e-06  3.18457e-06  3.09888e-06  2.97203e-06
5.93000e+03  3.29837e-06  3.24213e-06  3.17327e-06  3.08402e-06  2.95288e-06
5.95000e+03  3.27487e-06  3.21921e-06  3.15124e-06  3.06322e-06  2.93413e-06
5.97000e+03  3.25783e-06  3.20263e-06  3.13521e-06  3.04793e-06  2.91990e-06
5.99000e+03  3.23805e-06  3.18317e-06  3.11617e-06  3.02950e-06  2.90249e-06
6.01000e+03  3.21793e-06  3.16356e-06  3.09723e-06  3.01147e-06  2.88588e-06
6.03000e+03  3.19775e-06  3.14376e-06  3.07791e-06  2.99276e-06  2.86807e-06
6.05000e+03  3.17737e-06  3.12378e-06  3.05840e-06  2.97383e-06  2.84990e-06
6.07000e+03  3.15745e-06  3.10434e-06  3.03958e-06  2.95583e-06  2.83320e-06
6.09000e+03  3.13753e-06  3.08494e-06  3.02083e-06  2.93798e-06  2.81678e-06
6.11000e+03  3.11666e-06  3.06448e-06  3.00088e-06  2.91869e-06  2.79851e-06
6.13000e+03  3.09956e-06  3.04785e-06  2.98484e-06  2.90343e-06  2.78444e-06
6.15000e+03  3.08091e-06  3.02963e-06  2.96715e-06  2.88645e-06  2.76854e-06
6.17000e+03  3.06209e-06  3.01126e-06  2.94936e-06  2.86942e-06  2.75273e-06
6.19000e+03  3.04366e-06  2.99328e-06  2.93197e-06  2.85282e-06  2.73737e-06
6.21000e+03  3.02485e-06  2.97487e-06  2.91405e-06  2.83554e-06  2.72109e-06
6.23000e+03  3.00423e-06  2.95470e-06  2.89445e-06  2.81674e-06  2.70359e-06
6.25000e+03  2.98627e-06  2.93709e-06  2.87724e-06  2.80000e-06  2.68745e-06
6.27000e+03  2.96862e-06  2.91991e-06  2.86064e-06  2.78413e-06  2.67265e-06
6.29000e+03  2.94857e-06  2.90071e-06  2.84250e-06  2.76734e-06  2.65790e-06
6.31000e+03  2.93259e-06  2.88472e-06  2.82647e-06  2.75131e-06  2.64188e-06
6.33000e+03  2.91655e-06  2.86899e-06  2.81117e-06  2.73661e-06  2.62822e-06
6.35000e+03  2.89851e-06  2.85125e-06  2.79380e-06  2.71972e-06  2.61198e-06
6.37000e+03  2.88114e-06  2.83432e-06  2.77744e-06  2.70416e-06  2.59778e-06
6.39000e+03  2.86355e-06  2.81701e-06  2.76045e-06  2.68755e-06  2.58163e-06
6.42000e+03  2.83853e-06  2.79258e-06  2.73676e-06  2.66485e-06  2.56049e-06
6.46000e+03  2.80432e-06  2.75906e-06  2.70411e-06  2.63333e-06  2.53070e-06
6.50000e+03  2.77078e-06  2.72624e-06  2.67217e-06  2.60257e-06  2.50176e-06
6.54000e+03  2.73925e-06  2.69535e-06  2.64209e-06  2.57352e-06  2.47422e-06
6.58000e+03  2.70742e-06  2.66420e-06  2.61176e-06  2.54429e-06  2.44666e-06
6.62000e+03  2.67577e-06  2.63318e-06  2.58152e-06  2.51505e-06  2.41894e-06
6.66000e+03  2.64504e-06  2.60308e-06  2.55220e-06  2.48676e-06  2.39221e-06
6.70000e+03  2.61452e-06  2.57318e-06  2.52306e-06  2.45862e-06  2.36561e-06
6.74000e+03  2.58421e-06  2.54352e-06  2.49418e-06  2.43073e-06  2.33918e-06
6.78000e+03  2.55336e-06  2.51361e-06  2.46541e-06  2.40337e-06  2.31390e-06
6.82000e+03  2.52636e-06  2.48678e-06  2.43884e-06  2.37722e-06  2.28844e-06
6.86000e+03  2.49803e-06  2.45901e-06  2.41176e-06  2.35105e-06  2.26366e-06
6.90000e+03  2.47000e-06  2.43152e-06  2.38494e-06  2.32511e-06  2.23903e-06
6.94000e+03  2.44233e-06  2.40438e-06  2.35847e-06  2.29951e-06  2.21476e-06
6.98000e+03  2.41558e-06  2.37817e-06  2.33291e-06  2.27480e-06  2.19132e-06
7.02000e+03  2.38836e-06  2.35148e-06  2.30687e-06  2.24961e-06  2.16743e-06
7.06000e+03  2.36275e-06  2.32637e-06  2.28237e-06  2.22590e-06  2.14490e-06
7.10000e+03  2.33703e-06  2.30114e-06  2.25776e-06  2.20209e-06  2.12229e-06
7.14000e+03  2.31167e-06  2.27627e-06  2.23349e-06  2.17860e-06  2.09999e-06
7.18000e+03  2.28672e-06  2.25180e-06  2.20961e-06  2.15549e-06  2.07802e-06
7.22000e+03  2.26212e-06  2.22768e-06  2.18607e-06  2.13271e-06  2.05640e-06
7.26000e+03  2.23792e-06  2.20394e-06  2.16290e-06  2.11029e-06  2.03510e-06
7.30000e+03  2.21433e-06  2.18079e-06  2.14030e-06  2.08840e-06  2.01426e-06
7.34000e+03  2.19068e-06  2.15759e-06  2.11765e-06  2.06648e-06  1.99344e-06
7.38000e+03  2.16787e-06  2.13522e-06  2.09581e-06  2.04532e-06  1.97330e-06
7.42000e+03  2.14499e-06  2.11279e-06  2.07392e-06  2.02412e-06  1.95314e-06
7.46000e+03  2.11425e-06  2.08421e-06  2.04784e-06  2.00096e-06  1.93421e-06
7.50000e+03  2.09329e-06  2.06357e-06  2.02759e-06  1.98124e-06  1.91531e-06
7.54000e+03  2.07895e-06  2.04803e-06  2.01071e-06  1.96291e-06  1.89493e-06
7.58000e+03  2.05784e-06  2.02726e-06  1.99038e-06  1.94318e-06  1.87609e-06
7.62000e+03  2.03682e-06  2.00661e-06  1.97021e-06  1.92363e-06  1.85746e-06
7.66000e+03  2.01617e-06  1.98634e-06  1.95040e-06  1.90442e-06  1.83913e-06
7.70000e+03  1.99565e-06  1.96620e-06  1.93071e-06  1.88532e-06  1.82092e-06
7.74000e+03  1.97567e-06  1.94659e-06  1.91155e-06  1.86674e-06  1.80317e-06
7.78000e+03  1.95578e-06  1.92709e-06  1.89252e-06  1.84832e-06  1.78568e-06
7.82000e+03  1.93641e-06  1.90805e-06  1.87388e-06  1.83021e-06  1.76832e-06
7.86000e+03  1.91721e-06  1.88919e-06  1.85545e-06  1.81233e-06  1.75125e-06
7.90000e+03  1.89829e-06  1.87062e-06  1.83730e-06  1.79473e-06  1.73448e-06
7.94000e+03  1.87964e-06  1.85231e-06  1.81940e-06  1.77737e-06  1.71792e-06
7.98000e+03  1.86128e-06  1.83428e-06  1.80179e-06  1.76029e-06  1.70164e-06
8.02000e+03  1.84311e-06  1.81644e-06  1.78435e-06  1.74338e-06  1.68553e-06
8.06000e+03  1.82519e-06  1.79884e-06  1.76715e-06  1.72670e-06  1.66966e-06
8.10000e+03  1.80778e-06  1.78175e-06  1.75045e-06  1.71050e-06  1.65421e-06
8.14000e+03  1.79000e-06  1.76433e-06  1.73347e-06  1.69410e-06  1.63873e-06
8.18000e+03  1.77320e-06  1.74781e-06  1.71730e-06  1.67839e-06  1.62367e-06
8.22000e+03  1.75654e-06  1.73144e-06  1.70127e-06  1.66281e-06  1.60878e-06
8.26000e+03  1.73991e-06  1.71511e-06  1.68530e-06  1.64732e-06  1.59400e-06
8.30000e+03  1.72354e-06  1.69902e-06  1.66957e-06  1.63205e-06  1.57942e-06
8.34000e+03  1.70722e-06  1.68300e-06  1.65391e-06  1.61685e-06  1.56493e-06
8.38000e+03  1.69137e-06  1.66742e-06  1.63868e-06  1.60206e-06  1.55080e-06
8.42000e+03  1.67574e-06  1.65207e-06  1.62365e-06  1.58748e-06  1.53686e-06
8.46000e+03  1.66025e-06  1.63685e-06  1.60877e-06  1.57303e-06  1.52307e-06
8.50000e+03  1.64495e-06  1.62182e-06  1.59407e-06  1.55875e-06  1.50942e-06
8.54000e+03  1.62988e-06  1.60701e-06  1.57959e-06  1.54470e-06  1.49600e-06
8.58000e+03  1.61500e-06  1.59240e-06  1.56529e-06  1.53081e-06  1.48274e-06
8.62000e+03  1.60031e-06  1.57796e-06  1.55117e-06  1.51711e-06  1.46965e-06
8.66000e+03  1.58556e-06  1.56353e-06  1.53713e-06  1.50357e-06  1.45690e-06
8.70000e+03  1.57158e-06  1.54974e-06  1.52357e-06  1.49030e-06  1.44402e-06
8.74000e+03  1.55663e-06  1.53525e-06  1.50962e-06  1.47703e-06  1.43180e-06
8.78000e+03  1.54271e-06  1.52156e-06  1.49623e-06  1.46402e-06  1.41937e-06
8.82000e+03  1.52978e-06  1.50865e-06  1.48335e-06  1.45123e-06  1.40668e-06
8.86000e+03  1.51611e-06  1.49523e-06  1.47022e-06  1.43849e-06  1.39452e-06
8.90000e+03  1.50278e-06  1.48212e-06  1.45740e-06  1.42603e-06  1.38261e-06
8.94000e+03  1.48974e-06  1.46930e-06  1.44485e-06  1.41383e-06  1.37093e-06
8.98000e+03  1.47656e-06  1.45636e-06  1.43218e-06  1.40153e-06  1.35919e-06
9.02000e+03  1.46386e-06  1.44387e-06  1.41996e-06  1.38965e-06  1.34782e-06
9.06000e+03  1.45127e-06  1.43149e-06  1.40785e-06  1.37788e-06  1.33656e-06
9.10000e+03  1.43857e-06  1.41900e-06  1.39562e-06  1.36600e-06  1.32519e-06
9.14000e+03  1.42608e-06  1.40673e-06  1.38359e-06  1.35430e-06  1.31398e-06
9.18000e+03  1.41407e-06  1.39492e-06  1.37204e-06  1.34308e-06  1.30326e-06
9.22000e+03  1.40203e-06  1.38309e-06  1.36045e-06  1.33182e-06  1.29247e-06
9.26000e+03  1.39009e-06  1.37134e-06  1.34895e-06  1.32063e-06  1.28177e-06
9.30000e+03  1.37849e-06  1.35995e-06  1.33781e-06  1.30982e-06  1.27144e-06
9.34000e+03  1.36667e-06  1.34832e-06  1.32641e-06  1.29871e-06  1.26077e-06
9.38000e+03  1.35479e-06  1.33671e-06  1.31515e-06  1.28791e-06  1.25069e-06
9.42000e+03  1.34407e-06  1.32613e-06  1.30471e-06  1.27766e-06  1.24066e-06
9.46000e+03  1.33259e-06  1.31480e-06  1.29357e-06  1.26677e-06  1.23015e-06
9.50000e+03  1.32190e-06  1.30431e-06  1.28333e-06  1.25685e-06  1.22071e-06
9.54000e+03  1.31097e-06  1.29356e-06  1.27281e-06  1.24663e-06  1.21094e-06
9.58000e+03  1.29980e-06  1.28255e-06  1.26198e-06  1.23604e-06  1.20069e-06
9.62000e+03  1.28954e-06  1.27249e-06  1.25217e-06  1.22655e-06  1.19169e-06
9.66000e+03  1.27848e-06  1.26156e-06  1.24141e-06  1.21602e-06  1.18149e-06
9.70000e+03  1.26863e-06  1.25192e-06  1.23201e-06  1.20693e-06  1.17286e-06
9.74000e+03  1.25814e-06  1.24160e-06  1.22191e-06  1.19710e-06  1.16347e-06
9.78000e+03  1.24750e-06  1.23109e-06  1.21155e-06  1.18696e-06  1.15363e-06
9.82000e+03  1.23822e-06  1.22201e-06  1.20272e-06  1.17844e-06  1.14556e-06
9.86000e+03  1.22830e-06  1.21225e-06  1.19315e-06  1.16913e-06  1.13664e-06
9.90000e+03  1.21824e-06  1.20234e-06  1.18342e-06  1.15961e-06  1.12744e-06
9.94000e+03  1.20838e-06  1.19263e-06  1.17389e-06  1.15034e-06  1.11854e-06
9.98000e+03  1.19938e-06  1.18381e-06  1.16529e-06  1.14202e-06  1.11064e-06
1.00200e+04  1.18995e-06  1.17453e-06  1.15620e-06  1.13317e-06  1.10214e-06
2.00000e+04  2.99470e-07  2.96928e-07  2.94121e-07  2.90964e-07  2.87848e-07
4.00000e+04  7.44534e-08  7.41271e-08  7.38235e-08  7.35527e-08  7.35569e-08
6.00000e+04  3.30333e-08  3.29335e-08  3.28567e-08  3.28030e-08  3.29012e-08
8.00000e+04  1.85620e-08  1.85123e-08  1.84799e-08  1.84619e-08  1.85396e-08
1.00000e+05  1.18659e-08  1.18334e-08  1.18148e-08  1.18064e-08  1.18654e-08
1.20000e+05  8.22895e-09  8.20437e-09  8.19172e-09  8.18718e-09  8.23347e-09
1.40000e+05  6.03655e-09  6.01658e-09  6.00724e-09  6.00465e-09  6.04221e-09
1.60000e+05  4.61437e-09  4.59742e-09  4.59020e-09  4.58874e-09  4.61999e-09
