9.09000e+00  1.00000e-38  1.00000e-38  1.00000e-38  1.00000e-38  1.00000e-38
9.35000e+00  1.00000e-38  1.00000e-38  1.00000e-38  1.00000e-38  1.00000e-38
9.61000e+00  1.00000e-38  1.00000e-38  1.00000e-38  1.00000e-38  1.00000e-38
9.77000e+00  1.00000e-38  1.00000e-38  1.00000e-38  1.00000e-38  1.00000e-38
9.96000e+00  1.00000e-38  1.00000e-38  1.00000e-38  1.00000e-38  1.00000e-38
1.02000e+01  1.00000e-38  1.00000e-38  1.00000e-38  1.00000e-38  1.00000e-38
1.03800e+01  1.00000e-38  1.00000e-38  1.00000e-38  1.00000e-38  1.00000e-38
1.05600e+01  1.00000e-38  1.00000e-38  1.00000e-38  1.00000e-38  1.00000e-38
1.07700e+01  1.00000e-38  1.00000e-38  1.00000e-38  1.00000e-38  1.00000e-38
1.10400e+01  1.00000e-38  1.00000e-38  1.00000e-38  1.00000e-38  1.00000e-38
1.14000e+01  1.00000e-38  1.00000e-38  1.00000e-38  1.00000e-38  1.00000e-38
1.17800e+01  1.00000e-38  1.00000e-38  1.00000e-38  1.00000e-38  1.00000e-38
1.21300e+01  1.00000e-38  1.00000e-38  1.00000e-38  1.00000e-38  1.00000e-38
1.24800e+01  1.00000e-38  1.00000e-38  1.00000e-38  1.00000e-38  1.00000e-38
1.27100e+01  1.00000e-38  1.00000e-38  1.00000e-38  1.00000e-38  1.00000e-38
1.28400e+01  1.00000e-38  1.00000e-38  1.00000e-38  1.00000e-38  1.00000e-38
1.30500e+01  1.00000e-38  1.00000e-38  1.00000e-38  1.00000e-38  1.00000e-38
1.32400e+01  1.00000e-38  1.00000e-38  1.00000e-38  1.00000e-38  1.00000e-38
1.33900e+01  1.00000e-38  1.00000e-38  1.00000e-38  1.00000e-38  1.00000e-38
1.36600e+01  1.00000e-38  1.00000e-38  1.00000e-38  1.00000e-38  1.00000e-38
1.39800e+01  1.00000e-38  1.00000e-38  1.00000e-38  1.00000e-38  1.00000e-38
1.43300e+01  1.00000e-38  1.00000e-38  1.00000e-38  1.00000e-38  1.00000e-38
1.47200e+01  1.00000e-38  1.00000e-38  1.00000e-38  1.00000e-38  1.00000e-38
1.51000e+01  1.00000e-38  1.00000e-38  1.00000e-38  1.00000e-38  1.00000e-38
1.55200e+01  1.00000e-38  1.00000e-38  1.00000e-38  1.00000e-38  1.00000e-38
1.58800e+01  1.00000e-38  1.00000e-38  1.00000e-38  1.00000e-38  1.00000e-38
1.62000e+01  1.00000e-38  1.00000e-38  1.00000e-38  1.00000e-38  1.00000e-38
1.66000e+01  1.00000e-38  1.00000e-38  1.00000e-38  1.00000e-38  1.00000e-38
1.70300e+01  1.00000e-38  1.00000e-38  1.00000e-38  1.00000e-38  1.00000e-38
1.73400e+01  1.00000e-38  1.00000e-38  1.00000e-38  1.00000e-38  1.00000e-38
1.76800e+01  1.00000e-38  1.00000e-38  1.00000e-38  1.00000e-38  1.00000e-38
1.80200e+01  1.00000e-38  1.00000e-38  1.00000e-38  1.00000e-38  1.00000e-38
1.81700e+01  1.00000e-38  1.00000e-38  1.00000e-38  1.00000e-38  1.00000e-38
1.86100e+01  1.00000e-38  1.00000e-38  1.00000e-38  1.00000e-38  1.00000e-38
1.91000e+01  1.00000e-38  1.00000e-38  1.00000e-38  1.00000e-38  1.00000e-38
1.93900e+01  1.00000e-38  1.00000e-38  1.00000e-38  1.00000e-38  1.00000e-38
1.98400e+01  1.00000e-38  1.00000e-38  1.00000e-38  1.00000e-38  1.00000e-38
2.01800e+01  1.00000e-38  1.00000e-38  1.00000e-38  1.00000e-38  1.00000e-38
2.05000e+01  1.00000e-38  1.00000e-38  1.00000e-38  1.00000e-38  1.00000e-38
2.10500e+01  1.00000e-38  1.00000e-38  1.00000e-38  1.00000e-38  1.00000e-38
2.16200e+01  1.00000e-38  1.00000e-38  1.00000e-38  1.00000e-38  1.00000e-38
2.19800e+01  1.00000e-38  1.00000e-38  1.00000e-38  1.00000e-38  1.00000e-38
2.23000e+01  1.00000e-38  1.00000e-38  1.00000e-38  1.00000e-38  1.00000e-38
2.26800e+01  1.00000e-38  1.00000e-38  1.00000e-38  1.00000e-38  1.00000e-38
2.30000e+01  1.00000e-38  1.00000e-38  1.00000e-38  1.00000e-38  1.00000e-38
2.34000e+01  1.00000e-38  1.00000e-38  1.00000e-38  1.00000e-38  1.00000e-38
2.40000e+01  1.00000e-38  1.00000e-38  1.00000e-38  1.00000e-38  1.00000e-38
2.46500e+01  1.00000e-38  1.00000e-38  1.00000e-38  1.00000e-38  1.00000e-38
2.52400e+01  1.00000e-38  1.00000e-38  1.00000e-38  1.00000e-38  1.00000e-38
2.56800e+01  1.00000e-38  1.00000e-38  1.00000e-38  1.00000e-38  1.00000e-38
2.60000e+01  1.00000e-38  1.00000e-38  1.00000e-38  1.00000e-38  1.00000e-38
2.64000e+01  1.00000e-38  1.00000e-38  1.00000e-38  1.00000e-38  1.00000e-38
2.68500e+01  1.00000e-38  1.00000e-38  1.00000e-38  1.00000e-38  1.00000e-38
2.73500e+01  1.00000e-38  1.00000e-38  1.00000e-38  1.00000e-38  1.00000e-38
2.78500e+01  1.00000e-38  1.00000e-38  1.00000e-38  1.00000e-38  1.00000e-38
2.84000e+01  1.00000e-38  1.00000e-38  1.00000e-38  1.00000e-38  1.00000e-38
2.90000e+01  1.00000e-38  1.00000e-38  1.00000e-38  1.00000e-38  1.00000e-38
2.96000e+01  1.00001e-38  1.00000e-38  1.00000e-38  1.00000e-38  1.00000e-38
3.01000e+01  1.00002e-38  1.00000e-38  1.00000e-38  1.00000e-38  1.00001e-38
3.08000e+01  1.00014e-38  1.00000e-38  1.00000e-38  1.00002e-38  1.00010e-38
3.18000e+01  1.00175e-38  1.00005e-38  1.00010e-38  1.00032e-38  1.00135e-38
3.28000e+01  1.01952e-38  1.00064e-38  1.00131e-38  1.00390e-38  1.01561e-38
3.38000e+01  1.19165e-38  1.00713e-38  1.01445e-38  1.04060e-38  1.15569e-38
3.48000e+01  2.65982e-38  1.06880e-38  1.13807e-38  1.36797e-38  2.35775e-38
3.57000e+01  1.14446e-37  1.47405e-38  1.94309e-38  3.40163e-38  9.58086e-38
3.66000e+01  6.10345e-37  3.97281e-38  6.85079e-38  1.52755e-37  5.04771e-37
3.75000e+01  3.18016e-36  1.80614e-37  3.42262e-37  7.88165e-37  2.62967e-36
3.85000e+01  1.83915e-35  1.08964e-36  2.08737e-36  4.66888e-36  1.52232e-35
3.95000e+01  9.73530e-35  6.23050e-36  1.18330e-35  2.54560e-35  8.07538e-35
4.05000e+01  4.74548e-34  3.28486e-35  6.16874e-35  1.27623e-34  3.94204e-34
4.14000e+01  1.84832e-33  1.36980e-34  2.54574e-34  5.09168e-34  1.53729e-33
4.22000e+01  5.89293e-33  4.62835e-34  8.52413e-34  1.65563e-33  4.90734e-33
4.30000e+01  1.79850e-32  1.49419e-33  2.72694e-33  5.15382e-33  1.49941e-32
4.41000e+01  7.80804e-32  6.97634e-33  1.25875e-32  2.29285e-32  6.49938e-32
4.51000e+01  2.78494e-31  2.65101e-32  4.72695e-32  8.34868e-32  2.32062e-31
4.60000e+01  8.34386e-31  8.38388e-32  1.48175e-31  2.54619e-31  6.95415e-31
4.70000e+01  2.68757e-30  2.87661e-31  5.00634e-31  8.35235e-31  2.24071e-30
4.80000e+01  8.24088e-30  9.31510e-31  1.60671e-30  2.60569e-30  6.87260e-30
4.90000e+01  2.41377e-29  2.87326e-30  4.91423e-30  7.75914e-30  2.01366e-29
5.00000e+01  6.77151e-29  8.46900e-30  1.43681e-29  2.21079e-29  5.64850e-29
5.06000e+01  1.23389e-28  1.58964e-29  2.67944e-29  4.06351e-29  1.02757e-28
5.12000e+01  2.21524e-28  2.93340e-29  4.92143e-29  7.36205e-29  1.83903e-28
5.20000e+01  4.73455e-28  6.49880e-29  1.08347e-28  1.58935e-28  3.92977e-28
5.30000e+01  1.18444e-27  1.69556e-28  2.80290e-28  4.02754e-28  9.83000e-28
5.40000e+01  2.86472e-27  4.27132e-28  7.01473e-28  9.85325e-28  2.37532e-27
5.50000e+01  6.70869e-27  1.04616e-27  1.69730e-27  2.33492e-27  5.56189e-27
5.60000e+01  1.52466e-26  2.46760e-27  3.97907e-27  5.36313e-27  1.26305e-26
5.70000e+01  3.36692e-26  5.64685e-27  9.05162e-27  1.19622e-26  2.78725e-26
5.80000e+01  7.23709e-26  1.25606e-26  2.00183e-26  2.59556e-26  5.98563e-26
5.90000e+01  1.51619e-25  2.71779e-26  4.30866e-26  5.48593e-26  1.25257e-25
6.00000e+01  3.09908e-25  5.73252e-26  9.04062e-26  1.13280e-25  2.55797e-25
6.10000e+01  6.19111e-25  1.18008e-25  1.85167e-25  2.28090e-25  5.10410e-25
6.20000e+01  1.20987e-24  2.37330e-25  3.70653e-25  4.49190e-25  9.96053e-25
6.30000e+01  2.31484e-24  4.66975e-25  7.25635e-25  8.65801e-25  1.90350e-24
6.40000e+01  4.34355e-24  8.99559e-25  1.39177e-24  1.63529e-24  3.56504e-24
6.50000e+01  7.99431e-24  1.69846e-24  2.61653e-24  3.02981e-24  6.55133e-24
6.58000e+01  1.28528e-23  2.78568e-24  4.27674e-24  4.89759e-24  1.05216e-23
6.65000e+01  1.92968e-23  4.25303e-24  6.51176e-24  7.27827e-24  1.57599e-23
6.75000e+01  3.39895e-23  7.66889e-24  1.16933e-23  1.29109e-23  2.74313e-23
6.85000e+01  5.89320e-23  1.35022e-23  2.05355e-23  2.25239e-23  4.74112e-23
6.95000e+01  1.00597e-22  2.35655e-23  3.56974e-23  3.87090e-23  8.08377e-23
7.05000e+01  1.69175e-22  4.05087e-23  6.16212e-23  6.55185e-23  1.35811e-22
7.16000e+01  2.94872e-22  7.22320e-23  1.09341e-22  1.14951e-22  2.36455e-22
7.26000e+01  4.81755e-22  1.23702e-22  1.81511e-22  1.88960e-22  3.85696e-22
7.35000e+01  7.41211e-22  1.93245e-22  2.83137e-22  2.92256e-22  5.92601e-22
7.45000e+01  1.18208e-21  3.13394e-22  4.58351e-22  4.68723e-22  9.43906e-22
7.55000e+01  1.86277e-21  5.02074e-22  7.32960e-22  7.42706e-22  1.48526e-21
7.65000e+01  2.90174e-21  7.94801e-22  1.15565e-21  1.15736e-21  2.30819e-21
7.75000e+01  4.47137e-21  1.24363e-21  1.80588e-21  1.79346e-21  3.55175e-21
7.85000e+01  6.81649e-21  1.92509e-21  2.79049e-21  2.75020e-21  5.40649e-21
7.95000e+01  1.02864e-20  2.94805e-21  4.26657e-21  4.17377e-21  8.14720e-21
8.05000e+01  1.53701e-20  4.46084e-21  6.45778e-21  6.27068e-21  1.21563e-20
8.15000e+01  2.27505e-20  6.69858e-21  9.67882e-21  9.37189e-21  1.79668e-20
8.25000e+01  3.33679e-20  9.96384e-21  1.43738e-20  1.38216e-20  2.63153e-20
8.35000e+01  4.85211e-20  1.47036e-20  2.11503e-20  2.02231e-20  3.81987e-20
8.45000e+01  6.99450e-20  2.14854e-20  3.08464e-20  2.93080e-20  5.49947e-20
8.55000e+01  1.00004e-19  3.11329e-20  4.46188e-20  4.21311e-20  7.84967e-20
8.65000e+01  1.41881e-19  4.47376e-20  6.40048e-20  6.00827e-20  1.11217e-19
8.75000e+01  1.99743e-19  6.37952e-20  9.10950e-20  8.50523e-20  1.56404e-19
8.85000e+01  2.79142e-19  9.02834e-20  1.28686e-19  1.19522e-19  2.18179e-19
8.95000e+01  3.87361e-19  1.26816e-19  1.80446e-19  1.66755e-19  3.02376e-19
9.05000e+01  5.33839e-19  1.76880e-19  2.51267e-19  2.31097e-19  4.16237e-19
9.15000e+01  2.35723e-16  4.72119e-17  2.84577e-17  1.88624e-17  1.02848e-17
9.25000e+01  6.40365e-16  1.38367e-16  8.21689e-17  5.22476e-17  2.53974e-17
9.35000e+01  7.74728e-16  1.70540e-16  9.98770e-17  6.26692e-17  2.92510e-17
9.45000e+01  9.92144e-16  2.21974e-16  1.31605e-16  8.25064e-17  3.92695e-17
9.55000e+01  1.25255e-15  2.91640e-16  1.71945e-16  1.07548e-16  4.99903e-17
9.65000e+01  1.59786e-15  3.82231e-16  2.26933e-16  1.42142e-16  6.61240e-17
9.75000e+01  1.99210e-15  4.73100e-16  2.80059e-16  1.74948e-16  8.05393e-17
9.85000e+01  2.42803e-15  5.81841e-16  3.47082e-16  2.15511e-16  9.99607e-17
9.95000e+01  3.04541e-15  7.22464e-16  4.33234e-16  2.68059e-16  1.24272e-16
1.00500e+02  3.89947e-15  9.58972e-16  5.72526e-16  3.54453e-16  1.62696e-16
1.01500e+02  4.78232e-15  1.18875e-15  7.11502e-16  4.39928e-16  2.02222e-16
1.02500e+02  5.86997e-15  1.43743e-15  8.59872e-16  5.32661e-16  2.44123e-16
1.03500e+02  7.38203e-15  1.84866e-15  1.11347e-15  6.90939e-16  3.16850e-16
1.04500e+02  9.14478e-15  2.28954e-15  1.39006e-15  8.60770e-16  3.98382e-16
1.05500e+02  1.09180e-14  2.74118e-15  1.63985e-15  1.01009e-15  4.58389e-16
1.06500e+02  1.33405e-14  3.34588e-15  2.03457e-15  1.25289e-15  5.77664e-16
1.07500e+02  1.59667e-14  4.09266e-15  2.48754e-15  1.52817e-15  6.92360e-16
1.08500e+02  1.91998e-14  4.95134e-15  3.01272e-15  1.84362e-15  8.27151e-16
1.09500e+02  2.23232e-14  5.72153e-15  3.44955e-15  2.09974e-15  9.28621e-16
1.10500e+02  2.04433e-14  6.21193e-15  3.74300e-15  2.16193e-15  7.55843e-16
1.11500e+02  1.67503e-14  5.60150e-15  2.94399e-15  1.48189e-15  3.68165e-16
1.12500e+02  1.91555e-14  6.32652e-15  3.28416e-15  1.59382e-15  4.27846e-16
1.13500e+02  2.15808e-14  7.49192e-15  3.93604e-15  1.83966e-15  4.53222e-16
1.14500e+02  2.53207e-14  8.91071e-15  4.66742e-15  2.08430e-15  5.00226e-16
1.15500e+02  3.10436e-14  1.06320e-14  5.58746e-15  2.67798e-15  7.14854e-16
1.16500e+02  3.36548e-14  1.23578e-14  6.10264e-15  2.71735e-15  6.07340e-16
1.17500e+02  3.79036e-14  1.41265e-14  7.02857e-15  3.10312e-15  6.60970e-16
1.18500e+02  4.56378e-14  1.63798e-14  8.48120e-15  3.87427e-15  8.96474e-16
1.19500e+02  6.21322e-14  2.00423e-14  1.16391e-14  6.11846e-15  1.76302e-15
1.20500e+02  6.19801e-14  2.14833e-14  1.18407e-14  5.79643e-15  1.36451e-15
1.21500e+02  7.98356e-14  1.94076e-14  9.86916e-15  4.91286e-15  1.53383e-15
1.22500e+02  8.60572e-14  2.89180e-14  1.57979e-14  7.60813e-15  1.80857e-15
1.23500e+02  8.40413e-14  3.01703e-14  1.54440e-14  6.78441e-15  1.51240e-15
1.24500e+02  8.63170e-14  3.07285e-14  1.37628e-14  5.22173e-15  1.02363e-15
1.25500e+02  9.06749e-14  3.18905e-14  1.28430e-14  4.17599e-15  7.56227e-16
1.26500e+02  1.20573e-13  4.04217e-14  1.83041e-14  7.25906e-15  1.77092e-15
1.27500e+02  1.27109e-13  4.23160e-14  1.80622e-14  6.50073e-15  1.53661e-15
1.28500e+02  1.25678e-13  4.16395e-14  1.65330e-14  5.33524e-15  1.08643e-15
1.29500e+02  1.40439e-13  4.68286e-14  1.82678e-14  5.79050e-15  1.08906e-15
1.30500e+02  1.60177e-13  5.14076e-14  2.09294e-14  7.07734e-15  1.60012e-15
1.31500e+02  1.85252e-13  5.94627e-14  2.35826e-14  7.73054e-15  1.63711e-15
1.32500e+02  1.89043e-13  5.83309e-14  2.32245e-14  7.50209e-15  1.71417e-15
1.33500e+02  2.07537e-13  6.34057e-14  2.50890e-14  8.20457e-15  1.88570e-15
1.34500e+02  2.29826e-13  7.03187e-14  2.79113e-14  9.10623e-15  2.02359e-15
1.35500e+02  2.72878e-13  8.29912e-14  3.35718e-14  1.13650e-14  2.83166e-15
1.36500e+02  2.84432e-13  8.48823e-14  3.42004e-14  1.13783e-14  2.82253e-15
1.37500e+02  3.06244e-13  9.13605e-14  3.67678e-14  1.25455e-14  3.22265e-15
1.38500e+02  3.29321e-13  9.81073e-14  3.98233e-14  1.35253e-14  3.69478e-15
1.39500e+02  3.58272e-13  1.05847e-13  4.33185e-14  1.47635e-14  4.15569e-15
1.40500e+02  4.23558e-13  1.27836e-13  5.23926e-14  1.82421e-14  5.21054e-15
1.41500e+02  4.67623e-13  1.40983e-13  5.92032e-14  2.08279e-14  6.16283e-15
1.42500e+02  5.12656e-13  1.57844e-13  6.62554e-14  2.35467e-14  7.13343e-15
1.43500e+02  5.90999e-13  1.81313e-13  7.69269e-14  2.78395e-14  8.79620e-15
1.44200e+02  6.95693e-13  2.22550e-13  9.46492e-14  3.35366e-14  9.83406e-15
1.44700e+02  6.45524e-13  2.02206e-13  8.63395e-14  3.12659e-14  9.80884e-15
1.45500e+02  7.33129e-13  2.31018e-13  9.86725e-14  3.58726e-14  1.12912e-14
1.46500e+02  8.55289e-13  2.74027e-13  1.18744e-13  4.37065e-14  1.40654e-14
1.47500e+02  8.44570e-13  2.62619e-13  1.14599e-13  4.30113e-14  1.48252e-14
1.48500e+02  9.65569e-13  3.10161e-13  1.35007e-13  5.12976e-14  1.77522e-14
1.49500e+02  1.21265e-12  3.98299e-13  1.73786e-13  6.51640e-14  2.13122e-14
1.50500e+02  1.40594e-12  4.73648e-13  2.08729e-13  7.83128e-14  2.55200e-14
1.51200e+02  1.17668e-12  3.74787e-13  1.64704e-13  6.37378e-14  2.39189e-14
1.51700e+02  1.52915e-12  5.23212e-13  2.31889e-13  8.72250e-14  2.91787e-14
1.52500e+02  2.56312e-12  1.05901e-12  4.72828e-13  1.71380e-13  4.44552e-14
1.53500e+02  1.17274e-11  7.55502e-12  4.43659e-12  1.89879e-12  3.52451e-13
1.54500e+02  1.16845e-11  7.68942e-12  4.69243e-12  2.10213e-12  3.93546e-13
1.55500e+02  1.84202e-11  1.27183e-11  8.00196e-12  3.69646e-12  7.00650e-13
1.56500e+02  1.78785e-11  1.22099e-11  7.62526e-12  3.48904e-12  6.63894e-13
1.57500e+02  3.16910e-11  2.32686e-11  1.57359e-11  8.16261e-12  1.90449e-12
1.58500e+02  3.78524e-11  2.78672e-11  1.88139e-11  9.69264e-12  2.19789e-12
1.59500e+02  4.20808e-11  3.09360e-11  2.07974e-11  1.06232e-11  2.33567e-12
1.60500e+02  4.65876e-11  3.41065e-11  2.27082e-11  1.14379e-11  2.45556e-12
1.61500e+02  5.06513e-11  3.67189e-11  2.41521e-11  1.19178e-11  2.48269e-12
1.62500e+02  5.58129e-11  4.06113e-11  2.68330e-11  1.33234e-11  2.76586e-12
1.63500e+02  6.67502e-11  4.91702e-11  3.30605e-11  1.70270e-11  3.89857e-12
1.64500e+02  8.97916e-11  6.73432e-11  4.61164e-11  2.43473e-11  5.73523e-12
1.65500e+02  6.49536e-11  4.73644e-11  3.16531e-11  1.62629e-11  3.83060e-12
1.66500e+02  1.04008e-10  7.86518e-11  5.44024e-11  2.91464e-11  7.02081e-12
1.67200e+02  7.75325e-11  5.67834e-11  3.80646e-11  1.96689e-11  4.62617e-12
1.67700e+02  1.11651e-10  8.50258e-11  5.95459e-11  3.27154e-11  8.36467e-12
1.68500e+02  1.67995e-10  1.31897e-10  9.62159e-11  5.69001e-11  1.67074e-11
1.69500e+02  2.43412e-10  1.96382e-10  1.48455e-10  9.41124e-11  3.25049e-11
1.70500e+02  2.93091e-10  2.34742e-10  1.76505e-10  1.12179e-10  4.00916e-11
1.71500e+02  3.00955e-10  2.37583e-10  1.76781e-10  1.12188e-10  4.20107e-11
1.72500e+02  3.80685e-10  3.04719e-10  2.29842e-10  1.48442e-10  5.73461e-11
1.73500e+02  4.37351e-10  3.48553e-10  2.62341e-10  1.69821e-10  6.62795e-11
1.74500e+02  5.61583e-10  4.52949e-10  3.45163e-10  2.26808e-10  9.02837e-11
1.75500e+02  6.94323e-10  5.55537e-10  4.21037e-10  2.75903e-10  1.09150e-10
1.76500e+02  6.62745e-10  5.38965e-10  4.14453e-10  2.75886e-10  1.11611e-10
1.77500e+02  7.23334e-10  5.78626e-10  4.36864e-10  2.83733e-10  1.10025e-10
1.78500e+02  9.55923e-10  7.76643e-10  5.98895e-10  4.03084e-10  1.70449e-10
1.79500e+02  1.02711e-09  8.20286e-10  6.21465e-10  4.08673e-10  1.63725e-10
1.80500e+02  1.18472e-09  9.67579e-10  7.50930e-10  5.11068e-10  2.22086e-10
1.81500e+02  1.13507e-09  9.18317e-10  7.02496e-10  4.65724e-10  1.88178e-10
1.82500e+02  1.37892e-09  1.13056e-09  8.79944e-10  6.01410e-10  2.62920e-10
1.83500e+02  1.45825e-09  1.18738e-09  9.16331e-10  6.17154e-10  2.57276e-10
1.84500e+02  1.26709e-09  1.04424e-09  8.13704e-10  5.51885e-10  2.35088e-10
1.85500e+02  1.57068e-09  1.27791e-09  9.83903e-10  6.59460e-10  2.69745e-10
1.86500e+02  1.90129e-09  1.55458e-09  1.20884e-09  8.26869e-10  3.64099e-10
1.87500e+02  2.02832e-09  1.65452e-09  1.28234e-09  8.73114e-10  3.76886e-10
1.88500e+02  2.21928e-09  1.81624e-09  1.41401e-09  9.69892e-10  4.28289e-10
1.89500e+02  2.72533e-09  2.23914e-09  1.75144e-09  1.21159e-09  5.43366e-10
1.90500e+02  2.70097e-09  2.21976e-09  1.73472e-09  1.19607e-09  5.32671e-10
1.91500e+02  3.08059e-09  2.55207e-09  2.01267e-09  1.40489e-09  6.40560e-10
1.92500e+02  3.10333e-09  2.57656e-09  2.02858e-09  1.40367e-09  6.10794e-10
1.93500e+02  2.28933e-09  1.89545e-09  1.47507e-09  9.81171e-10  3.66941e-10
1.94500e+02  3.86001e-09  3.19549e-09  2.51633e-09  1.75435e-09  7.93247e-10
1.95500e+02  4.24115e-09  3.53759e-09  2.81319e-09  1.99167e-09  9.38238e-10
1.96700e+02  5.10995e-09  4.24460e-09  3.36114e-09  2.37095e-09  1.10970e-09
1.97600e+02  5.20064e-09  4.34709e-09  3.46390e-09  2.46146e-09  1.16745e-09
1.98400e+02  5.51963e-09  4.63790e-09  3.71866e-09  2.66792e-09  1.29943e-09
1.99500e+02  5.76052e-09  4.80742e-09  3.82470e-09  2.71293e-09  1.28333e-09
2.00500e+02  5.94441e-09  4.97842e-09  3.97612e-09  2.83568e-09  1.36266e-09
2.01500e+02  6.59969e-09  5.53027e-09  4.42089e-09  3.15682e-09  1.51598e-09
2.02500e+02  5.73814e-09  4.80513e-09  3.82772e-09  2.70654e-09  1.26029e-09
2.03500e+02  7.42868e-09  6.22301e-09  4.97308e-09  3.54939e-09  1.69739e-09
2.04500e+02  8.26750e-09  6.90778e-09  5.50228e-09  3.90859e-09  1.84563e-09
2.05500e+02  8.76180e-09  7.36285e-09  5.90302e-09  4.23216e-09  2.04027e-09
2.06500e+02  8.84506e-09  7.42113e-09  5.93235e-09  4.22919e-09  2.00151e-09
2.07400e+02  9.00438e-09  7.55631e-09  6.01909e-09  4.24019e-09  1.89647e-09
2.07800e+02  1.07336e-08  8.96921e-09  7.15283e-09  5.10501e-09  2.45133e-09
2.08500e+02  1.13111e-08  9.51122e-09  7.64994e-09  5.53825e-09  2.78409e-09
2.09500e+02  1.59533e-08  1.29243e-08  1.01930e-08  7.38175e-09  3.94821e-09
2.10500e+02  3.19150e-08  2.14235e-08  1.44911e-08  9.57248e-09  4.92488e-09
2.11500e+02  4.41141e-08  2.77703e-08  1.75675e-08  1.11128e-08  5.56916e-09
2.12500e+02  3.89749e-08  2.48463e-08  1.60621e-08  1.03694e-08  5.25610e-09
2.13500e+02  4.38165e-08  2.80913e-08  1.82083e-08  1.18553e-08  6.25600e-09
2.14500e+02  5.74333e-08  3.48074e-08  2.09571e-08  1.27524e-08  6.22129e-09
2.15500e+02  5.52397e-08  3.39784e-08  2.09302e-08  1.30280e-08  6.53069e-09
2.16500e+02  4.91648e-08  3.15030e-08  2.01995e-08  1.28320e-08  6.39743e-09
2.17500e+02  4.88935e-08  3.18370e-08  2.08471e-08  1.34733e-08  6.81520e-09
2.18500e+02  6.81218e-08  4.10988e-08  2.45250e-08  1.47590e-08  7.04659e-09
2.19500e+02  6.77000e-08  4.26328e-08  2.69568e-08  1.71280e-08  8.76195e-09
2.20500e+02  6.41857e-08  4.10390e-08  2.62608e-08  1.67104e-08  8.38706e-09
2.21500e+02  4.80538e-08  3.28862e-08  2.26329e-08  1.51622e-08  7.89305e-09
2.22500e+02  6.35582e-08  4.17141e-08  2.73234e-08  1.75507e-08  8.73911e-09
2.23500e+02  9.38017e-08  5.90449e-08  3.67475e-08  2.28904e-08  1.17282e-08
2.24500e+02  9.05317e-08  5.81135e-08  3.71048e-08  2.36785e-08  1.24931e-08
2.25500e+02  7.15389e-08  4.88081e-08  3.32330e-08  2.22211e-08  1.21638e-08
2.26500e+02  5.73966e-08  4.04168e-08  2.82814e-08  1.89497e-08  9.77170e-09
2.27500e+02  6.99260e-08  4.89997e-08  3.43489e-08  2.34338e-08  1.28398e-08
2.28500e+02  1.02876e-07  6.73550e-08  4.36375e-08  2.80199e-08  1.49015e-08
2.29500e+02  7.91075e-08  5.58539e-08  3.95027e-08  2.73531e-08  1.57055e-08
2.30500e+02  9.57169e-08  6.25901e-08  4.02150e-08  2.52307e-08  1.24240e-08
2.31500e+02  8.95985e-08  6.27351e-08  4.39795e-08  3.02538e-08  1.72260e-08
2.32500e+02  8.42907e-08  6.09758e-08  4.40571e-08  3.07658e-08  1.73360e-08
2.33500e+02  7.78575e-08  6.01774e-08  4.61518e-08  3.38467e-08  2.05234e-08
2.34500e+02  5.11267e-08  4.19013e-08  3.34323e-08  2.48217e-08  1.45092e-08
2.35500e+02  9.14657e-08  6.70819e-08  4.86394e-08  3.35726e-08  1.81471e-08
2.36500e+02  6.12841e-08  4.98435e-08  3.95506e-08  2.92894e-08  1.71233e-08
2.37500e+02  7.59912e-08  6.00057e-08  4.64444e-08  3.37067e-08  1.92237e-08
2.38500e+02  5.34206e-08  4.54762e-08  3.76506e-08  2.91248e-08  1.83028e-08
2.39500e+02  6.73514e-08  5.59423e-08  4.53149e-08  3.43376e-08  2.09563e-08
2.40500e+02  7.34659e-08  6.18698e-08  5.09295e-08  3.95121e-08  2.55349e-08
2.41500e+02  7.32005e-08  5.97537e-08  4.77720e-08  3.58666e-08  2.16300e-08
2.42500e+02  1.22883e-07  9.13629e-08  6.75254e-08  4.82310e-08  2.84478e-08
2.43500e+02  1.30219e-07  9.84507e-08  7.40494e-08  5.39693e-08  3.32208e-08
2.44500e+02  1.61604e-07  1.19266e-07  8.77483e-08  6.31627e-08  3.91808e-08
2.45500e+02  1.76485e-07  1.28936e-07  9.40767e-08  6.75800e-08  4.22730e-08
2.46500e+02  1.40261e-07  1.06543e-07  8.03869e-08  5.83671e-08  3.49752e-08
2.47500e+02  1.31155e-07  1.01838e-07  7.87984e-08  5.89095e-08  3.72559e-08
2.48500e+02  6.28832e-08  5.27683e-08  4.27776e-08  3.16915e-08  1.74661e-08
2.49500e+02  9.37557e-08  7.48271e-08  5.86611e-08  4.31796e-08  2.51118e-08
2.50500e+02  1.44070e-07  1.12107e-07  8.67647e-08  6.44274e-08  3.96046e-08
2.51300e+02  8.12255e-08  7.04554e-08  5.90416e-08  4.57767e-08  2.79843e-08
2.51800e+02  6.37104e-08  5.60945e-08  4.75152e-08  3.69734e-08  2.22688e-08
2.52500e+02  6.19826e-08  5.47317e-08  4.66005e-08  3.65649e-08  2.24161e-08
2.53500e+02  8.84094e-08  7.89552e-08  6.85995e-08  5.60904e-08  3.86609e-08
2.54500e+02  1.12628e-07  9.89495e-08  8.47414e-08  6.85714e-08  4.72533e-08
2.55500e+02  2.80972e-07  2.24604e-07  1.73070e-07  1.25705e-07  7.91941e-08
2.56500e+02  2.56797e-07  2.02652e-07  1.54805e-07  1.11917e-07  6.93371e-08
2.57500e+02  4.30389e-07  3.23179e-07  2.30685e-07  1.53550e-07  8.81046e-08
2.58500e+02  4.04239e-07  3.04465e-07  2.19186e-07  1.48283e-07  8.65203e-08
2.59500e+02  3.52656e-07  2.70013e-07  1.99636e-07  1.39974e-07  8.49322e-08
2.60500e+02  2.78857e-07  2.23558e-07  1.75437e-07  1.31643e-07  8.63503e-08
2.61500e+02  2.57291e-07  2.08142e-07  1.64967e-07  1.25086e-07  8.28490e-08
2.62500e+02  3.89034e-07  3.01646e-07  2.28043e-07  1.65405e-07  1.06372e-07
2.63500e+02  9.38868e-07  6.93697e-07  4.77796e-07  3.00041e-07  1.62343e-07
2.64500e+02  1.29186e-06  9.49922e-07  6.43641e-07  3.88213e-07  1.92151e-07
2.65500e+02  2.02365e-06  1.50727e-06  1.02690e-06  6.09548e-07  2.79591e-07
2.66500e+02  1.05201e-06  7.90025e-07  5.55014e-07  3.55467e-07  1.93724e-07
2.67500e+02  1.25371e-06  9.30976e-07  6.40784e-07  3.95834e-07  2.01597e-07
2.68500e+02  1.60156e-06  1.19729e-06  8.27310e-07  5.09067e-07  2.54402e-07
2.69500e+02  1.09664e-06  8.19511e-07  5.69612e-07  3.57818e-07  1.88366e-07
2.70500e+02  1.43653e-06  1.07632e-06  7.46773e-07  4.63303e-07  2.35484e-07
2.71500e+02  9.21490e-07  6.94828e-07  4.92110e-07  3.20107e-07  1.78883e-07
2.72500e+02  5.78357e-07  4.38783e-07  3.21642e-07  2.25909e-07  1.41628e-07
2.73500e+02  7.88224e-07  5.95189e-07  4.29018e-07  2.91628e-07  1.75526e-07
2.74500e+02  4.08091e-07  3.36112e-07  2.71364e-07  2.10665e-07  1.46458e-07
2.75500e+02  6.30967e-07  4.97894e-07  3.80499e-07  2.76937e-07  1.79092e-07
2.76500e+02  9.50050e-07  7.28812e-07  5.34594e-07  3.69893e-07  2.28225e-07
2.77500e+02  9.30050e-07  7.18702e-07  5.35752e-07  3.80856e-07  2.43983e-07
2.78500e+02  4.45279e-07  3.81586e-07  3.19901e-07  2.56461e-07  1.82376e-07
2.79500e+02  1.87640e-07  1.70093e-07  1.50708e-07  1.27321e-07  9.46716e-08
2.80500e+02  2.37285e-07  2.13119e-07  1.87148e-07  1.56902e-07  1.16274e-07
2.81500e+02  7.97629e-07  6.38309e-07  4.98799e-07  3.74684e-07  2.53139e-07
2.82500e+02  1.35693e-06  1.01742e-06  7.26769e-07  4.90490e-07  2.97987e-07
2.83500e+02  1.18836e-06  8.89866e-07  6.36540e-07  4.33768e-07  2.69299e-07
2.84500e+02  5.44104e-07  4.38125e-07  3.47455e-07  2.66461e-07  1.79227e-07
2.85500e+02  2.25810e-07  1.97579e-07  1.67334e-07  1.31365e-07  8.16232e-08
2.86500e+02  9.33985e-07  7.07594e-07  5.19849e-07  3.69828e-07  2.39400e-07
2.87500e+02  1.89127e-06  1.40774e-06  9.76975e-07  6.22644e-07  3.51444e-07
2.88500e+02  1.75867e-06  1.34676e-06  9.68267e-07  6.40132e-07  3.69564e-07
2.89500e+02  2.49357e-06  1.91592e-06  1.36848e-06  8.80357e-07  4.74867e-07
2.91000e+02  3.44318e-06  2.65421e-06  1.89264e-06  1.19966e-06  6.12839e-07
2.93000e+02  3.08832e-06  2.40922e-06  1.74913e-06  1.13917e-06  6.04967e-07
2.95000e+02  2.92906e-06  2.27661e-06  1.64720e-06  1.07152e-06  5.74050e-07
2.97000e+02  3.17967e-06  2.46399e-06  1.77362e-06  1.14442e-06  6.04789e-07
2.99000e+02  3.12583e-06  2.42875e-06  1.75517e-06  1.13852e-06  6.07336e-07
3.01000e+02  3.05246e-06  2.35032e-06  1.68037e-06  1.07885e-06  5.74048e-07
3.03000e+02  3.55898e-06  2.77836e-06  2.01440e-06  1.30640e-06  6.88171e-07
3.05000e+02  3.70778e-06  2.89239e-06  2.09734e-06  1.36414e-06  7.28718e-07
3.07000e+02  4.23766e-06  3.34898e-06  2.46806e-06  1.63515e-06  8.83730e-07
3.09000e+02  4.02853e-06  3.18555e-06  2.35898e-06  1.58513e-06  8.87347e-07
3.11000e+02  4.80914e-06  3.85443e-06  2.89083e-06  1.95701e-06  1.07938e-06
3.13000e+02  4.72856e-06  3.75928e-06  2.79647e-06  1.88420e-06  1.05570e-06
3.15000e+02  4.59773e-06  3.70030e-06  2.80032e-06  1.93075e-06  1.10924e-06
3.17000e+02  5.05447e-06  4.07921e-06  3.09698e-06  2.14323e-06  1.23793e-06
3.19000e+02  4.37627e-06  3.53181e-06  2.68755e-06  1.87295e-06  1.10348e-06
3.21000e+02  4.94207e-06  3.97583e-06  3.00785e-06  2.07653e-06  1.20724e-06
3.23000e+02  3.93495e-06  3.17724e-06  2.42716e-06  1.70996e-06  1.03637e-06
3.25000e+02  5.64694e-06  4.59385e-06  3.51698e-06  2.45321e-06  1.42554e-06
3.27000e+02  6.88204e-06  5.62853e-06  4.32861e-06  3.02386e-06  1.74003e-06
3.29000e+02  6.61503e-06  5.42155e-06  4.19074e-06  2.95937e-06  1.74479e-06
3.31000e+02  6.30800e-06  5.14711e-06  3.96267e-06  2.79240e-06  1.65434e-06
3.33000e+02  6.50195e-06  5.31701e-06  4.10152e-06  2.89338e-06  1.71315e-06
3.35000e+02  6.34985e-06  5.18359e-06  3.99429e-06  2.82086e-06  1.68604e-06
3.37000e+02  4.96564e-06  4.04332e-06  3.12502e-06  2.23887e-06  1.39301e-06
3.39000e+02  5.71819e-06  4.65023e-06  3.57901e-06  2.54128e-06  1.55635e-06
3.41000e+02  5.85687e-06  4.78017e-06  3.69433e-06  2.63529e-06  1.62250e-06
3.43000e+02  5.99987e-06  4.92641e-06  3.83998e-06  2.77223e-06  1.73747e-06
3.45000e+02  6.42921e-06  5.27200e-06  4.08940e-06  2.91975e-06  1.78909e-06
3.47000e+02  6.76880e-06  5.56427e-06  4.32702e-06  3.09605e-06  1.89945e-06
3.49000e+02  7.51500e-06  6.21123e-06  4.85616e-06  3.48655e-06  2.12544e-06
3.51000e+02  7.89078e-06  6.53272e-06  5.11621e-06  3.67742e-06  2.23837e-06
3.53000e+02  7.29442e-06  6.02531e-06  4.70310e-06  3.36447e-06  2.03767e-06
3.55000e+02  8.39963e-06  6.92132e-06  5.37951e-06  3.82086e-06  2.28986e-06
3.57000e+02  5.71634e-06  4.66956e-06  3.61855e-06  2.59927e-06  1.63749e-06
3.59000e+02  6.10311e-06  5.04276e-06  3.95891e-06  2.88031e-06  1.81695e-06
3.61000e+02  7.43264e-06  6.21081e-06  4.93196e-06  3.62072e-06  2.28180e-06
3.63000e+02  7.78039e-06  6.53896e-06  5.22859e-06  3.86963e-06  2.45816e-06
3.64000e+02  7.84498e-06  6.59938e-06  5.28961e-06  3.93395e-06  2.52529e-06
3.65000e+02  9.30565e-06  7.81377e-06  6.23326e-06  4.59021e-06  2.88162e-06
3.67000e+02  9.74463e-06  8.21784e-06  6.58865e-06  4.87883e-06  3.07759e-06
3.69000e+02  9.24873e-06  7.77888e-06  6.22679e-06  4.61621e-06  2.94058e-06
3.71000e+02  9.75991e-06  8.23115e-06  6.60289e-06  4.89321e-06  3.09707e-06
3.73000e+02  6.71583e-06  5.61832e-06  4.48635e-06  3.34327e-06  2.19653e-06
3.75000e+02  7.77333e-06  6.47804e-06  5.12114e-06  3.74831e-06  2.39874e-06
3.77000e+02  9.81239e-06  8.21052e-06  6.49193e-06  4.72053e-06  2.95631e-06
3.79000e+02  1.00575e-05  8.33057e-06  6.49301e-06  4.65149e-06  2.88809e-06
3.81000e+02  9.69243e-06  7.91920e-06  6.09095e-06  4.32469e-06  2.70007e-06
3.83000e+02  5.09573e-06  4.23055e-06  3.39256e-06  2.61278e-06  1.86376e-06
3.85000e+02  7.42758e-06  5.94188e-06  4.50776e-06  3.21921e-06  2.11454e-06
3.87000e+02  7.68541e-06  6.19478e-06  4.74857e-06  3.42348e-06  2.23731e-06
3.89000e+02  9.72621e-06  8.18907e-06  6.53518e-06  4.83806e-06  3.13310e-06
3.91000e+02  1.27855e-05  1.04746e-05  8.12914e-06  5.86297e-06  3.73748e-06
3.93000e+02  5.96397e-06  5.00093e-06  4.07969e-06  3.20639e-06  2.32732e-06
3.95000e+02  1.09377e-05  8.99289e-06  7.07544e-06  5.25360e-06  3.52502e-06
3.97000e+02  6.96080e-06  5.93585e-06  4.88735e-06  3.83864e-06  2.75361e-06
3.99000e+02  1.61540e-05  1.33949e-05  1.05041e-05  7.61387e-06  4.80159e-06
4.01000e+02  1.80558e-05  1.48708e-05  1.16121e-05  8.37773e-06  5.23539e-06
4.03000e+02  1.80456e-05  1.48183e-05  1.15403e-05  8.29905e-06  5.16300e-06
4.05000e+02  1.71544e-05  1.40834e-05  1.09797e-05  7.93214e-06  5.00473e-06
4.07000e+02  1.67218e-05  1.37627e-05  1.07390e-05  7.76106e-06  4.90388e-06
4.09000e+02  1.88771e-05  1.59617e-05  1.27335e-05  9.33110e-06  5.83416e-06
4.11000e+02  1.79107e-05  1.53854e-05  1.24997e-05  9.33863e-06  5.92903e-06
4.13000e+02  1.90184e-05  1.57295e-05  1.22902e-05  8.84146e-06  5.49639e-06
4.15000e+02  1.94010e-05  1.58596e-05  1.22531e-05  8.70825e-06  5.36067e-06
4.17000e+02  1.96581e-05  1.60916e-05  1.24801e-05  8.92733e-06  5.54302e-06
4.19000e+02  1.90251e-05  1.55887e-05  1.21330e-05  8.75219e-06  5.53174e-06
4.21000e+02  1.99677e-05  1.64612e-05  1.29065e-05  9.38229e-06  5.94949e-06
4.23000e+02  1.90062e-05  1.57706e-05  1.24901e-05  9.22627e-06  5.99511e-06
4.25000e+02  2.03087e-05  1.68153e-05  1.32761e-05  9.77265e-06  6.34552e-06
4.27000e+02  1.88414e-05  1.56429e-05  1.24165e-05  9.23940e-06  6.13269e-06
4.29000e+02  1.74175e-05  1.44954e-05  1.15451e-05  8.63850e-06  5.78572e-06
4.31000e+02  1.43862e-05  1.20841e-05  9.76856e-06  7.49601e-06  5.23847e-06
4.33000e+02  2.02120e-05  1.73089e-05  1.40886e-05  1.06690e-05  7.07907e-06
4.35000e+02  1.92805e-05  1.66487e-05  1.36927e-05  1.05023e-05  7.09526e-06
4.37000e+02  2.31506e-05  1.94777e-05  1.55816e-05  1.16042e-05  7.60837e-06
4.39000e+02  2.10954e-05  1.76495e-05  1.41122e-05  1.05757e-05  7.06359e-06
4.41000e+02  2.29026e-05  1.91763e-05  1.53274e-05  1.14402e-05  7.54623e-06
4.43000e+02  2.38586e-05  2.00868e-05  1.61602e-05  1.21383e-05  8.01393e-06
4.45000e+02  2.43157e-05  2.04843e-05  1.64869e-05  1.23773e-05  8.14875e-06
4.47000e+02  2.59085e-05  2.18615e-05  1.76220e-05  1.32373e-05  8.68574e-06
4.49000e+02  2.62174e-05  2.21763e-05  1.79328e-05  1.35280e-05  8.92805e-06
4.51000e+02  2.97167e-05  2.51563e-05  2.03365e-05  1.53004e-05  1.00090e-05
4.53000e+02  2.66355e-05  2.25681e-05  1.82835e-05  1.38160e-05  9.11972e-06
4.55000e+02  2.77301e-05  2.34989e-05  1.90445e-05  1.44055e-05  9.53466e-06
4.57000e+02  2.97609e-05  2.52429e-05  2.04663e-05  1.54702e-05  1.02008e-05
4.59000e+02  2.81545e-05  2.39596e-05  1.95219e-05  1.48680e-05  9.92491e-06
4.61000e+02  2.90600e-05  2.47189e-05  2.01237e-05  1.53067e-05  1.02039e-05
4.63000e+02  2.84406e-05  2.41927e-05  1.97074e-05  1.50214e-05  1.00792e-05
4.65000e+02  2.91123e-05  2.47811e-05  2.01940e-05  1.53859e-05  1.02960e-05
4.67000e+02  3.00735e-05  2.56095e-05  2.08754e-05  1.59091e-05  1.06559e-05
4.69000e+02  2.94493e-05  2.51536e-05  2.05805e-05  1.57578e-05  1.06151e-05
4.71000e+02  2.80394e-05  2.40552e-05  1.97989e-05  1.52931e-05  1.04517e-05
4.73000e+02  3.02495e-05  2.58627e-05  2.11927e-05  1.62705e-05  1.10132e-05
4.75000e+02  3.11554e-05  2.67076e-05  2.19506e-05  1.69111e-05  1.14848e-05
4.77000e+02  3.14891e-05  2.70426e-05  2.22657e-05  1.71848e-05  1.16863e-05
4.79000e+02  3.15735e-05  2.71450e-05  2.23703e-05  1.72856e-05  1.17837e-05
4.81000e+02  3.09300e-05  2.66673e-05  2.20469e-05  1.71168e-05  1.17674e-05
4.83000e+02  3.18003e-05  2.75813e-05  2.28818e-05  1.77842e-05  1.21895e-05
4.85000e+02  2.85227e-05  2.51492e-05  2.12445e-05  1.68403e-05  1.17887e-05
4.87000e+02  2.50194e-05  2.23187e-05  1.91602e-05  1.55092e-05  1.11629e-05
4.89000e+02  3.02919e-05  2.64150e-05  2.20659e-05  1.73140e-05  1.20393e-05
4.91000e+02  3.09549e-05  2.68412e-05  2.23384e-05  1.74889e-05  1.21665e-05
4.93000e+02  3.05400e-05  2.64362e-05  2.19958e-05  1.72416e-05  1.20375e-05
4.95000e+02  3.25145e-05  2.81416e-05  2.34018e-05  1.83084e-05  1.27116e-05
4.97000e+02  3.25821e-05  2.81540e-05  2.33818e-05  1.82812e-05  1.27104e-05
4.99000e+02  3.03609e-05  2.62778e-05  2.18876e-05  1.71962e-05  1.20610e-05
5.01000e+02  2.89553e-05  2.50899e-05  2.09403e-05  1.65078e-05  1.16508e-05
5.03000e+02  3.10692e-05  2.69078e-05  2.24305e-05  1.76400e-05  1.23851e-05
5.05000e+02  3.13600e-05  2.71679e-05  2.26473e-05  1.78016e-05  1.24853e-05
5.07000e+02  3.30963e-05  2.86584e-05  2.38660e-05  1.87244e-05  1.30858e-05
5.09000e+02  3.17495e-05  2.74797e-05  2.28832e-05  1.79692e-05  1.26077e-05
5.11000e+02  3.26341e-05  2.82430e-05  2.35083e-05  1.84410e-05  1.29127e-05
5.13000e+02  3.17125e-05  2.74596e-05  2.28853e-05  1.80010e-05  1.26834e-05
5.15000e+02  3.06262e-05  2.65564e-05  2.21819e-05  1.75105e-05  1.24102e-05
5.17000e+02  2.64891e-05  2.29786e-05  1.92654e-05  1.53669e-05  1.11819e-05
5.19000e+02  2.73547e-05  2.38216e-05  2.00693e-05  1.61043e-05  1.17918e-05
5.21000e+02  3.17313e-05  2.75930e-05  2.31266e-05  1.83321e-05  1.30463e-05
5.23000e+02  3.24030e-05  2.82364e-05  2.37389e-05  1.89055e-05  1.35572e-05
5.25000e+02  3.36760e-05  2.93990e-05  2.47616e-05  1.97463e-05  1.41441e-05
5.27000e+02  2.90483e-05  2.54576e-05  2.15908e-05  1.74257e-05  1.27699e-05
5.29000e+02  3.38679e-05  2.96177e-05  2.50025e-05  2.00019e-05  1.44003e-05
5.31000e+02  3.55614e-05  3.11498e-05  2.63392e-05  2.11019e-05  1.52013e-05
5.33000e+02  3.11778e-05  2.73577e-05  2.32208e-05  1.87442e-05  1.37264e-05
5.35000e+02  3.44564e-05  3.02168e-05  2.55986e-05  2.05734e-05  1.49108e-05
5.37000e+02  3.49257e-05  3.06285e-05  2.59418e-05  2.08402e-05  1.50987e-05
5.39000e+02  3.46261e-05  3.03512e-05  2.56933e-05  2.06302e-05  1.49432e-05
5.41000e+02  3.32011e-05  2.91986e-05  2.48362e-05  2.00811e-05  1.47033e-05
5.43000e+02  3.48161e-05  3.05557e-05  2.59070e-05  2.08441e-05  1.51401e-05
5.45000e+02  3.63487e-05  3.19289e-05  2.70845e-05  2.17873e-05  1.57988e-05
5.47000e+02  3.55301e-05  3.12227e-05  2.65143e-05  2.13772e-05  1.55750e-05
5.49000e+02  3.49773e-05  3.07709e-05  2.61787e-05  2.11695e-05  1.55066e-05
5.51000e+02  3.53017e-05  3.10442e-05  2.63973e-05  2.13294e-05  1.55997e-05
5.53000e+02  3.59269e-05  3.16376e-05  2.69415e-05  2.18058e-05  1.59859e-05
5.55000e+02  3.67692e-05  3.24065e-05  2.76201e-05  2.23714e-05  1.64003e-05
5.57000e+02  3.59690e-05  3.17322e-05  2.70827e-05  2.19813e-05  1.61703e-05
5.59000e+02  3.51375e-05  3.10025e-05  2.64788e-05  2.15302e-05  1.59059e-05
5.61000e+02  3.69473e-05  3.26226e-05  2.78645e-05  2.26318e-05  1.66534e-05
5.63000e+02  3.69602e-05  3.26191e-05  2.78538e-05  2.26250e-05  1.66685e-05
5.65000e+02  3.70304e-05  3.27242e-05  2.79948e-05  2.27990e-05  1.68611e-05
5.67000e+02  3.61602e-05  3.19959e-05  2.74245e-05  2.24000e-05  1.66445e-05
5.69000e+02  3.72230e-05  3.29593e-05  2.82633e-05  2.30853e-05  1.71355e-05
5.71000e+02  3.67110e-05  3.24960e-05  2.78540e-05  2.27382e-05  1.68651e-05
5.73000e+02  3.98004e-05  3.52445e-05  3.01958e-05  2.45993e-05  1.81407e-05
5.75000e+02  3.81466e-05  3.38083e-05  2.90180e-05  2.37227e-05  1.76230e-05
5.77000e+02  3.89821e-05  3.45548e-05  2.96558e-05  2.42311e-05  1.79747e-05
5.79000e+02  3.75497e-05  3.32863e-05  2.85885e-05  2.34055e-05  1.74446e-05
5.81000e+02  3.90636e-05  3.46630e-05  2.97928e-05  2.43970e-05  1.81629e-05
5.83000e+02  4.01053e-05  3.56182e-05  3.06361e-05  2.50972e-05  1.86725e-05
5.85000e+02  3.92095e-05  3.48330e-05  2.99791e-05  2.45889e-05  1.83444e-05
5.87000e+02  3.95025e-05  3.51087e-05  3.02305e-05  2.48070e-05  1.85161e-05
5.89000e+02  3.56396e-05  3.16369e-05  2.72426e-05  2.24164e-05  1.68960e-05
5.91000e+02  3.93698e-05  3.50072e-05  3.01659e-05  2.47860e-05  1.85480e-05
5.93000e+02  3.95109e-05  3.51599e-05  3.03273e-05  2.49505e-05  1.87033e-05
5.95000e+02  3.98085e-05  3.54400e-05  3.05816e-05  2.51685e-05  1.88690e-05
5.97000e+02  4.02651e-05  3.58727e-05  3.09786e-05  2.55155e-05  1.91459e-05
5.99000e+02  3.98172e-05  3.54824e-05  3.06595e-05  2.52823e-05  1.90180e-05
6.01000e+02  3.91985e-05  3.49712e-05  3.02657e-05  2.50112e-05  1.88704e-05
6.03000e+02  3.97113e-05  3.54717e-05  3.07429e-05  2.54478e-05  1.92356e-05
6.05000e+02  4.08040e-05  3.64286e-05  3.15424e-05  2.60700e-05  1.96567e-05
6.07000e+02  4.08684e-05  3.64934e-05  3.16034e-05  2.61233e-05  1.96983e-05
6.09000e+02  3.94927e-05  3.52566e-05  3.05472e-05  2.52969e-05  1.91726e-05
6.11000e+02  3.94385e-05  3.52463e-05  3.05792e-05  2.53661e-05  1.92693e-05
6.13000e+02  3.78775e-05  3.38581e-05  2.93962e-05  2.44255e-05  1.86260e-05
6.15000e+02  3.86610e-05  3.46231e-05  3.01238e-05  2.50889e-05  1.91797e-05
6.17000e+02  3.74311e-05  3.35351e-05  2.92004e-05  2.43545e-05  1.86660e-05
6.19000e+02  4.02240e-05  3.59961e-05  3.12750e-05  2.59858e-05  1.97759e-05
6.21000e+02  4.05142e-05  3.62730e-05  3.15290e-05  2.62038e-05  1.99361e-05
6.23000e+02  3.93632e-05  3.52581e-05  3.06781e-05  2.55479e-05  1.95189e-05
6.25000e+02  3.81570e-05  3.42288e-05  2.98476e-05  2.49357e-05  1.91475e-05
6.27000e+02  4.03936e-05  3.61914e-05  3.14898e-05  2.62110e-05  1.99949e-05
6.29000e+02  4.08454e-05  3.66221e-05  3.18895e-05  2.65661e-05  2.02843e-05
6.31000e+02  3.94675e-05  3.54122e-05  3.08793e-05  2.57906e-05  1.97965e-05
6.33000e+02  3.97894e-05  3.57176e-05  3.11637e-05  2.60483e-05  2.00158e-05
6.35000e+02  3.96245e-05  3.55799e-05  3.10637e-05  2.59969e-05  2.00303e-05
6.37000e+02  3.96421e-05  3.55984e-05  3.10841e-05  2.60217e-05  2.00654e-05
6.39000e+02  4.08619e-05  3.67238e-05  3.20745e-05  2.68291e-05  2.06148e-05
6.41000e+02  3.98879e-05  3.58942e-05  3.14098e-05  2.63494e-05  2.03434e-05
6.43000e+02  4.06439e-05  3.65635e-05  3.19739e-05  2.67904e-05  2.06402e-05
6.45000e+02  3.99727e-05  3.60119e-05  3.15572e-05  2.65239e-05  2.05410e-05
6.47000e+02  4.01153e-05  3.61488e-05  3.16782e-05  2.66215e-05  2.06084e-05
6.49000e+02  3.98528e-05  3.59432e-05  3.15170e-05  2.64948e-05  2.05060e-05
6.51000e+02  4.09218e-05  3.69506e-05  3.24195e-05  2.72531e-05  2.10719e-05
6.53000e+02  4.06558e-05  3.68252e-05  3.24030e-05  2.73150e-05  2.11819e-05
6.55000e+02  3.90408e-05  3.57035e-05  3.17477e-05  2.70338e-05  2.11304e-05
6.57000e+02  3.47579e-05  3.22618e-05  2.92490e-05  2.55160e-05  2.05600e-05
6.59000e+02  4.02888e-05  3.66398e-05  3.23764e-05  2.74094e-05  2.13442e-05
6.61000e+02  4.14065e-05  3.74835e-05  3.29787e-05  2.78143e-05  2.16011e-05
6.63000e+02  4.11438e-05  3.71938e-05  3.27059e-05  2.75974e-05  2.14849e-05
6.65000e+02  4.14383e-05  3.74488e-05  3.29256e-05  2.77787e-05  2.16171e-05
6.67000e+02  4.09942e-05  3.70428e-05  3.25765e-05  2.75039e-05  2.14392e-05
6.69000e+02  4.18909e-05  3.78594e-05  3.32997e-05  2.81155e-05  2.19093e-05
6.71000e+02  4.09896e-05  3.70463e-05  3.25980e-05  2.75515e-05  2.15200e-05
6.73000e+02  4.18799e-05  3.78820e-05  3.33629e-05  2.82222e-05  2.20565e-05
6.75000e+02  4.14233e-05  3.74942e-05  3.30526e-05  2.79945e-05  2.19154e-05
6.77000e+02  4.15662e-05  3.76109e-05  3.31473e-05  2.80773e-05  2.20050e-05
6.79000e+02  4.14286e-05  3.74904e-05  3.30506e-05  2.80110e-05  2.19790e-05
6.81000e+02  4.13234e-05  3.74185e-05  3.30138e-05  2.80092e-05  2.20085e-05
6.83000e+02  4.20006e-05  3.80506e-05  3.35814e-05  2.84877e-05  2.23606e-05
6.85000e+02  4.09436e-05  3.71018e-05  3.27691e-05  2.78458e-05  2.19390e-05
6.87000e+02  4.17475e-05  3.78314e-05  3.34020e-05  2.83564e-05  2.22930e-05
6.89000e+02  4.18429e-05  3.79407e-05  3.35306e-05  2.85073e-05  2.24634e-05
6.91000e+02  4.16711e-05  3.77931e-05  3.34109e-05  2.84201e-05  2.24179e-05
6.93000e+02  4.16576e-05  3.77847e-05  3.34060e-05  2.84157e-05  2.24084e-05
6.95000e+02  4.17666e-05  3.78862e-05  3.34923e-05  2.84773e-05  2.24323e-05
6.97000e+02  4.17435e-05  3.78829e-05  3.35153e-05  2.85321e-05  2.25240e-05
6.99000e+02  4.19350e-05  3.80542e-05  3.36564e-05  2.86324e-05  2.25709e-05
7.01000e+02  4.02195e-05  3.65608e-05  3.24312e-05  2.77221e-05  2.20377e-05
7.03000e+02  4.15162e-05  3.77074e-05  3.33961e-05  2.84758e-05  2.25433e-05
7.05000e+02  4.19119e-05  3.80851e-05  3.37473e-05  2.87881e-05  2.27948e-05
7.07000e+02  4.15054e-05  3.77188e-05  3.34325e-05  2.85379e-05  2.26284e-05
7.09000e+02  4.14360e-05  3.76641e-05  3.33953e-05  2.85211e-05  2.26343e-05
7.11000e+02  4.17015e-05  3.79551e-05  3.36917e-05  2.87928e-05  2.28350e-05
7.13000e+02  4.12355e-05  3.74980e-05  3.32608e-05  2.84141e-05  2.25507e-05
7.15000e+02  4.10984e-05  3.73860e-05  3.31780e-05  2.83646e-05  2.25400e-05
7.17000e+02  4.11352e-05  3.74484e-05  3.32699e-05  2.84885e-05  2.26981e-05
7.19000e+02  3.98943e-05  3.63435e-05  3.23316e-05  2.77517e-05  2.22104e-05
7.21000e+02  4.13696e-05  3.76747e-05  3.34781e-05  2.86673e-05  2.28294e-05
7.23000e+02  4.13314e-05  3.76725e-05  3.35224e-05  2.87674e-05  2.29958e-05
7.25000e+02  4.17696e-05  3.80785e-05  3.38806e-05  2.90576e-05  2.31866e-05
7.27000e+02  4.18424e-05  3.81317e-05  3.39136e-05  2.90729e-05  2.31924e-05
7.29000e+02  4.04304e-05  3.68856e-05  3.28687e-05  2.82670e-05  2.26770e-05
7.31000e+02  4.16619e-05  3.79926e-05  3.38186e-05  2.90235e-05  2.31902e-05
7.33000e+02  4.16190e-05  3.79645e-05  3.38070e-05  2.90300e-05  2.32156e-05
7.35000e+02  4.19124e-05  3.82215e-05  3.40214e-05  2.91959e-05  2.33264e-05
7.37000e+02  4.19841e-05  3.83222e-05  3.41554e-05  2.93649e-05  2.35276e-05
7.39000e+02  4.08919e-05  3.73658e-05  3.33578e-05  2.87519e-05  2.31377e-05
7.41000e+02  4.07290e-05  3.72427e-05  3.32748e-05  2.87086e-05  2.31312e-05
7.43000e+02  4.12064e-05  3.76806e-05  3.36679e-05  2.90488e-05  2.34049e-05
7.45000e+02  4.14878e-05  3.79324e-05  3.38829e-05  2.92190e-05  2.35194e-05
7.47000e+02  4.20705e-05  3.84701e-05  3.43560e-05  2.96032e-05  2.37788e-05
7.49000e+02  4.17249e-05  3.81533e-05  3.40793e-05  2.93829e-05  2.36429e-05
7.51000e+02  4.20171e-05  3.84283e-05  3.43333e-05  2.96116e-05  2.38389e-05
7.53000e+02  4.22441e-05  3.86550e-05  3.45538e-05  2.98168e-05  2.40120e-05
7.55000e+02  4.23645e-05  3.87645e-05  3.46549e-05  2.99133e-05  2.41104e-05
7.57000e+02  4.19128e-05  3.83718e-05  3.43353e-05  2.96824e-05  2.39859e-05
7.59000e+02  4.21313e-05  3.85679e-05  3.44980e-05  2.97997e-05  2.40464e-05
7.61000e+02  4.16957e-05  3.81952e-05  3.42078e-05  2.96133e-05  2.39893e-05
7.63000e+02  4.25286e-05  3.89584e-05  3.48711e-05  3.01411e-05  2.43315e-05
7.65000e+02  4.22635e-05  3.87464e-05  3.47239e-05  3.00690e-05  2.43423e-05
7.67000e+02  4.10776e-05  3.76837e-05  3.38060e-05  2.93209e-05  2.38032e-05
7.69000e+02  4.21730e-05  3.87079e-05  3.47369e-05  3.01278e-05  2.44375e-05
7.71000e+02  4.20161e-05  3.85361e-05  3.45517e-05  2.99368e-05  2.42555e-05
7.73000e+02  4.19444e-05  3.84751e-05  3.45108e-05  2.99266e-05  2.42922e-05
7.75000e+02  4.16171e-05  3.82067e-05  3.43042e-05  2.97840e-05  2.42160e-05
7.77000e+02  4.23556e-05  3.89314e-05  3.49927e-05  3.04057e-05  2.47223e-05
7.79000e+02  4.27919e-05  3.92817e-05  3.52508e-05  3.05688e-05  2.47897e-05
7.81000e+02  4.22853e-05  3.88458e-05  3.49058e-05  3.03345e-05  2.46896e-05
7.83000e+02  4.20681e-05  3.86686e-05  3.47680e-05  3.02343e-05  2.46248e-05
7.85000e+02  4.21063e-05  3.87013e-05  3.47954e-05  3.02575e-05  2.46479e-05
7.87000e+02  4.26226e-05  3.91674e-05  3.51948e-05  3.05720e-05  2.48521e-05
7.89000e+02  4.23625e-05  3.89218e-05  3.49646e-05  3.03567e-05  2.46518e-05
7.91000e+02  4.17918e-05  3.83979e-05  3.44998e-05  2.99642e-05  2.43514e-05
7.93000e+02  4.08810e-05  3.76213e-05  3.38826e-05  2.95306e-05  2.41321e-05
7.95000e+02  4.12077e-05  3.78803e-05  3.40623e-05  2.96234e-05  2.41365e-05
7.97000e+02  4.23059e-05  3.88761e-05  3.49379e-05  3.03605e-05  2.47072e-05
7.99000e+02  4.24520e-05  3.90257e-05  3.50806e-05  3.04836e-05  2.47940e-05
8.01000e+02  4.19861e-05  3.86123e-05  3.47372e-05  3.02309e-05  2.46593e-05
8.03000e+02  4.19572e-05  3.86148e-05  3.47739e-05  3.03011e-05  2.47561e-05
8.05000e+02  4.16293e-05  3.83175e-05  3.45157e-05  3.00922e-05  2.46114e-05
8.07000e+02  4.21483e-05  3.87731e-05  3.48932e-05  3.03757e-05  2.47812e-05
8.09000e+02  4.13714e-05  3.80694e-05  3.42778e-05  2.98664e-05  2.44053e-05
8.11000e+02  4.19013e-05  3.85420e-05  3.46771e-05  3.01730e-05  2.45947e-05
8.13000e+02  4.24252e-05  3.90210e-05  3.51006e-05  3.05300e-05  2.48696e-05
8.15000e+02  4.21438e-05  3.87733e-05  3.48974e-05  3.03851e-05  2.48037e-05
8.17000e+02  4.22579e-05  3.88984e-05  3.50300e-05  3.05191e-05  2.49265e-05
8.19000e+02  4.08237e-05  3.76473e-05  3.39939e-05  2.97322e-05  2.44343e-05
8.21000e+02  4.08903e-05  3.77234e-05  3.40818e-05  2.98316e-05  2.45404e-05
8.23000e+02  4.13067e-05  3.80998e-05  3.44055e-05  3.00912e-05  2.47250e-05
8.25000e+02  4.17806e-05  3.85452e-05  3.48130e-05  3.04472e-05  2.50052e-05
8.27000e+02  4.24232e-05  3.91010e-05  3.52721e-05  3.08015e-05  2.52463e-05
8.29000e+02  4.22740e-05  3.89765e-05  3.51745e-05  3.07320e-05  2.52046e-05
8.31000e+02  4.10266e-05  3.78402e-05  3.41800e-05  2.99154e-05  2.46227e-05
8.33000e+02  4.13426e-05  3.81460e-05  3.44598e-05  3.01496e-05  2.47808e-05
8.35000e+02  4.13971e-05  3.82000e-05  3.45192e-05  3.02211e-05  2.48731e-05
8.37000e+02  4.20416e-05  3.87769e-05  3.50137e-05  3.06176e-05  2.51490e-05
8.39000e+02  4.11692e-05  3.79677e-05  3.42865e-05  2.99973e-05  2.46693e-05
8.41000e+02  4.21485e-05  3.88946e-05  3.51432e-05  3.07597e-05  2.53011e-05
8.43000e+02  4.12396e-05  3.80810e-05  3.44430e-05  3.01910e-05  2.48836e-05
8.45000e+02  4.16138e-05  3.84697e-05  3.48376e-05  3.05784e-05  2.52478e-05
8.47000e+02  4.15122e-05  3.83515e-05  3.47114e-05  3.04585e-05  2.51564e-05
8.49000e+02  4.10894e-05  3.80084e-05  3.44648e-05  3.03230e-05  2.51479e-05
8.51000e+02  3.90639e-05  3.61885e-05  3.28904e-05  2.90392e-05  2.42177e-05
8.53000e+02  4.04500e-05  3.74314e-05  3.39741e-05  2.99475e-05  2.49327e-05
8.55000e+02  3.37526e-05  3.15102e-05  2.89662e-05  2.59988e-05  2.22392e-05
8.57000e+02  4.20922e-05  3.89141e-05  3.52461e-05  3.09512e-05  2.55904e-05
8.59000e+02  4.11595e-05  3.81154e-05  3.46039e-05  3.04816e-05  2.53043e-05
8.61000e+02  4.13366e-05  3.82894e-05  3.47711e-05  3.06365e-05  2.54332e-05
8.63000e+02  4.20766e-05  3.89312e-05  3.52920e-05  3.10204e-05  2.56743e-05
8.65000e+02  4.12718e-05  3.82374e-05  3.47390e-05  3.06362e-05  2.54955e-05
8.67000e+02  3.45658e-05  3.22969e-05  2.97061e-05  2.66580e-05  2.27638e-05
8.69000e+02  4.04860e-05  3.75258e-05  3.41068e-05  3.00923e-05  2.50573e-05
8.71000e+02  4.14955e-05  3.84244e-05  3.48754e-05  3.07183e-05  2.55261e-05
8.73000e+02  4.13826e-05  3.83814e-05  3.48996e-05  3.07939e-05  2.56278e-05
8.75000e+02  4.02563e-05  3.75206e-05  3.43341e-05  3.05108e-05  2.55561e-05
8.77000e+02  4.18150e-05  3.88058e-05  3.53022e-05  3.11482e-05  2.58902e-05
8.79000e+02  4.17526e-05  3.86710e-05  3.51045e-05  3.09277e-05  2.57165e-05
8.81000e+02  4.05700e-05  3.75902e-05  3.41552e-05  3.01492e-05  2.51640e-05
8.83000e+02  4.16596e-05  3.86277e-05  3.51009e-05  3.09484e-05  2.57388e-05
8.85000e+02  4.13586e-05  3.85004e-05  3.51428e-05  3.11151e-05  2.59541e-05
8.87000e+02  3.97147e-05  3.71528e-05  3.41338e-05  3.04590e-05  2.56290e-05
8.89000e+02  4.18938e-05  3.88893e-05  3.53875e-05  3.12477e-05  2.60330e-05
8.91000e+02  4.24210e-05  3.93416e-05  3.57571e-05  3.15412e-05  2.62534e-05
8.93000e+02  4.13994e-05  3.83986e-05  3.49256e-05  3.08621e-05  2.57838e-05
8.95000e+02  4.18544e-05  3.87871e-05  3.52334e-05  3.10788e-05  2.58964e-05
8.97000e+02  4.18463e-05  3.88139e-05  3.52894e-05  3.11546e-05  2.59814e-05
8.99000e+02  4.18497e-05  3.88731e-05  3.53889e-05  3.12684e-05  2.60848e-05
9.01000e+02  3.89115e-05  3.64780e-05  3.35868e-05  3.00505e-05  2.53917e-05
9.03000e+02  4.08711e-05  3.81638e-05  3.49522e-05  3.10615e-05  2.60275e-05
9.05000e+02  4.24858e-05  3.94679e-05  3.59265e-05  3.17343e-05  2.64516e-05
9.07000e+02  4.16839e-05  3.87441e-05  3.53182e-05  3.12834e-05  2.62053e-05
9.09000e+02  4.04922e-05  3.76555e-05  3.43652e-05  3.04974e-05  2.56280e-05
9.11000e+02  4.10402e-05  3.80868e-05  3.46821e-05  3.07062e-05  2.57367e-05
9.13000e+02  4.23523e-05  3.92802e-05  3.57244e-05  3.15594e-05  2.63420e-05
9.15000e+02  4.17028e-05  3.86183e-05  3.50533e-05  3.08905e-05  2.57070e-05
9.17000e+02  4.13878e-05  3.83405e-05  3.48036e-05  3.06636e-05  2.55039e-05
9.19000e+02  4.16770e-05  3.86602e-05  3.51211e-05  3.09451e-05  2.57160e-05
9.21000e+02  4.01227e-05  3.73547e-05  3.40846e-05  3.01807e-05  2.52324e-05
9.23000e+02  3.83702e-05  3.61410e-05  3.34372e-05  3.00383e-05  2.54302e-05
9.25000e+02  3.96677e-05  3.70244e-05  3.38908e-05  3.01231e-05  2.53020e-05
9.27000e+02  4.09310e-05  3.80714e-05  3.47081e-05  3.07210e-05  2.56913e-05
9.29000e+02  4.12924e-05  3.82914e-05  3.48028e-05  3.07162e-05  2.56226e-05
9.31000e+02  4.17864e-05  3.87411e-05  3.52162e-05  3.10954e-05  2.59603e-05
9.33000e+02  4.16356e-05  3.86078e-05  3.51139e-05  3.10329e-05  2.59449e-05
9.35000e+02  4.16459e-05  3.86057e-05  3.51009e-05  3.10084e-05  2.59057e-05
9.37000e+02  4.16190e-05  3.85829e-05  3.50845e-05  3.09995e-05  2.59015e-05
9.39000e+02  4.14474e-05  3.84158e-05  3.49242e-05  3.08477e-05  2.57661e-05
9.41000e+02  3.93240e-05  3.66116e-05  3.34766e-05  2.97887e-05  2.51346e-05
9.43000e+02  4.09733e-05  3.80313e-05  3.46320e-05  3.06479e-05  2.56572e-05
9.45000e+02  4.03741e-05  3.74817e-05  3.41436e-05  3.02386e-05  2.53539e-05
9.47000e+02  4.14439e-05  3.84625e-05  3.50025e-05  3.09464e-05  2.58757e-05
9.49000e+02  4.16511e-05  3.86790e-05  3.52018e-05  3.11059e-05  2.59720e-05
9.51000e+02  4.12515e-05  3.84005e-05  3.50374e-05  3.10494e-05  2.60227e-05
9.53000e+02  4.05820e-05  3.79172e-05  3.47291e-05  3.08742e-05  2.59277e-05
9.55000e+02  3.82110e-05  3.61262e-05  3.35677e-05  3.03092e-05  2.58217e-05
9.57000e+02  4.05285e-05  3.78580e-05  3.46727e-05  3.08373e-05  2.59303e-05
9.59000e+02  4.14788e-05  3.86278e-05  3.52620e-05  3.12661e-05  2.62191e-05
9.61000e+02  4.10247e-05  3.81928e-05  3.48851e-05  3.09815e-05  2.60544e-05
9.63000e+02  4.08182e-05  3.80025e-05  3.47230e-05  3.08536e-05  2.59679e-05
9.65000e+02  4.08678e-05  3.79985e-05  3.46721e-05  3.07620e-05  2.58372e-05
9.67000e+02  4.06974e-05  3.78520e-05  3.45598e-05  3.06910e-05  2.58186e-05
9.69000e+02  4.13164e-05  3.84412e-05  3.51086e-05  3.11800e-05  2.62123e-05
9.71000e+02  4.13146e-05  3.83853e-05  3.50059e-05  3.10483e-05  2.60844e-05
9.73000e+02  4.14484e-05  3.85235e-05  3.51435e-05  3.11761e-05  2.61845e-05
9.75000e+02  4.09579e-05  3.81008e-05  3.48004e-05  3.09234e-05  2.60367e-05
9.77000e+02  4.12395e-05  3.83434e-05  3.49997e-05  3.10779e-05  2.61484e-05
9.79000e+02  4.08530e-05  3.79802e-05  3.46690e-05  3.07902e-05  2.59149e-05
9.81000e+02  4.15705e-05  3.86645e-05  3.53022e-05  3.13501e-05  2.63717e-05
9.83000e+02  4.12264e-05  3.83599e-05  3.50475e-05  3.11577e-05  2.62600e-05
9.85000e+02  4.14993e-05  3.86347e-05  3.53133e-05  3.13988e-05  2.64510e-05
9.87000e+02  4.12398e-05  3.84160e-05  3.51407e-05  3.12789e-05  2.63906e-05
9.89000e+02  4.12336e-05  3.84432e-05  3.51969e-05  3.13582e-05  2.64827e-05
9.91000e+02  4.08883e-05  3.81343e-05  3.49347e-05  3.11510e-05  2.63400e-05
9.93000e+02  4.16661e-05  3.88202e-05  3.55043e-05  3.15865e-05  2.66248e-05
9.95000e+02  4.15484e-05  3.87239e-05  3.54272e-05  3.15277e-05  2.65827e-05
9.97000e+02  4.15568e-05  3.87552e-05  3.54739e-05  3.15868e-05  2.66532e-05
9.99000e+02  4.13520e-05  3.86034e-05  3.53644e-05  3.15148e-05  2.66195e-05
1.00250e+03  4.07280e-05  3.82154e-05  3.51831e-05  3.14794e-05  2.66461e-05
1.00750e+03  3.99989e-05  3.76332e-05  3.47650e-05  3.12316e-05  2.65615e-05
1.01250e+03  4.12410e-05  3.85393e-05  3.53523e-05  3.15525e-05  2.66972e-05
1.01750e+03  4.07256e-05  3.80465e-05  3.49201e-05  3.12128e-05  2.64857e-05
1.02250e+03  4.11279e-05  3.83925e-05  3.52079e-05  3.14393e-05  2.66451e-05
1.02750e+03  4.14708e-05  3.87111e-05  3.54940e-05  3.16823e-05  2.68284e-05
1.03250e+03  4.09720e-05  3.82678e-05  3.51173e-05  3.13846e-05  2.66266e-05
1.03750e+03  4.09406e-05  3.82476e-05  3.51085e-05  3.13870e-05  2.66400e-05
1.04250e+03  4.11460e-05  3.84533e-05  3.53102e-05  3.15772e-05  2.68053e-05
1.04750e+03  4.06744e-05  3.80659e-05  3.50160e-05  3.13827e-05  2.67148e-05
1.05250e+03  4.09467e-05  3.83105e-05  3.52255e-05  3.15496e-05  2.68298e-05
1.05750e+03  4.07377e-05  3.81253e-05  3.50669e-05  3.14231e-05  2.67456e-05
1.06250e+03  4.07048e-05  3.81033e-05  3.50558e-05  3.14238e-05  2.67593e-05
1.06750e+03  3.97304e-05  3.72783e-05  3.43968e-05  3.09451e-05  2.64806e-05
1.07250e+03  4.01891e-05  3.76706e-05  3.47131e-05  3.11785e-05  2.66239e-05
1.07750e+03  4.00256e-05  3.75303e-05  3.45961e-05  3.10880e-05  2.65634e-05
1.08250e+03  3.91743e-05  3.67786e-05  3.39583e-05  3.05858e-05  2.62354e-05
1.08750e+03  3.93387e-05  3.69685e-05  3.41396e-05  3.07285e-05  2.63065e-05
1.09250e+03  3.81876e-05  3.62083e-05  3.37558e-05  3.06411e-05  2.63610e-05
1.09750e+03  3.81330e-05  3.59035e-05  3.32018e-05  2.98882e-05  2.55405e-05
1.10250e+03  3.90835e-05  3.66248e-05  3.37022e-05  3.01943e-05  2.56879e-05
1.10750e+03  3.94826e-05  3.69657e-05  3.39977e-05  3.04533e-05  2.59157e-05
1.11250e+03  3.93618e-05  3.68758e-05  3.39458e-05  3.04409e-05  2.59367e-05
1.11750e+03  3.94131e-05  3.69528e-05  3.40532e-05  3.05809e-05  2.61040e-05
1.12250e+03  3.95612e-05  3.70814e-05  3.41599e-05  3.06630e-05  2.61592e-05
1.12750e+03  3.87265e-05  3.63645e-05  3.35768e-05  3.02284e-05  2.58915e-05
1.13250e+03  3.91386e-05  3.67709e-05  3.39687e-05  3.05914e-05  2.61933e-05
1.13750e+03  3.90469e-05  3.66518e-05  3.38215e-05  3.04189e-05  2.60071e-05
1.14250e+03  3.87761e-05  3.64429e-05  3.36835e-05  3.03592e-05  2.60300e-05
1.14750e+03  3.96689e-05  3.72526e-05  3.43868e-05  3.09309e-05  2.64319e-05
1.15250e+03  3.95904e-05  3.71900e-05  3.43434e-05  3.09101e-05  2.64378e-05
1.15750e+03  3.92331e-05  3.68716e-05  3.40714e-05  3.06935e-05  2.62896e-05
1.16250e+03  3.88334e-05  3.65414e-05  3.38133e-05  3.05066e-05  2.61682e-05
1.16750e+03  3.88682e-05  3.66030e-05  3.38994e-05  3.06115e-05  2.62804e-05
1.17250e+03  3.96210e-05  3.72669e-05  3.44606e-05  3.10584e-05  2.65964e-05
1.17750e+03  3.87454e-05  3.65252e-05  3.38670e-05  3.06230e-05  2.63275e-05
1.18250e+03  3.85753e-05  3.63451e-05  3.36854e-05  3.04544e-05  2.61995e-05
1.18750e+03  3.85533e-05  3.63436e-05  3.36983e-05  3.04715e-05  2.61995e-05
1.19250e+03  3.96043e-05  3.72879e-05  3.45123e-05  3.11308e-05  2.66680e-05
1.19750e+03  3.79458e-05  3.57756e-05  3.31857e-05  3.00379e-05  2.58876e-05
1.20250e+03  3.87219e-05  3.65057e-05  3.38514e-05  3.06151e-05  2.63319e-05
1.20750e+03  3.83066e-05  3.61323e-05  3.35286e-05  3.03528e-05  2.61461e-05
1.21250e+03  3.87329e-05  3.65336e-05  3.38914e-05  3.06599e-05  2.63680e-05
1.21750e+03  3.92793e-05  3.70381e-05  3.43375e-05  3.10273e-05  2.66211e-05
1.22250e+03  3.91818e-05  3.69622e-05  3.42841e-05  3.09963e-05  2.66097e-05
1.22750e+03  3.89340e-05  3.67529e-05  3.41170e-05  3.08758e-05  2.65411e-05
1.23250e+03  3.89011e-05  3.67189e-05  3.40819e-05  3.08401e-05  2.65064e-05
1.23750e+03  3.89442e-05  3.67683e-05  3.41342e-05  3.08909e-05  2.65456e-05
1.24250e+03  3.86747e-05  3.65181e-05  3.39103e-05  3.07036e-05  2.64131e-05
1.24750e+03  3.89660e-05  3.68090e-05  3.41892e-05  3.09544e-05  2.66051e-05
1.25250e+03  3.86390e-05  3.65118e-05  3.39307e-05  3.07457e-05  2.64644e-05
1.25750e+03  3.86068e-05  3.65173e-05  3.39689e-05  3.08085e-05  2.65331e-05
1.26250e+03  3.86445e-05  3.65616e-05  3.40137e-05  3.08493e-05  2.65627e-05
1.26750e+03  3.82795e-05  3.62212e-05  3.37016e-05  3.05759e-05  2.63528e-05
1.27250e+03  3.84970e-05  3.64657e-05  3.39486e-05  3.08014e-05  2.65207e-05
1.27750e+03  3.82445e-05  3.63594e-05  3.39705e-05  3.09124e-05  2.66529e-05
1.28250e+03  3.51424e-05  3.37339e-05  3.19262e-05  2.95065e-05  2.59157e-05
1.28750e+03  3.78302e-05  3.59476e-05  3.35760e-05  3.05616e-05  2.63909e-05
1.29250e+03  3.79179e-05  3.59504e-05  3.35107e-05  3.04535e-05  2.62745e-05
1.29750e+03  3.83768e-05  3.63709e-05  3.38924e-05  3.07894e-05  2.65413e-05
1.30250e+03  3.78861e-05  3.58950e-05  3.34538e-05  3.04141e-05  2.62735e-05
1.30750e+03  3.83127e-05  3.63054e-05  3.38351e-05  3.07475e-05  2.65205e-05
1.31250e+03  3.76268e-05  3.56710e-05  3.32701e-05  3.02729e-05  2.61729e-05
1.31750e+03  3.76174e-05  3.56829e-05  3.33028e-05  3.03233e-05  2.62280e-05
1.32250e+03  3.80975e-05  3.61195e-05  3.36818e-05  3.06281e-05  2.64312e-05
1.32750e+03  3.75248e-05  3.55916e-05  3.32130e-05  3.02365e-05  2.61461e-05
1.33250e+03  3.78194e-05  3.58855e-05  3.34977e-05  3.04990e-05  2.63589e-05
1.33750e+03  3.76728e-05  3.57535e-05  3.33834e-05  3.04064e-05  2.62937e-05
1.34250e+03  3.79103e-05  3.59876e-05  3.36083e-05  3.06137e-05  2.64638e-05
1.34750e+03  3.77680e-05  3.58597e-05  3.34969e-05  3.05217e-05  2.63955e-05
1.35250e+03  3.77556e-05  3.58678e-05  3.35241e-05  3.05641e-05  2.64414e-05
1.35750e+03  3.71862e-05  3.53370e-05  3.30460e-05  3.01568e-05  2.61373e-05
1.36250e+03  3.73218e-05  3.54644e-05  3.31601e-05  3.02513e-05  2.61976e-05
1.36750e+03  3.72588e-05  3.54254e-05  3.31487e-05  3.02703e-05  2.62471e-05
1.37250e+03  3.72441e-05  3.54422e-05  3.31965e-05  3.03459e-05  2.63379e-05
1.37750e+03  3.72430e-05  3.54352e-05  3.31817e-05  3.03224e-05  2.63043e-05
1.38250e+03  3.73291e-05  3.55246e-05  3.32703e-05  3.04051e-05  2.63699e-05
1.38750e+03  3.73389e-05  3.55334e-05  3.32739e-05  3.03988e-05  2.63416e-05
1.39250e+03  3.72286e-05  3.54571e-05  3.32370e-05  3.04044e-05  2.63900e-05
1.39750e+03  3.71499e-05  3.53876e-05  3.31769e-05  3.03542e-05  2.63467e-05
1.40250e+03  3.68259e-05  3.50804e-05  3.28926e-05  3.01027e-05  2.61483e-05
1.40750e+03  3.69681e-05  3.52059e-05  3.29911e-05  3.01587e-05  2.61311e-05
1.41250e+03  3.63113e-05  3.45756e-05  3.23985e-05  2.96169e-05  2.56682e-05
1.41750e+03  3.68056e-05  3.50549e-05  3.28464e-05  3.00095e-05  2.59522e-05
1.42250e+03  3.61374e-05  3.44398e-05  3.23023e-05  2.95610e-05  2.56463e-05
1.42750e+03  3.55650e-05  3.39045e-05  3.18192e-05  2.91499e-05  2.53441e-05
1.43250e+03  3.63171e-05  3.46162e-05  3.24715e-05  2.97189e-05  2.57841e-05
1.43750e+03  3.66661e-05  3.49633e-05  3.28059e-05  3.00257e-05  2.60280e-05
1.44250e+03  3.51406e-05  3.35632e-05  3.15757e-05  2.90174e-05  2.53329e-05
1.44750e+03  3.62845e-05  3.46195e-05  3.25136e-05  2.98041e-05  2.59121e-05
1.45250e+03  3.55237e-05  3.39353e-05  3.19252e-05  2.93289e-05  2.55680e-05
1.45700e+03  3.59755e-05  3.43450e-05  3.22739e-05  2.95962e-05  2.57206e-05
1.46200e+03  3.58039e-05  3.41857e-05  3.21322e-05  2.94772e-05  2.56313e-05
1.46750e+03  3.58348e-05  3.42154e-05  3.21559e-05  2.94888e-05  2.56187e-05
1.47250e+03  3.51247e-05  3.35617e-05  3.15821e-05  2.90236e-05  2.53099e-05
1.47750e+03  3.52715e-05  3.37217e-05  3.17517e-05  2.91982e-05  2.54764e-05
1.48250e+03  3.54102e-05  3.38452e-05  3.18524e-05  2.92682e-05  2.55041e-05
1.48750e+03  3.43676e-05  3.28911e-05  3.10219e-05  2.86067e-05  2.50935e-05
1.49250e+03  3.58608e-05  3.43024e-05  3.23073e-05  2.97111e-05  2.59033e-05
1.49750e+03  3.54094e-05  3.38930e-05  3.19521e-05  2.94237e-05  2.57054e-05
1.50250e+03  3.42169e-05  3.27513e-05  3.08904e-05  2.84835e-05  2.49807e-05
1.50750e+03  3.44637e-05  3.30054e-05  3.11455e-05  2.87287e-05  2.51835e-05
1.51250e+03  3.52472e-05  3.37441e-05  3.18177e-05  2.93059e-05  2.56038e-05
1.51750e+03  3.54609e-05  3.39711e-05  3.20532e-05  2.95435e-05  2.58220e-05
1.52250e+03  3.47938e-05  3.33372e-05  3.14731e-05  2.90456e-05  2.54668e-05
1.52750e+03  3.53404e-05  3.38799e-05  3.19932e-05  2.95173e-05  2.58292e-05
1.53250e+03  3.50388e-05  3.36006e-05  3.17495e-05  2.93270e-05  2.57257e-05
1.53750e+03  3.51246e-05  3.37022e-05  3.18646e-05  2.94533e-05  2.58537e-05
1.54250e+03  3.50160e-05  3.36081e-05  3.17901e-05  2.94025e-05  2.58310e-05
1.54750e+03  3.49720e-05  3.35690e-05  3.17566e-05  2.93768e-05  2.58160e-05
1.55250e+03  3.45102e-05  3.31189e-05  3.13290e-05  2.89873e-05  2.55000e-05
1.55750e+03  3.44024e-05  3.30188e-05  3.12387e-05  2.89118e-05  2.54524e-05
1.56250e+03  3.49609e-05  3.35940e-05  3.18162e-05  2.94689e-05  2.59242e-05
1.56750e+03  3.39018e-05  3.25589e-05  3.08372e-05  2.85905e-05  2.52461e-05
1.57250e+03  3.44275e-05  3.31009e-05  3.13822e-05  2.91198e-05  2.57089e-05
1.57750e+03  3.28293e-05  3.15577e-05  2.99297e-05  2.78050e-05  2.46440e-05
1.58250e+03  3.37953e-05  3.24949e-05  3.08141e-05  2.86035e-05  2.52761e-05
1.58750e+03  3.24602e-05  3.12122e-05  2.96281e-05  2.75736e-05  2.45285e-05
1.59250e+03  3.32913e-05  3.20012e-05  3.03473e-05  2.81863e-05  2.49580e-05
1.59750e+03  3.36924e-05  3.24237e-05  3.07787e-05  2.86113e-05  2.53393e-05
1.60500e+03  3.35700e-05  3.23205e-05  3.07021e-05  2.85665e-05  2.53249e-05
1.61500e+03  3.31013e-05  3.18856e-05  3.03211e-05  2.82658e-05  2.51515e-05
1.62500e+03  3.35736e-05  3.23399e-05  3.07268e-05  2.85923e-05  2.53525e-05
1.63500e+03  3.28609e-05  3.16945e-05  3.01827e-05  2.81803e-05  2.51152e-05
1.64500e+03  3.23321e-05  3.12017e-05  2.97488e-05  2.78284e-05  2.48798e-05
1.65500e+03  3.29638e-05  3.17728e-05  3.02131e-05  2.81486e-05  2.50157e-05
1.66500e+03  3.27589e-05  3.15796e-05  3.00304e-05  2.79762e-05  2.48542e-05
1.67500e+03  3.17927e-05  3.07099e-05  2.93004e-05  2.74173e-05  2.45053e-05
1.68500e+03  3.10190e-05  2.99915e-05  2.86689e-05  2.69041e-05  2.41625e-05
1.69500e+03  3.22038e-05  3.10671e-05  2.95693e-05  2.75775e-05  2.45409e-05
1.70500e+03  3.14414e-05  3.03172e-05  2.88482e-05  2.69099e-05  2.39830e-05
1.71500e+03  3.13281e-05  3.02191e-05  2.87642e-05  2.68409e-05  2.39319e-05
1.72500e+03  3.05788e-05  2.95213e-05  2.81363e-05  2.62985e-05  2.35090e-05
1.73500e+03  2.90161e-05  2.81368e-05  2.70043e-05  2.54747e-05  2.30637e-05
1.74500e+03  2.99022e-05  2.89121e-05  2.76145e-05  2.58790e-05  2.32109e-05
1.75500e+03  3.01614e-05  2.91073e-05  2.77293e-05  2.59075e-05  2.31527e-05
1.76500e+03  2.99467e-05  2.88985e-05  2.75343e-05  2.57356e-05  2.30198e-05
1.77500e+03  2.95693e-05  2.85119e-05  2.71449e-05  2.53519e-05  2.26647e-05
1.78500e+03  2.95565e-05  2.85172e-05  2.71665e-05  2.53868e-05  2.27026e-05
1.79500e+03  2.93283e-05  2.82959e-05  2.69505e-05  2.51776e-05  2.25100e-05
1.80500e+03  2.87917e-05  2.78156e-05  2.65337e-05  2.48302e-05  2.22438e-05
1.81500e+03  2.73851e-05  2.65990e-05  2.55724e-05  2.41699e-05  2.19395e-05
1.82500e+03  2.78843e-05  2.69923e-05  2.58203e-05  2.42433e-05  2.18112e-05
1.83500e+03  2.80216e-05  2.70540e-05  2.57937e-05  2.41306e-05  2.16301e-05
1.84500e+03  2.75648e-05  2.66028e-05  2.53611e-05  2.37337e-05  2.13047e-05
1.85500e+03  2.75687e-05  2.66231e-05  2.53966e-05  2.37815e-05  2.13546e-05
1.86500e+03  2.68855e-05  2.59827e-05  2.48064e-05  2.32507e-05  2.09115e-05
1.87500e+03  2.52024e-05  2.45400e-05  2.36661e-05  2.24558e-05  2.05168e-05
1.88500e+03  2.66035e-05  2.57375e-05  2.46024e-05  2.30892e-05  2.07902e-05
1.89500e+03  2.57997e-05  2.49103e-05  2.37748e-05  2.22950e-05  2.01062e-05
1.90500e+03  2.65413e-05  2.56296e-05  2.44548e-05  2.29139e-05  2.06080e-05
1.91500e+03  2.61520e-05  2.52527e-05  2.40971e-05  2.25840e-05  2.03258e-05
1.92500e+03  2.59490e-05  2.50715e-05  2.39393e-05  2.24529e-05  2.02298e-05
1.93500e+03  2.53479e-05  2.45186e-05  2.34416e-05  2.20148e-05  1.98664e-05
1.94500e+03  2.39549e-05  2.33213e-05  2.24957e-05  2.13577e-05  1.95387e-05
1.95500e+03  2.52265e-05  2.44185e-05  2.33627e-05  2.19561e-05  1.98205e-05
1.96500e+03  2.50188e-05  2.41754e-05  2.30913e-05  2.16699e-05  1.95480e-05
1.97500e+03  2.47022e-05  2.38611e-05  2.27868e-05  2.13825e-05  1.92905e-05
1.98500e+03  2.47300e-05  2.38862e-05  2.28082e-05  2.13986e-05  1.92958e-05
1.99500e+03  2.45309e-05  2.36948e-05  2.26287e-05  2.12358e-05  1.91597e-05
2.00500e+03  2.44939e-05  2.36629e-05  2.26035e-05  2.12185e-05  1.91518e-05
2.01500e+03  2.44511e-05  2.36229e-05  2.25652e-05  2.11801e-05  1.91089e-05
2.02500e+03  2.39300e-05  2.31166e-05  2.20833e-05  2.07354e-05  1.87312e-05
2.03500e+03  2.35667e-05  2.27734e-05  2.17681e-05  2.04590e-05  1.85167e-05
2.04500e+03  2.38303e-05  2.30272e-05  2.20037e-05  2.06647e-05  1.86653e-05
2.05500e+03  2.34436e-05  2.26443e-05  2.16312e-05  2.03118e-05  1.83571e-05
2.06500e+03  2.31480e-05  2.23738e-05  2.13911e-05  2.01080e-05  1.81979e-05
2.07500e+03  2.30942e-05  2.23210e-05  2.13386e-05  2.00545e-05  1.81402e-05
2.08500e+03  2.28232e-05  2.20525e-05  2.10779e-05  1.98099e-05  1.79339e-05
2.09500e+03  2.25249e-05  2.17728e-05  2.08212e-05  1.95819e-05  1.77448e-05
2.10500e+03  2.26350e-05  2.18851e-05  2.09321e-05  1.96857e-05  1.78267e-05
2.11500e+03  2.23500e-05  2.16132e-05  2.06781e-05  1.94560e-05  1.76364e-05
2.12500e+03  2.21003e-05  2.13705e-05  2.04459e-05  1.92392e-05  1.74480e-05
2.13500e+03  2.20768e-05  2.13593e-05  2.04454e-05  1.92475e-05  1.74577e-05
2.14500e+03  2.19185e-05  2.12078e-05  2.02989e-05  1.91054e-05  1.73228e-05
2.15500e+03  2.16567e-05  2.09802e-05  2.01066e-05  1.89465e-05  1.71971e-05
2.16500e+03  2.03027e-05  1.98062e-05  1.91585e-05  1.82610e-05  1.68212e-05
2.17500e+03  2.09944e-05  2.03514e-05  1.95251e-05  1.84272e-05  1.67732e-05
2.18500e+03  2.10721e-05  2.04003e-05  1.95438e-05  1.84203e-05  1.67466e-05
2.19500e+03  2.11345e-05  2.04475e-05  1.95749e-05  1.84335e-05  1.67367e-05
2.20500e+03  2.06946e-05  2.00261e-05  1.91819e-05  1.80809e-05  1.64480e-05
2.21500e+03  2.07883e-05  2.01187e-05  1.92719e-05  1.81656e-05  1.65206e-05
2.22500e+03  2.05834e-05  1.99130e-05  1.90670e-05  1.79640e-05  1.63287e-05
2.23500e+03  2.04156e-05  1.97510e-05  1.89134e-05  1.78225e-05  1.62075e-05
2.24500e+03  2.02673e-05  1.96089e-05  1.87796e-05  1.76995e-05  1.61012e-05
2.25500e+03  2.00626e-05  1.94203e-05  1.86118e-05  1.75578e-05  1.59953e-05
2.26500e+03  1.98637e-05  1.92218e-05  1.84153e-05  1.73665e-05  1.58179e-05
2.27500e+03  1.98798e-05  1.92426e-05  1.84400e-05  1.73936e-05  1.58426e-05
2.28500e+03  1.94879e-05  1.88640e-05  1.80817e-05  1.70656e-05  1.55681e-05
2.29500e+03  1.92032e-05  1.85513e-05  1.77312e-05  1.66607e-05  1.50791e-05
2.30500e+03  1.93042e-05  1.86681e-05  1.78681e-05  1.68249e-05  1.52823e-05
2.31500e+03  1.91181e-05  1.84957e-05  1.77143e-05  1.66967e-05  1.51921e-05
2.32500e+03  1.86618e-05  1.80121e-05  1.71978e-05  1.61405e-05  1.45956e-05
2.33500e+03  1.86809e-05  1.80624e-05  1.72867e-05  1.62776e-05  1.47917e-05
2.34500e+03  1.87440e-05  1.81304e-05  1.73600e-05  1.63565e-05  1.48746e-05
2.35500e+03  1.81480e-05  1.75113e-05  1.67154e-05  1.56843e-05  1.41845e-05
2.36500e+03  1.83747e-05  1.77640e-05  1.69983e-05  1.60017e-05  1.45347e-05
2.37500e+03  1.79600e-05  1.73729e-05  1.66450e-05  1.57059e-05  1.43322e-05
2.38500e+03  1.76385e-05  1.70283e-05  1.62666e-05  1.52789e-05  1.38394e-05
2.39500e+03  1.79263e-05  1.73293e-05  1.65814e-05  1.56076e-05  1.41742e-05
2.40500e+03  1.78011e-05  1.72189e-05  1.64908e-05  1.55442e-05  1.41513e-05
2.41500e+03  1.72383e-05  1.66502e-05  1.59204e-05  1.49774e-05  1.36043e-05
2.42500e+03  1.74476e-05  1.68669e-05  1.61415e-05  1.51988e-05  1.38159e-05
2.43500e+03  1.73431e-05  1.67785e-05  1.60741e-05  1.51599e-05  1.38181e-05
2.44500e+03  1.71370e-05  1.65580e-05  1.58354e-05  1.48973e-05  1.35263e-05
2.45500e+03  1.67519e-05  1.61949e-05  1.55046e-05  1.46138e-05  1.33200e-05
2.46500e+03  1.70293e-05  1.64791e-05  1.57933e-05  1.49030e-05  1.35958e-05
2.47500e+03  1.67171e-05  1.61708e-05  1.54919e-05  1.46128e-05  1.33270e-05
2.48500e+03  1.64595e-05  1.59200e-05  1.52483e-05  1.43763e-05  1.30992e-05
2.49500e+03  1.66188e-05  1.60807e-05  1.54108e-05  1.45420e-05  1.32694e-05
2.50500e+03  1.64912e-05  1.59588e-05  1.52985e-05  1.44459e-05  1.32047e-05
2.51500e+03  1.63278e-05  1.57901e-05  1.51199e-05  1.42484e-05  1.29715e-05
2.52500e+03  1.63941e-05  1.58656e-05  1.52067e-05  1.43509e-05  1.30954e-05
2.53500e+03  1.62324e-05  1.57162e-05  1.50738e-05  1.42402e-05  1.30184e-05
2.54500e+03  1.59226e-05  1.54164e-05  1.47894e-05  1.39787e-05  1.27950e-05
2.55500e+03  1.59181e-05  1.54149e-05  1.47893e-05  1.39773e-05  1.27856e-05
2.56500e+03  1.58113e-05  1.53155e-05  1.47005e-05  1.39043e-05  1.27393e-05
2.57500e+03  1.58715e-05  1.53756e-05  1.47578e-05  1.39547e-05  1.27758e-05
2.58500e+03  1.53885e-05  1.48998e-05  1.42956e-05  1.35164e-05  1.23851e-05
2.59500e+03  1.55613e-05  1.50743e-05  1.44680e-05  1.36812e-05  1.25297e-05
2.60500e+03  1.55244e-05  1.50483e-05  1.44531e-05  1.36772e-05  1.25358e-05
2.61500e+03  1.53208e-05  1.48667e-05  1.42960e-05  1.35457e-05  1.24320e-05
2.62500e+03  1.45190e-05  1.41823e-05  1.37469e-05  1.31473e-05  1.22007e-05
2.63500e+03  1.50555e-05  1.46163e-05  1.40628e-05  1.33337e-05  1.22533e-05
2.64500e+03  1.49499e-05  1.44972e-05  1.39349e-05  1.32071e-05  1.21468e-05
2.65500e+03  1.49243e-05  1.44675e-05  1.39004e-05  1.31658e-05  1.20935e-05
2.66500e+03  1.47272e-05  1.42822e-05  1.37308e-05  1.30157e-05  1.19690e-05
2.67500e+03  1.47962e-05  1.43572e-05  1.38144e-05  1.31101e-05  1.20739e-05
2.68500e+03  1.47912e-05  1.43455e-05  1.37921e-05  1.30730e-05  1.20177e-05
2.69500e+03  1.46835e-05  1.42330e-05  1.36746e-05  1.29517e-05  1.18971e-05
2.70500e+03  1.46192e-05  1.41748e-05  1.36243e-05  1.29120e-05  1.18731e-05
2.71500e+03  1.44956e-05  1.40559e-05  1.35122e-05  1.28103e-05  1.17894e-05
2.72500e+03  1.44119e-05  1.39767e-05  1.34387e-05  1.27444e-05  1.17349e-05
2.73500e+03  1.43329e-05  1.39008e-05  1.33658e-05  1.26734e-05  1.16629e-05
2.74500e+03  1.42768e-05  1.38522e-05  1.33256e-05  1.26422e-05  1.16421e-05
2.75500e+03  1.40035e-05  1.36063e-05  1.31158e-05  1.24777e-05  1.15361e-05
2.76500e+03  1.39513e-05  1.35510e-05  1.30554e-05  1.24106e-05  1.14616e-05
2.77500e+03  1.39233e-05  1.35093e-05  1.29981e-05  1.23379e-05  1.13781e-05
2.78500e+03  1.38570e-05  1.34435e-05  1.29339e-05  1.22778e-05  1.13277e-05
2.79500e+03  1.38466e-05  1.34340e-05  1.29246e-05  1.22679e-05  1.13153e-05
2.80500e+03  1.37441e-05  1.33353e-05  1.28313e-05  1.21821e-05  1.12411e-05
2.81500e+03  1.36736e-05  1.32671e-05  1.27656e-05  1.21192e-05  1.11812e-05
2.82500e+03  1.35713e-05  1.31692e-05  1.26738e-05  1.20359e-05  1.11121e-05
2.83500e+03  1.35310e-05  1.31326e-05  1.26412e-05  1.20076e-05  1.10884e-05
2.84500e+03  1.33491e-05  1.29587e-05  1.24782e-05  1.18599e-05  1.09656e-05
2.85500e+03  1.33133e-05  1.29259e-05  1.24477e-05  1.18301e-05  1.09337e-05
2.86500e+03  1.31664e-05  1.27976e-05  1.23404e-05  1.17444e-05  1.08695e-05
2.87500e+03  1.29355e-05  1.25929e-05  1.21689e-05  1.16138e-05  1.07888e-05
2.88500e+03  1.30256e-05  1.26550e-05  1.21974e-05  1.16049e-05  1.07431e-05
2.89500e+03  1.29986e-05  1.26230e-05  1.21602e-05  1.15637e-05  1.07000e-05
2.90500e+03  1.29252e-05  1.25506e-05  1.20898e-05  1.14970e-05  1.06398e-05
2.91500e+03  1.28459e-05  1.24757e-05  1.20204e-05  1.14345e-05  1.05870e-05
2.92500e+03  1.26668e-05  1.23016e-05  1.18542e-05  1.12806e-05  1.04545e-05
2.93500e+03  1.26831e-05  1.23159e-05  1.18653e-05  1.12870e-05  1.04538e-05
2.94500e+03  1.25784e-05  1.22159e-05  1.17714e-05  1.12011e-05  1.03792e-05
2.95500e+03  1.25305e-05  1.21691e-05  1.17257e-05  1.11570e-05  1.03378e-05
2.96500e+03  1.24684e-05  1.21098e-05  1.16699e-05  1.11054e-05  1.02917e-05
2.97500e+03  1.23894e-05  1.20349e-05  1.16001e-05  1.10423e-05  1.02383e-05
2.98500e+03  1.23121e-05  1.19596e-05  1.15272e-05  1.09727e-05  1.01742e-05
2.99500e+03  1.21898e-05  1.18427e-05  1.14176e-05  1.08729e-05  1.00899e-05
3.00500e+03  1.21148e-05  1.17712e-05  1.13503e-05  1.08108e-05  1.00350e-05
3.01500e+03  1.20868e-05  1.17463e-05  1.13281e-05  1.07905e-05  1.00153e-05
3.02500e+03  1.19738e-05  1.16411e-05  1.12316e-05  1.07033e-05  9.93996e-06
3.03500e+03  1.17123e-05  1.14167e-05  1.10501e-05  1.05691e-05  9.85576e-06
3.04500e+03  1.17499e-05  1.14445e-05  1.10652e-05  1.05683e-05  9.83480e-06
3.05500e+03  1.17744e-05  1.14477e-05  1.10462e-05  1.05292e-05  9.78347e-06
3.06500e+03  1.16862e-05  1.13607e-05  1.09620e-05  1.04508e-05  9.71559e-06
3.07500e+03  1.16747e-05  1.13474e-05  1.09465e-05  1.04324e-05  9.69312e-06
3.08500e+03  1.15244e-05  1.12020e-05  1.08083e-05  1.03051e-05  9.58426e-06
3.09500e+03  1.14921e-05  1.11710e-05  1.07788e-05  1.02769e-05  9.55671e-06
3.10500e+03  1.14693e-05  1.11499e-05  1.07592e-05  1.02585e-05  9.53901e-06
3.11500e+03  1.12621e-05  1.09538e-05  1.05777e-05  1.00969e-05  9.40757e-06
3.12500e+03  1.13118e-05  1.09981e-05  1.06150e-05  1.01248e-05  9.42126e-06
3.13500e+03  1.12576e-05  1.09451e-05  1.05632e-05  1.00742e-05  9.37196e-06
3.14500e+03  1.12016e-05  1.08918e-05  1.05132e-05  1.00285e-05  9.33245e-06
3.15500e+03  1.10806e-05  1.07758e-05  1.04041e-05  9.92918e-06  9.24898e-06
3.16500e+03  1.10203e-05  1.07135e-05  1.03402e-05  9.86443e-06  9.18624e-06
3.17500e+03  1.09865e-05  1.06848e-05  1.03166e-05  9.84571e-06  9.17044e-06
3.18500e+03  1.09283e-05  1.06266e-05  1.02590e-05  9.78952e-06  9.11780e-06
3.19500e+03  1.08914e-05  1.05914e-05  1.02255e-05  9.75764e-06  9.08755e-06
3.21000e+03  1.07677e-05  1.04733e-05  1.01145e-05  9.65627e-06  9.00055e-06
3.23000e+03  1.06489e-05  1.03568e-05  1.00010e-05  9.54684e-06  8.89792e-06
3.25000e+03  1.05107e-05  1.02241e-05  9.87551e-06  9.43107e-06  8.79736e-06
3.27000e+03  1.03874e-05  1.01070e-05  9.76527e-06  9.32880e-06  8.70552e-06
3.29000e+03  1.01162e-05  9.87220e-06  9.57024e-06  9.17564e-06  8.59536e-06
3.31000e+03  1.00998e-05  9.83920e-06  9.51958e-06  9.10789e-06  8.51494e-06
3.33000e+03  1.00022e-05  9.73645e-06  9.41333e-06  9.00126e-06  8.41355e-06
3.35000e+03  9.93677e-06  9.67128e-06  9.34893e-06  8.93845e-06  8.35396e-06
3.37000e+03  9.79995e-06  9.54141e-06  9.22769e-06  8.82811e-06  8.25878e-06
3.39000e+03  9.68412e-06  9.42842e-06  9.11834e-06  8.72371e-06  8.16203e-06
3.41000e+03  9.55796e-06  9.30745e-06  9.00409e-06  8.61854e-06  8.07070e-06
3.43000e+03  9.51232e-06  9.26145e-06  8.95748e-06  8.57100e-06  8.02184e-06
3.45000e+03  9.43588e-06  9.18580e-06  8.88270e-06  8.49730e-06  7.94982e-06
3.47000e+03  9.31374e-06  9.06854e-06  8.77182e-06  8.39510e-06  7.86097e-06
3.49000e+03  9.22213e-06  8.98016e-06  8.68741e-06  8.31578e-06  7.78892e-06
3.51000e+03  9.13857e-06  8.89941e-06  8.60993e-06  8.24223e-06  7.72054e-06
3.53000e+03  9.01409e-06  8.77958e-06  8.49609e-06  8.13641e-06  7.62667e-06
3.55000e+03  8.94151e-06  8.70938e-06  8.42871e-06  8.07253e-06  7.56778e-06
3.57000e+03  8.83627e-06  8.60815e-06  8.33238e-06  7.98240e-06  7.48641e-06
3.59000e+03  8.73215e-06  8.50723e-06  8.23569e-06  7.89159e-06  7.40484e-06
3.61000e+03  8.68099e-06  8.45773e-06  8.18782e-06  7.84528e-06  7.35995e-06
3.63000e+03  8.58910e-06  8.36878e-06  8.10258e-06  7.76489e-06  7.28675e-06
3.65000e+03  8.41369e-06  8.20047e-06  7.94421e-06  7.62098e-06  7.16612e-06
3.67000e+03  8.35208e-06  8.14225e-06  7.88922e-06  7.56879e-06  7.11575e-06
3.69000e+03  8.19260e-06  7.99020e-06  7.74688e-06  7.43960e-06  7.00640e-06
3.71000e+03  8.09151e-06  7.89100e-06  7.65035e-06  7.34719e-06  6.92167e-06
3.73000e+03  8.04421e-06  7.85509e-06  7.62423e-06  7.32787e-06  6.90349e-06
3.75000e+03  7.81962e-06  7.64243e-06  7.42770e-06  7.15386e-06  6.76385e-06
3.77000e+03  7.91836e-06  7.72297e-06  7.48795e-06  7.19115e-06  6.77331e-06
3.79000e+03  7.83716e-06  7.64403e-06  7.41214e-06  7.11975e-06  6.70869e-06
3.81000e+03  7.77078e-06  7.57904e-06  7.34892e-06  7.05890e-06  6.65153e-06
3.83000e+03  7.74427e-06  7.55315e-06  7.32322e-06  7.03262e-06  6.62295e-06
3.85000e+03  7.68447e-06  7.49453e-06  7.26596e-06  6.97707e-06  6.57001e-06
3.87000e+03  7.57500e-06  7.38990e-06  7.16738e-06  6.88638e-06  6.49065e-06
3.89000e+03  7.47639e-06  7.29514e-06  7.07780e-06  6.80397e-06  6.41926e-06
3.91000e+03  7.46066e-06  7.27880e-06  7.06009e-06  6.78370e-06  6.39410e-06
3.93000e+03  7.38956e-06  7.20952e-06  6.99312e-06  6.71988e-06  6.33530e-06
3.95000e+03  7.25799e-06  7.08259e-06  6.87263e-06  6.60874e-06  6.23933e-06
3.97000e+03  7.22967e-06  7.05402e-06  6.84342e-06  6.57832e-06  6.20673e-06
3.99000e+03  7.09060e-06  6.92166e-06  6.71949e-06  6.46539e-06  6.10964e-06
4.01000e+03  7.05749e-06  6.89083e-06  6.69093e-06  6.43890e-06  6.08444e-06
4.03000e+03  7.03136e-06  6.86464e-06  6.66415e-06  6.41083e-06  6.05411e-06
4.05000e+03  6.85544e-06  6.71293e-06  6.53773e-06  6.31058e-06  5.98122e-06
4.07000e+03  6.87040e-06  6.70953e-06  6.51649e-06  6.27319e-06  5.93151e-06
4.09000e+03  6.83052e-06  6.66994e-06  6.47740e-06  6.23480e-06  5.89394e-06
4.11000e+03  6.78143e-06  6.62101e-06  6.42879e-06  6.18683e-06  5.84742e-06
4.13000e+03  6.74027e-06  6.58069e-06  6.38937e-06  6.14835e-06  5.81005e-06
4.15000e+03  6.63800e-06  6.48340e-06  6.29830e-06  6.06543e-06  5.73894e-06
4.17000e+03  6.59492e-06  6.44257e-06  6.25976e-06  6.02889e-06  5.70345e-06
4.19000e+03  6.53623e-06  6.38467e-06  6.20292e-06  5.97380e-06  5.65184e-06
4.21000e+03  6.42884e-06  6.28206e-06  6.10651e-06  5.88578e-06  5.57622e-06
4.23000e+03  6.45402e-06  6.30297e-06  6.12205e-06  5.89439e-06  5.57520e-06
4.25000e+03  6.36259e-06  6.21490e-06  6.03840e-06  5.81675e-06  5.50658e-06
4.27000e+03  6.33047e-06  6.18312e-06  6.00686e-06  5.78538e-06  5.47539e-06
4.29000e+03  6.14927e-06  6.00461e-06  5.83230e-06  5.61645e-06  5.31392e-06
4.31000e+03  6.03471e-06  5.89210e-06  5.72180e-06  5.50758e-06  5.20506e-06
4.33000e+03  6.02932e-06  5.88977e-06  5.72287e-06  5.51274e-06  5.21665e-06
4.35000e+03  5.84375e-06  5.70818e-06  5.54650e-06  5.34330e-06  5.05627e-06
4.37000e+03  5.77438e-06  5.64312e-06  5.48555e-06  5.28585e-06  5.00123e-06
4.39000e+03  5.78359e-06  5.65022e-06  5.49001e-06  5.28692e-06  4.99774e-06
4.41000e+03  5.56526e-06  5.43490e-06  5.27979e-06  5.08492e-06  4.80829e-06
4.43000e+03  5.59865e-06  5.46699e-06  5.30948e-06  5.11084e-06  4.82904e-06
4.45000e+03  5.57588e-06  5.44427e-06  5.28629e-06  5.08619e-06  4.80105e-06
4.47000e+03  5.39142e-06  5.26345e-06  5.11103e-06  4.91915e-06  4.64577e-06
4.49000e+03  5.44541e-06  5.31613e-06  5.16141e-06  4.96620e-06  4.68910e-06
4.51000e+03  5.39248e-06  5.26385e-06  5.10966e-06  4.91474e-06  4.63746e-06
4.53000e+03  5.24309e-06  5.11788e-06  4.96880e-06  4.78126e-06  4.51417e-06
4.55000e+03  5.26968e-06  5.14510e-06  4.99637e-06  4.80894e-06  4.54204e-06
4.57000e+03  5.25512e-06  5.13142e-06  4.98339e-06  4.79638e-06  4.52975e-06
4.59000e+03  5.10997e-06  4.98811e-06  4.84289e-06  4.65993e-06  4.39859e-06
4.61000e+03  5.13931e-06  5.01910e-06  4.87555e-06  4.69442e-06  4.43569e-06
4.63000e+03  5.09413e-06  4.97495e-06  4.83216e-06  4.65132e-06  4.39167e-06
4.65000e+03  5.00516e-06  4.89840e-06  4.76844e-06  4.60109e-06  4.35688e-06
4.67000e+03  5.01068e-06  4.89984e-06  4.76618e-06  4.59554e-06  4.34847e-06
4.69000e+03  5.00235e-06  4.88785e-06  4.75058e-06  4.57648e-06  4.32584e-06
4.71000e+03  4.94954e-06  4.83500e-06  4.69834e-06  4.52593e-06  4.27912e-06
4.73000e+03  4.95939e-06  4.84590e-06  4.71049e-06  4.53978e-06  4.29625e-06
4.75000e+03  4.90752e-06  4.79517e-06  4.66100e-06  4.49157e-06  4.24901e-06
4.77000e+03  4.86163e-06  4.75086e-06  4.61888e-06  4.45268e-06  4.21545e-06
4.79000e+03  4.83448e-06  4.72426e-06  4.59304e-06  4.42800e-06  4.19312e-06
4.81000e+03  4.77154e-06  4.66355e-06  4.53497e-06  4.37299e-06  4.14111e-06
4.83000e+03  4.79075e-06  4.68333e-06  4.55521e-06  4.39380e-06  4.16399e-06
4.85000e+03  4.72828e-06  4.62203e-06  4.49560e-06  4.33671e-06  4.11097e-06
4.87000e+03  4.69024e-06  4.58506e-06  4.45995e-06  4.30271e-06  4.07888e-06
4.89000e+03  4.66744e-06  4.56340e-06  4.43964e-06  4.28411e-06  4.06303e-06
4.91000e+03  4.63075e-06  4.52697e-06  4.40354e-06  4.24848e-06  4.02820e-06
4.93000e+03  4.59994e-06  4.49724e-06  4.37503e-06  4.22141e-06  4.00311e-06
4.95000e+03  4.55656e-06  4.45592e-06  4.33641e-06  4.18647e-06  3.97354e-06
4.97000e+03  4.53383e-06  4.43382e-06  4.31492e-06  4.16562e-06  3.95381e-06
4.99000e+03  4.51126e-06  4.41095e-06  4.29174e-06  4.14221e-06  3.93028e-06
5.01000e+03  4.45374e-06  4.35520e-06  4.23815e-06  4.09130e-06  3.88295e-06
5.03000e+03  4.45626e-06  4.35870e-06  4.24270e-06  4.09708e-06  3.89054e-06
5.05000e+03  4.39712e-06  4.30074e-06  4.18610e-06  4.04206e-06  3.83760e-06
5.07000e+03  4.37520e-06  4.27951e-06  4.16572e-06  4.02280e-06  3.82006e-06
5.09000e+03  4.35618e-06  4.26147e-06  4.14889e-06  4.00763e-06  3.80737e-06
5.11000e+03  4.30348e-06  4.21104e-06  4.10093e-06  3.96244e-06  3.76569e-06
5.13000e+03  4.27512e-06  4.18725e-06  4.08149e-06  3.94686e-06  3.75308e-06
5.15000e+03  4.25890e-06  4.16757e-06  4.05874e-06  3.92180e-06  3.72717e-06
5.17000e+03  4.25805e-06  4.16709e-06  4.05897e-06  3.92336e-06  3.73156e-06
5.19000e+03  4.20508e-06  4.11523e-06  4.00840e-06  3.87420e-06  3.68365e-06
5.21000e+03  4.16916e-06  4.08043e-06  3.97495e-06  3.84240e-06  3.65403e-06
5.23000e+03  4.13974e-06  4.05241e-06  3.94865e-06  3.81833e-06  3.63318e-06
5.25000e+03  4.13109e-06  4.04419e-06  3.94093e-06  3.81126e-06  3.62713e-06
5.27000e+03  4.11567e-06  4.02970e-06  3.92758e-06  3.79949e-06  3.61813e-06
5.29000e+03  4.05720e-06  3.97239e-06  3.87156e-06  3.74479e-06  3.56435e-06
5.31000e+03  4.04273e-06  3.95823e-06  3.85788e-06  3.73194e-06  3.55311e-06
5.33000e+03  4.01609e-06  3.93301e-06  3.83430e-06  3.71027e-06  3.53386e-06
5.35000e+03  3.99046e-06  3.90815e-06  3.81043e-06  3.68779e-06  3.51368e-06
5.37000e+03  3.94943e-06  3.86931e-06  3.77441e-06  3.65560e-06  3.48720e-06
5.39000e+03  3.94284e-06  3.86251e-06  3.76717e-06  3.64761e-06  3.47801e-06
5.41000e+03  3.91812e-06  3.83830e-06  3.74364e-06  3.62502e-06  3.45689e-06
5.43000e+03  3.86901e-06  3.79101e-06  3.69852e-06  3.58251e-06  3.41760e-06
5.45000e+03  3.86963e-06  3.79141e-06  3.69869e-06  3.58258e-06  3.41819e-06
5.47000e+03  3.83314e-06  3.75627e-06  3.66518e-06  3.55112e-06  3.38946e-06
5.49000e+03  3.80833e-06  3.73224e-06  3.64205e-06  3.52901e-06  3.36860e-06
5.51000e+03  3.79251e-06  3.71651e-06  3.62645e-06  3.51372e-06  3.35407e-06
5.53000e+03  3.78212e-06  3.70732e-06  3.61876e-06  3.50804e-06  3.35179e-06
5.55000e+03  3.73295e-06  3.65875e-06  3.57087e-06  3.46085e-06  3.30490e-06
5.57000e+03  3.73585e-06  3.66206e-06  3.57470e-06  3.46551e-06  3.31155e-06
5.59000e+03  3.67364e-06  3.60269e-06  3.51891e-06  3.41437e-06  3.26661e-06
5.61000e+03  3.67363e-06  3.60176e-06  3.51678e-06  3.41064e-06  3.26085e-06
5.63000e+03  3.64316e-06  3.57191e-06  3.48769e-06  3.38252e-06  3.23404e-06
5.65000e+03  3.63989e-06  3.56872e-06  3.48454e-06  3.37948e-06  3.23160e-06
5.67000e+03  3.61630e-06  3.54577e-06  3.46239e-06  3.35835e-06  3.21192e-06
5.69000e+03  3.56949e-06  3.50043e-06  3.41891e-06  3.31728e-06  3.17405e-06
5.71000e+03  3.56821e-06  3.49954e-06  3.41838e-06  3.31714e-06  3.17467e-06
5.73000e+03  3.54811e-06  3.47973e-06  3.39893e-06  3.29815e-06  3.15648e-06
5.75000e+03  3.52311e-06  3.45546e-06  3.37555e-06  3.27593e-06  3.13586e-06
5.77000e+03  3.49833e-06  3.43114e-06  3.35187e-06  3.25317e-06  3.11462e-06
5.79000e+03  3.48061e-06  3.41439e-06  3.33628e-06  3.23905e-06  3.10266e-06
5.81000e+03  3.45375e-06  3.38785e-06  3.31016e-06  3.21352e-06  3.07805e-06
5.83000e+03  3.43655e-06  3.37106e-06  3.29382e-06  3.19771e-06  3.06301e-06
5.85000e+03  3.42058e-06  3.35556e-06  3.27889e-06  3.18355e-06  3.05009e-06
5.87000e+03  3.38929e-06  3.32508e-06  3.24938e-06  3.15527e-06  3.02341e-06
5.89000e+03  3.35352e-06  3.29180e-06  3.21895e-06  3.12825e-06  3.00099e-06
5.91000e+03  3.34118e-06  3.28247e-06  3.21213e-06  3.12314e-06  2.99641e-06
5.93000e+03  3.33286e-06  3.27067e-06  3.19724e-06  3.10582e-06  2.97778e-06
5.95000e+03  3.29691e-06  3.23641e-06  3.16507e-06  3.07630e-06  2.95181e-06
5.97000e+03  3.29542e-06  3.23422e-06  3.16207e-06  3.07234e-06  2.94680e-06
5.99000e+03  3.27550e-06  3.21454e-06  3.14273e-06  3.05355e-06  2.92898e-06
6.01000e+03  3.24920e-06  3.18939e-06  3.11903e-06  3.03173e-06  2.90987e-06
6.03000e+03  3.23599e-06  3.17601e-06  3.10539e-06  3.01773e-06  2.89533e-06
6.05000e+03  3.21510e-06  3.15539e-06  3.08512e-06  2.99790e-06  2.87612e-06
6.07000e+03  3.19242e-06  3.13364e-06  3.06449e-06  2.97871e-06  2.85897e-06
6.09000e+03  3.16959e-06  3.11164e-06  3.04342e-06  2.95873e-06  2.84044e-06
6.11000e+03  3.14266e-06  3.08590e-06  3.01907e-06  2.93607e-06  2.81994e-06
6.13000e+03  3.13687e-06  3.07952e-06  3.01201e-06  2.92822e-06  2.81128e-06
6.15000e+03  3.12197e-06  3.06478e-06  2.99749e-06  2.91402e-06  2.79764e-06
6.17000e+03  3.10249e-06  3.04601e-06  2.97959e-06  2.89726e-06  2.78256e-06
6.19000e+03  3.08644e-06  3.03044e-06  2.96454e-06  2.88281e-06  2.76887e-06
6.21000e+03  3.06972e-06  3.01419e-06  2.94885e-06  2.86778e-06  2.75480e-06
6.23000e+03  3.03323e-06  2.97980e-06  2.91690e-06  2.83877e-06  2.72954e-06
6.25000e+03  3.02344e-06  2.96934e-06  2.90563e-06  2.82653e-06  2.71609e-06
6.27000e+03  3.00679e-06  2.95329e-06  2.89025e-06  2.81194e-06  2.70253e-06
6.29000e+03  2.99254e-06  2.93944e-06  2.87682e-06  2.79894e-06  2.69004e-06
6.31000e+03  2.96102e-06  2.90924e-06  2.84829e-06  2.77262e-06  2.66686e-06
6.33000e+03  2.96438e-06  2.91157e-06  2.84939e-06  2.77220e-06  2.66455e-06
6.35000e+03  2.94227e-06  2.88988e-06  2.82823e-06  2.75174e-06  2.64506e-06
6.37000e+03  2.92707e-06  2.87559e-06  2.81500e-06  2.73981e-06  2.63492e-06
6.39000e+03  2.90627e-06  2.85494e-06  2.79456e-06  2.71964e-06  2.61515e-06
6.42000e+03  2.88481e-06  2.83403e-06  2.77429e-06  2.70018e-06  2.59687e-06
6.46000e+03  2.84508e-06  2.79564e-06  2.73750e-06  2.66537e-06  2.56471e-06
6.50000e+03  2.81115e-06  2.76274e-06  2.70580e-06  2.63514e-06  2.53651e-06
6.54000e+03  2.78514e-06  2.73691e-06  2.68018e-06  2.60982e-06  2.51166e-06
6.58000e+03  2.75519e-06  2.70777e-06  2.65201e-06  2.58282e-06  2.48633e-06
6.62000e+03  2.72032e-06  2.67384e-06  2.61919e-06  2.55140e-06  2.45678e-06
6.66000e+03  2.69286e-06  2.64698e-06  2.59302e-06  2.52608e-06  2.43269e-06
6.70000e+03  2.65852e-06  2.61374e-06  2.56109e-06  2.49579e-06  2.40466e-06
6.74000e+03  2.62482e-06  2.58104e-06  2.52955e-06  2.46564e-06  2.37634e-06
6.78000e+03  2.59838e-06  2.55539e-06  2.50475e-06  2.44177e-06  2.35364e-06
6.82000e+03  2.57041e-06  2.52763e-06  2.47735e-06  2.41500e-06  2.32796e-06
6.86000e+03  2.54232e-06  2.50023e-06  2.45077e-06  2.38945e-06  2.30386e-06
6.90000e+03  2.51367e-06  2.47224e-06  2.42356e-06  2.36319e-06  2.27889e-06
6.94000e+03  2.48397e-06  2.44335e-06  2.39564e-06  2.33648e-06  2.25382e-06
6.98000e+03  2.45987e-06  2.41967e-06  2.37245e-06  2.31390e-06  2.23212e-06
7.02000e+03  2.42644e-06  2.38744e-06  2.34162e-06  2.28478e-06  2.20529e-06
7.06000e+03  2.40472e-06  2.36585e-06  2.32022e-06  2.26364e-06  2.18461e-06
7.10000e+03  2.37951e-06  2.34116e-06  2.29612e-06  2.24030e-06  2.16230e-06
7.14000e+03  2.35315e-06  2.31548e-06  2.27125e-06  2.21643e-06  2.13981e-06
7.18000e+03  2.32775e-06  2.29062e-06  2.24703e-06  2.19298e-06  2.11744e-06
7.22000e+03  2.30220e-06  2.26578e-06  2.22302e-06  2.16998e-06  2.09578e-06
7.26000e+03  2.27667e-06  2.24082e-06  2.19875e-06  2.14658e-06  2.07360e-06
7.30000e+03  2.25530e-06  2.21974e-06  2.17800e-06  2.12626e-06  2.05390e-06
7.34000e+03  2.22793e-06  2.19325e-06  2.15254e-06  2.10205e-06  2.03136e-06
7.38000e+03  2.20761e-06  2.17313e-06  2.13268e-06  2.08253e-06  2.01237e-06
7.42000e+03  2.18048e-06  2.14678e-06  2.10723e-06  2.05820e-06  1.98955e-06
7.46000e+03  2.14740e-06  2.11649e-06  2.07978e-06  2.03366e-06  1.96826e-06
7.50000e+03  2.13145e-06  2.10042e-06  2.06355e-06  2.01724e-06  1.95162e-06
7.54000e+03  2.11444e-06  2.08224e-06  2.04442e-06  1.99746e-06  1.93160e-06
7.58000e+03  2.09499e-06  2.06299e-06  2.02543e-06  1.97883e-06  1.91345e-06
7.62000e+03  2.07353e-06  2.04196e-06  2.00491e-06  1.95893e-06  1.89435e-06
7.66000e+03  2.05249e-06  2.02133e-06  1.98474e-06  1.93932e-06  1.87541e-06
7.70000e+03  2.02739e-06  1.99693e-06  1.96121e-06  1.91686e-06  1.85434e-06
7.74000e+03  2.01099e-06  1.98066e-06  1.94503e-06  1.90075e-06  1.83819e-06
7.78000e+03  1.99104e-06  1.96110e-06  1.92594e-06  1.88218e-06  1.82027e-06
7.82000e+03  1.97099e-06  1.94146e-06  1.90675e-06  1.86357e-06  1.80240e-06
7.86000e+03  1.95168e-06  1.92250e-06  1.88822e-06  1.84553e-06  1.78494e-06
7.90000e+03  1.93210e-06  1.90336e-06  1.86958e-06  1.82752e-06  1.76783e-06
7.94000e+03  1.91261e-06  1.88428e-06  1.85098e-06  1.80950e-06  1.75054e-06
7.98000e+03  1.89434e-06  1.86639e-06  1.83355e-06  1.79265e-06  1.73450e-06
8.02000e+03  1.87335e-06  1.84595e-06  1.81376e-06  1.77368e-06  1.71673e-06
8.06000e+03  1.85481e-06  1.82787e-06  1.79622e-06  1.75680e-06  1.70077e-06
8.10000e+03  1.83979e-06  1.81299e-06  1.78151e-06  1.74233e-06  1.68670e-06
8.14000e+03  1.81737e-06  1.79136e-06  1.76082e-06  1.72282e-06  1.66889e-06
8.18000e+03  1.80303e-06  1.77722e-06  1.74690e-06  1.70914e-06  1.65553e-06
8.22000e+03  1.78788e-06  1.76218e-06  1.73201e-06  1.69448e-06  1.64130e-06
8.26000e+03  1.76996e-06  1.74466e-06  1.71497e-06  1.67804e-06  1.62570e-06
8.30000e+03  1.75401e-06  1.72900e-06  1.69964e-06  1.66311e-06  1.61130e-06
8.34000e+03  1.73428e-06  1.70986e-06  1.68121e-06  1.64554e-06  1.59493e-06
8.38000e+03  1.71968e-06  1.69546e-06  1.66703e-06  1.63165e-06  1.58142e-06
8.42000e+03  1.70521e-06  1.68117e-06  1.65296e-06  1.61782e-06  1.56788e-06
8.46000e+03  1.68952e-06  1.66578e-06  1.63792e-06  1.60324e-06  1.55396e-06
8.50000e+03  1.67401e-06  1.65056e-06  1.62303e-06  1.58874e-06  1.53996e-06
8.54000e+03  1.65833e-06  1.63522e-06  1.60809e-06  1.57429e-06  1.52621e-06
8.58000e+03  1.64370e-06  1.62085e-06  1.59403e-06  1.56060e-06  1.51301e-06
8.62000e+03  1.62775e-06  1.60528e-06  1.57890e-06  1.54601e-06  1.49916e-06
8.66000e+03  1.61394e-06  1.59171e-06  1.56558e-06  1.53300e-06  1.48652e-06
8.70000e+03  1.59964e-06  1.57765e-06  1.55182e-06  1.51961e-06  1.47366e-06
8.74000e+03  1.58437e-06  1.56291e-06  1.53765e-06  1.50610e-06  1.46104e-06
8.78000e+03  1.57017e-06  1.54895e-06  1.52397e-06  1.49274e-06  1.44807e-06
8.82000e+03  1.55407e-06  1.53312e-06  1.50852e-06  1.47785e-06  1.43404e-06
8.86000e+03  1.54136e-06  1.52064e-06  1.49630e-06  1.46593e-06  1.42255e-06
8.90000e+03  1.52754e-06  1.50709e-06  1.48306e-06  1.45310e-06  1.41031e-06
8.94000e+03  1.51554e-06  1.49522e-06  1.47136e-06  1.44159e-06  1.39905e-06
8.98000e+03  1.50011e-06  1.48023e-06  1.45688e-06  1.42773e-06  1.38607e-06
9.02000e+03  1.48807e-06  1.46833e-06  1.44516e-06  1.41628e-06  1.37505e-06
9.06000e+03  1.47736e-06  1.45772e-06  1.43467e-06  1.40591e-06  1.36485e-06
9.10000e+03  1.46201e-06  1.44279e-06  1.42023e-06  1.39207e-06  1.35184e-06
9.14000e+03  1.45016e-06  1.43113e-06  1.40880e-06  1.38092e-06  1.34106e-06
9.18000e+03  1.43900e-06  1.42011e-06  1.39794e-06  1.37029e-06  1.33082e-06
9.22000e+03  1.42752e-06  1.40880e-06  1.38683e-06  1.35942e-06  1.32028e-06
9.26000e+03  1.41501e-06  1.39655e-06  1.37489e-06  1.34787e-06  1.30928e-06
9.30000e+03  1.40364e-06  1.38536e-06  1.36391e-06  1.33716e-06  1.29895e-06
9.34000e+03  1.39086e-06  1.37287e-06  1.35175e-06  1.32540e-06  1.28776e-06
9.38000e+03  1.37948e-06  1.36173e-06  1.34089e-06  1.31486e-06  1.27765e-06
9.42000e+03  1.36846e-06  1.35087e-06  1.33023e-06  1.30446e-06  1.26764e-06
9.46000e+03  1.35668e-06  1.33929e-06  1.31887e-06  1.29341e-06  1.25702e-06
9.50000e+03  1.34559e-06  1.32840e-06  1.30823e-06  1.28306e-06  1.24711e-06
9.54000e+03  1.33428e-06  1.31735e-06  1.29749e-06  1.27270e-06  1.23728e-06
9.58000e+03  1.32365e-06  1.30686e-06  1.28715e-06  1.26256e-06  1.22740e-06
9.62000e+03  1.31230e-06  1.29579e-06  1.27641e-06  1.25222e-06  1.21763e-06
9.66000e+03  1.30209e-06  1.28568e-06  1.26641e-06  1.24238e-06  1.20801e-06
9.70000e+03  1.29205e-06  1.27581e-06  1.25676e-06  1.23298e-06  1.19900e-06
9.74000e+03  1.27841e-06  1.26262e-06  1.24408e-06  1.22092e-06  1.18773e-06
9.78000e+03  1.26889e-06  1.25318e-06  1.23474e-06  1.21173e-06  1.17878e-06
9.82000e+03  1.26072e-06  1.24509e-06  1.22673e-06  1.20381e-06  1.17102e-06
9.86000e+03  1.25095e-06  1.23545e-06  1.21726e-06  1.19455e-06  1.16206e-06
9.90000e+03  1.24116e-06  1.22581e-06  1.20780e-06  1.18531e-06  1.15312e-06
9.94000e+03  1.23023e-06  1.21513e-06  1.19741e-06  1.17527e-06  1.14356e-06
9.98000e+03  1.22136e-06  1.20639e-06  1.18882e-06  1.16688e-06  1.13547e-06
1.00200e+04  1.21178e-06  1.19698e-06  1.17960e-06  1.15790e-06  1.12681e-06
2.00000e+04  3.07680e-07  3.05384e-07  3.02627e-07  2.99047e-07  2.93591e-07
4.00000e+04  7.66626e-08  7.62515e-08  7.57463e-08  7.50731e-08  7.40184e-08
6.00000e+04  3.38511e-08  3.36920e-08  3.34960e-08  3.32336e-08  3.28198e-08
8.00000e+04  1.89292e-08  1.88469e-08  1.87456e-08  1.86095e-08  1.83905e-08
1.00000e+05  1.20533e-08  1.20036e-08  1.19423e-08  1.18592e-08  1.17214e-08
1.20000e+05  8.33357e-09  8.30037e-09  8.25923e-09  8.20271e-09  8.10599e-09
1.40000e+05  6.09884e-09  6.07500e-09  6.04528e-09  6.00385e-09  5.93090e-09
1.60000e+05  4.65310e-09  4.63503e-09  4.61236e-09  4.58029e-09  4.52255e-09
