9.09000e+00  1.00000e-38  1.00000e-38  1.00000e-38  1.00000e-38  1.00000e-38
9.35000e+00  1.00000e-38  1.00000e-38  1.00000e-38  1.00000e-38  1.00000e-38
9.61000e+00  1.00000e-38  1.00000e-38  1.00000e-38  1.00000e-38  1.00000e-38
9.77000e+00  1.00000e-38  1.00000e-38  1.00000e-38  1.00000e-38  1.00000e-38
9.96000e+00  1.00000e-38  1.00000e-38  1.00000e-38  1.00000e-38  1.00000e-38
1.02000e+01  1.00000e-38  1.00000e-38  1.00000e-38  1.00000e-38  1.00000e-38
1.03800e+01  1.00000e-38  1.00000e-38  1.00000e-38  1.00000e-38  1.00000e-38
1.05600e+01  1.00000e-38  1.00000e-38  1.00000e-38  1.00000e-38  1.00000e-38
1.07700e+01  1.00000e-38  1.00000e-38  1.00000e-38  1.00000e-38  1.00000e-38
1.10400e+01  1.00000e-38  1.00000e-38  1.00000e-38  1.00000e-38  1.00000e-38
1.14000e+01  1.00000e-38  1.00000e-38  1.00000e-38  1.00000e-38  1.00000e-38
1.17800e+01  1.00000e-38  1.00000e-38  1.00000e-38  1.00000e-38  1.00000e-38
1.21300e+01  1.00000e-38  1.00000e-38  1.00000e-38  1.00000e-38  1.00000e-38
1.24800e+01  1.00000e-38  1.00000e-38  1.00000e-38  1.00000e-38  1.00000e-38
1.27100e+01  1.00000e-38  1.00000e-38  1.00000e-38  1.00000e-38  1.00000e-38
1.28400e+01  1.00000e-38  1.00000e-38  1.00000e-38  1.00000e-38  1.00000e-38
1.30500e+01  1.00000e-38  1.00000e-38  1.00000e-38  1.00000e-38  1.00000e-38
1.32400e+01  1.00000e-38  1.00000e-38  1.00000e-38  1.00000e-38  1.00000e-38
1.33900e+01  1.00000e-38  1.00000e-38  1.00000e-38  1.00000e-38  1.00000e-38
1.36600e+01  1.00000e-38  1.00000e-38  1.00000e-38  1.00000e-38  1.00000e-38
1.39800e+01  1.00000e-38  1.00000e-38  1.00000e-38  1.00000e-38  1.00000e-38
1.43300e+01  1.00000e-38  1.00000e-38  1.00000e-38  1.00000e-38  1.00000e-38
1.47200e+01  1.00000e-38  1.00000e-38  1.00000e-38  1.00000e-38  1.00000e-38
1.51000e+01  1.00000e-38  1.00000e-38  1.00000e-38  1.00000e-38  1.00000e-38
1.55200e+01  1.00000e-38  1.00000e-38  1.00000e-38  1.00000e-38  1.00000e-38
1.58800e+01  1.00000e-38  1.00000e-38  1.00000e-38  1.00000e-38  1.00000e-38
1.62000e+01  1.00000e-38  1.00000e-38  1.00000e-38  1.00000e-38  1.00000e-38
1.66000e+01  1.00000e-38  1.00000e-38  1.00000e-38  1.00000e-38  1.00000e-38
1.70300e+01  1.00000e-38  1.00000e-38  1.00000e-38  1.00000e-38  1.00000e-38
1.73400e+01  1.00000e-38  1.00000e-38  1.00000e-38  1.00000e-38  1.00000e-38
1.76800e+01  1.00000e-38  1.00000e-38  1.00000e-38  1.00000e-38  1.00000e-38
1.80200e+01  1.00000e-38  1.00000e-38  1.00000e-38  1.00000e-38  1.00000e-38
1.81700e+01  1.00000e-38  1.00000e-38  1.00000e-38  1.00000e-38  1.00000e-38
1.86100e+01  1.00000e-38  1.00000e-38  1.00000e-38  1.00000e-38  1.00000e-38
1.91000e+01  1.00000e-38  1.00000e-38  1.00000e-38  1.00000e-38  1.00000e-38
1.93900e+01  1.00000e-38  1.00000e-38  1.00000e-38  1.00000e-38  1.00000e-38
1.98400e+01  1.00000e-38  1.00000e-38  1.00000e-38  1.00000e-38  1.00000e-38
2.01800e+01  1.00000e-38  1.00000e-38  1.00000e-38  1.00000e-38  1.00000e-38
2.05000e+01  1.00000e-38  1.00000e-38  1.00000e-38  1.00000e-38  1.00000e-38
2.10500e+01  1.00000e-38  1.00000e-38  1.00000e-38  1.00000e-38  1.00000e-38
2.16200e+01  1.00000e-38  1.00000e-38  1.00000e-38  1.00000e-38  1.00000e-38
2.19800e+01  1.00000e-38  1.00000e-38  1.00000e-38  1.00000e-38  1.00000e-38
2.23000e+01  1.00000e-38  1.00000e-38  1.00000e-38  1.00000e-38  1.00000e-38
2.26800e+01  1.00000e-38  1.00000e-38  1.00000e-38  1.00000e-38  1.00000e-38
2.30000e+01  1.00000e-38  1.00000e-38  1.00000e-38  1.00000e-38  1.00000e-38
2.34000e+01  1.00000e-38  1.00000e-38  1.00000e-38  1.00000e-38  1.00000e-38
2.40000e+01  1.00000e-38  1.00000e-38  1.00000e-38  1.00000e-38  1.00000e-38
2.46500e+01  1.00000e-38  1.00000e-38  1.00000e-38  1.00000e-38  1.00000e-38
2.52400e+01  1.00000e-38  1.00000e-38  1.00000e-38  1.00000e-38  1.00000e-38
2.56800e+01  1.00000e-38  1.00000e-38  1.00000e-38  1.00000e-38  1.00000e-38
2.60000e+01  1.00000e-38  1.00000e-38  1.00000e-38  1.00000e-38  1.00000e-38
2.64000e+01  1.00000e-38  1.00000e-38  1.00000e-38  1.00000e-38  1.00000e-38
2.68500e+01  1.00002e-38  1.00000e-38  1.00001e-38  1.00001e-38  1.00000e-38
2.73500e+01  1.00022e-38  1.00006e-38  1.00013e-38  1.00015e-38  1.00007e-38
2.78500e+01  1.00154e-38  1.00057e-38  1.00095e-38  1.00109e-38  1.00060e-38
2.84000e+01  1.00935e-38  1.00400e-38  1.00618e-38  1.00693e-38  1.00427e-38
2.90000e+01  1.05605e-38  1.02568e-38  1.03833e-38  1.04270e-38  1.02762e-38
2.96000e+01  1.30031e-38  1.14248e-38  1.20914e-38  1.23239e-38  1.15346e-38
3.01000e+01  2.14345e-38  1.55245e-38  1.80419e-38  1.89235e-38  1.59506e-38
3.08000e+01  7.86948e-38  4.38364e-38  5.88413e-38  6.41184e-38  4.64653e-38
3.18000e+01  7.83677e-37  4.00287e-37  5.67846e-37  6.26864e-37  4.29849e-37
3.28000e+01  7.52528e-36  3.88305e-36  5.49684e-36  6.06658e-36  4.17003e-36
3.38000e+01  6.38458e-35  3.35833e-35  4.71726e-35  5.19699e-35  3.59998e-35
3.48000e+01  4.79721e-34  2.57304e-34  3.58543e-34  3.94175e-34  2.75143e-34
3.57000e+01  2.67635e-33  1.45933e-33  2.01973e-33  2.21667e-33  1.55746e-33
3.66000e+01  1.37253e-32  7.60549e-33  1.04543e-32  1.14526e-32  8.09854e-33
3.75000e+01  6.50990e-32  3.66343e-32  5.00343e-32  5.47110e-32  3.89203e-32
3.85000e+01  3.37160e-31  1.92880e-31  2.61610e-31  2.85462e-31  2.04364e-31
3.95000e+01  1.60732e-30  9.34146e-31  1.25830e-30  1.37037e-30  9.87197e-31
4.05000e+01  7.09573e-30  4.18699e-30  5.60357e-30  6.09050e-30  4.41367e-30
4.14000e+01  2.54058e-29  1.51876e-29  2.02110e-29  2.19270e-29  1.59747e-29
4.22000e+01  7.54347e-29  4.56101e-29  6.03882e-29  6.54184e-29  4.78732e-29
4.30000e+01  2.15136e-28  1.31491e-28  1.73275e-28  1.87424e-28  1.37769e-28
4.41000e+01  8.54534e-28  5.29834e-28  6.93703e-28  7.48792e-28  5.53830e-28
4.51000e+01  2.82532e-27  1.77388e-27  2.30927e-27  2.48811e-27  1.85008e-27
4.60000e+01  7.93006e-27  5.03303e-27  6.51976e-27  7.01375e-27  5.24026e-27
4.70000e+01  2.38365e-26  1.53066e-26  1.97200e-26  2.11789e-26  1.59070e-26
4.80000e+01  6.84598e-26  4.44571e-26  5.69760e-26  6.10900e-26  4.61155e-26
4.90000e+01  1.88378e-25  1.23661e-25  1.57668e-25  1.68782e-25  1.28061e-25
5.00000e+01  4.97921e-25  3.30262e-25  4.19003e-25  4.47847e-25  3.41497e-25
5.06000e+01  8.75943e-25  5.86967e-25  7.36421e-25  7.85697e-25  6.11769e-25
5.12000e+01  1.52090e-24  1.02657e-24  1.27932e-24  1.36293e-24  1.07263e-24
5.20000e+01  3.11201e-24  2.11560e-24  2.62823e-24  2.79694e-24  2.20688e-24
5.30000e+01  7.38903e-24  5.06842e-24  6.27033e-24  6.66375e-24  5.27653e-24
5.40000e+01  1.69950e-23  1.17555e-23  1.44937e-23  1.53845e-23  1.22115e-23
5.50000e+01  3.79324e-23  2.64558e-23  3.24904e-23  3.44438e-23  2.74367e-23
5.60000e+01  8.22882e-23  5.78501e-23  7.07899e-23  7.49527e-23  5.98848e-23
5.70000e+01  1.73759e-22  1.23096e-22  1.50108e-22  1.58755e-22  1.27211e-22
5.80000e+01  3.57637e-22  2.55237e-22  3.10264e-22  3.27798e-22  2.63367e-22
5.90000e+01  7.18481e-22  5.16499e-22  6.25552e-22  6.60163e-22  5.32287e-22
6.00000e+01  1.41043e-21  1.02103e-21  1.23255e-21  1.29934e-21  1.05077e-21
6.10000e+01  2.70875e-21  1.97422e-21  2.37545e-21  2.50160e-21  2.02911e-21
6.20000e+01  5.09465e-21  3.73758e-21  4.48304e-21  4.71643e-21  3.83681e-21
6.30000e+01  9.39367e-21  6.93525e-21  8.29276e-21  8.71587e-21  7.11134e-21
6.40000e+01  1.69947e-20  1.26245e-20  1.50498e-20  1.58027e-20  1.29314e-20
6.50000e+01  3.01958e-20  2.25650e-20  2.68195e-20  2.81356e-20  2.30913e-20
6.58000e+01  4.72321e-20  3.54598e-20  4.20483e-20  4.40801e-20  3.62602e-20
6.65000e+01  6.92534e-20  5.21995e-20  6.17728e-20  6.47086e-20  5.33433e-20
6.75000e+01  1.18019e-19  8.94472e-20  1.05543e-19  1.10476e-19  9.13324e-20
6.85000e+01  1.98049e-19  1.50908e-19  1.77571e-19  1.85716e-19  1.53977e-19
6.95000e+01  3.27480e-19  2.50818e-19  2.94329e-19  3.07581e-19  2.55724e-19
7.05000e+01  5.33897e-19  4.10962e-19  4.81002e-19  5.02265e-19  4.18698e-19
7.16000e+01  8.99871e-19  6.96387e-19  8.12697e-19  8.47913e-19  7.08932e-19
7.26000e+01  1.42688e-18  1.10936e-18  1.29152e-18  1.34635e-18  1.12872e-18
7.35000e+01  2.13778e-18  1.66892e-18  1.93851e-18  2.01956e-18  1.69683e-18
7.45000e+01  3.31225e-18  2.59728e-18  3.00956e-18  3.13318e-18  2.63932e-18
7.55000e+01  5.07334e-18  3.99511e-18  4.61869e-18  4.80471e-18  4.05800e-18
7.65000e+01  7.68575e-18  6.07769e-18  7.00943e-18  7.28812e-18  6.17038e-18
7.75000e+01  1.15202e-17  9.14713e-18  1.05263e-17  1.09374e-17  9.28250e-18
7.85000e+01  1.70929e-17  1.36252e-17  1.56457e-17  1.62459e-17  1.38212e-17
7.95000e+01  2.51126e-17  2.00957e-17  2.30268e-17  2.38941e-17  2.03767e-17
8.05000e+01  3.65492e-17  2.93568e-17  3.35657e-17  3.48123e-17  2.97557e-17
8.15000e+01  5.27106e-17  4.24915e-17  4.84851e-17  5.02564e-17  4.30533e-17
8.25000e+01  7.53541e-17  6.09588e-17  6.94205e-17  7.19176e-17  6.17447e-17
8.35000e+01  1.06817e-16  8.67067e-17  9.85548e-17  1.02044e-16  8.77968e-17
8.45000e+01  1.50186e-16  1.22314e-16  1.38767e-16  1.43605e-16  1.23813e-16
8.55000e+01  2.09500e-16  1.71174e-16  1.93846e-16  2.00500e-16  1.73219e-16
8.65000e+01  2.90033e-16  2.37713e-16  2.68717e-16  2.77800e-16  2.40485e-16
8.75000e+01  3.98571e-16  3.27674e-16  3.69756e-16  3.82068e-16  3.31419e-16
8.85000e+01  5.43856e-16  4.48439e-16  5.05160e-16  5.21713e-16  4.53451e-16
8.95000e+01  7.37010e-16  6.09484e-16  6.85389e-16  7.07545e-16  6.16109e-16
9.05000e+01  9.92168e-16  8.22779e-16  9.23759e-16  9.53161e-16  8.31534e-16
9.15000e+01  1.20196e-15  1.00002e-15  1.13467e-15  1.21941e-15  1.20580e-15
9.25000e+01  1.11281e-15  8.66998e-16  9.78668e-16  1.10150e-15  1.23935e-15
9.35000e+01  1.41065e-15  1.10705e-15  1.24282e-15  1.39465e-15  1.56514e-15
9.45000e+01  1.80216e-15  1.41717e-15  1.59240e-15  1.79517e-15  2.03085e-15
9.55000e+01  2.21663e-15  1.72852e-15  1.94065e-15  2.19946e-15  2.51665e-15
9.65000e+01  2.84885e-15  2.22144e-15  2.50011e-15  2.84205e-15  3.26164e-15
9.75000e+01  3.81199e-15  3.06405e-15  3.44559e-15  3.89883e-15  4.44373e-15
9.85000e+01  4.79644e-15  3.79988e-15  4.26806e-15  4.84048e-15  5.54685e-15
9.95000e+01  6.33864e-15  5.11794e-15  5.76040e-15  6.53798e-15  7.50188e-15
1.00500e+02  7.58701e-15  6.07054e-15  6.84270e-15  7.82824e-15  9.04248e-15
1.01500e+02  9.59604e-15  7.69941e-15  8.67340e-15  9.91809e-15  1.14636e-14
1.02500e+02  1.30336e-14  1.08346e-14  1.22470e-14  1.39350e-14  1.59576e-14
1.03500e+02  1.55655e-14  1.28237e-14  1.45845e-14  1.67898e-14  1.95493e-14
1.04500e+02  1.94714e-14  1.58898e-14  1.80262e-14  2.07692e-14  2.42202e-14
1.05500e+02  2.39864e-14  1.99351e-14  2.25752e-14  2.58841e-14  3.00710e-14
1.06500e+02  3.07114e-14  2.56641e-14  2.91150e-14  3.34411e-14  3.89621e-14
1.07500e+02  3.70417e-14  3.10213e-14  3.52351e-14  4.06709e-14  4.74253e-14
1.08500e+02  4.53732e-14  3.81499e-14  4.34907e-14  5.03338e-14  5.89200e-14
1.09500e+02  5.61518e-14  4.79228e-14  5.44558e-14  6.27387e-14  7.30988e-14
1.10500e+02  5.87706e-14  4.26322e-14  4.55036e-14  5.18642e-14  6.39638e-14
1.11500e+02  8.38643e-14  4.44257e-14  3.55859e-14  3.26831e-14  3.88173e-14
1.12500e+02  1.17729e-13  6.27939e-14  4.83874e-14  4.18047e-14  4.68338e-14
1.13500e+02  1.47428e-13  7.24408e-14  5.02643e-14  3.90478e-14  4.38182e-14
1.14500e+02  1.76762e-13  8.47659e-14  5.67532e-14  4.27540e-14  4.79376e-14
1.15500e+02  2.11630e-13  1.08113e-13  7.87832e-14  6.58146e-14  7.50302e-14
1.16500e+02  2.35608e-13  1.05308e-13  6.48778e-14  4.56524e-14  5.25143e-14
1.17500e+02  2.80140e-13  1.21858e-13  7.20524e-14  4.83199e-14  5.59130e-14
1.18500e+02  3.23298e-13  1.50814e-13  1.01612e-13  8.21705e-14  9.88963e-14
1.19500e+02  3.32295e-13  2.04680e-13  1.95803e-13  2.12656e-13  2.67279e-13
1.20500e+02  3.16457e-13  1.92310e-13  1.95726e-13  2.29542e-13  3.13182e-13
1.21500e+02  7.01023e-13  6.72741e-13  7.45631e-13  8.15019e-13  8.94199e-13
1.22500e+02  4.39483e-13  2.88523e-13  3.05577e-13  3.64323e-13  4.89962e-13
1.23500e+02  5.74789e-13  2.71834e-13  2.06643e-13  2.01458e-13  2.68441e-13
1.24500e+02  8.62887e-13  3.63825e-13  2.02273e-13  1.24012e-13  1.29644e-13
1.25500e+02  1.21839e-12  4.93907e-13  2.46996e-13  1.15110e-13  9.78546e-14
1.26500e+02  1.41931e-12  6.55304e-13  4.23350e-13  3.17474e-13  3.41682e-13
1.27500e+02  1.77669e-12  7.91155e-13  4.73148e-13  3.14471e-13  3.07533e-13
1.28500e+02  2.03200e-12  8.30049e-13  4.29079e-13  2.26788e-13  1.94018e-13
1.29500e+02  2.31223e-12  8.85490e-13  3.97649e-13  1.48512e-13  9.79334e-14
1.30500e+02  2.58401e-12  1.08614e-12  6.03003e-13  3.74544e-13  3.54945e-13
1.31500e+02  3.06677e-12  1.19902e-12  5.77179e-13  2.78761e-13  2.33678e-13
1.32500e+02  3.39043e-12  1.30104e-12  6.20558e-13  3.00815e-13  2.37111e-13
1.33500e+02  3.71132e-12  1.40394e-12  6.62106e-13  3.22914e-13  2.61852e-13
1.34500e+02  4.15064e-12  1.48929e-12  6.20324e-13  2.22270e-13  1.39365e-13
1.35500e+02  4.82262e-12  1.83393e-12  8.70911e-13  4.39083e-13  3.69335e-13
1.36500e+02  5.18734e-12  1.88977e-12  8.36176e-13  3.71822e-13  2.82882e-13
1.37500e+02  5.65220e-12  2.05009e-12  9.01558e-13  3.94245e-13  2.84051e-13
1.38500e+02  6.10577e-12  2.20146e-12  9.57681e-13  4.02836e-13  2.72520e-13
1.39500e+02  6.71075e-12  2.39296e-12  1.02656e-12  4.25173e-13  2.80263e-13
1.40500e+02  7.96867e-12  2.90435e-12  1.28323e-12  5.62162e-13  3.89844e-13
1.41500e+02  8.79218e-12  3.25468e-12  1.48737e-12  7.08584e-13  5.26832e-13
1.42500e+02  9.83393e-12  3.67022e-12  1.67963e-12  7.82739e-13  5.57929e-13
1.43500e+02  1.12284e-11  4.31981e-12  2.09817e-12  1.11474e-12  8.79737e-13
1.44200e+02  1.30109e-11  4.89725e-12  2.18246e-12  9.46052e-13  6.40075e-13
1.44700e+02  1.24226e-11  4.64569e-12  2.10958e-12  9.63000e-13  6.57610e-13
1.45500e+02  1.40741e-11  5.24843e-12  2.33654e-12  1.02149e-12  6.70939e-13
1.46500e+02  1.63733e-11  6.42097e-12  3.11852e-12  1.62636e-12  1.25270e-12
1.47500e+02  1.63818e-11  6.15060e-12  2.84961e-12  1.36578e-12  9.49942e-13
1.48500e+02  1.89098e-11  7.24672e-12  3.40353e-12  1.65309e-12  1.15763e-12
1.49500e+02  2.32339e-11  8.93065e-12  4.09420e-12  1.88335e-12  1.27249e-12
1.50500e+02  2.67909e-11  1.03137e-11  4.63298e-12  2.01013e-12  1.29121e-12
1.51200e+02  2.32412e-11  8.61709e-12  3.83177e-12  1.69197e-12  1.06784e-12
1.51700e+02  2.91565e-11  1.12482e-11  4.99784e-12  2.06425e-12  1.22494e-12
1.52500e+02  4.50303e-11  1.99550e-11  9.57502e-12  3.89547e-12  2.05903e-12
1.53500e+02  1.13132e-10  6.98325e-11  4.28314e-11  2.14395e-11  7.31067e-12
1.54500e+02  1.14125e-10  6.91123e-11  4.21859e-11  2.15862e-11  6.93168e-12
1.55500e+02  1.58116e-10  1.03056e-10  6.69434e-11  3.68002e-11  1.30277e-11
1.56500e+02  1.58807e-10  1.03814e-10  6.85262e-11  3.92399e-11  1.64785e-11
1.57500e+02  2.31017e-10  1.58187e-10  1.08119e-10  6.42487e-11  2.57227e-11
1.58500e+02  2.70350e-10  1.86957e-10  1.28300e-10  7.60201e-11  2.92161e-11
1.59500e+02  3.00951e-10  2.08775e-10  1.43415e-10  8.48116e-11  3.14386e-11
1.60500e+02  3.32853e-10  2.33237e-10  1.61195e-10  9.57237e-11  3.62836e-11
1.61500e+02  3.70416e-10  2.58812e-10  1.78203e-10  1.05116e-10  3.97432e-11
1.62500e+02  4.04054e-10  2.84041e-10  1.98123e-10  1.19664e-10  4.78052e-11
1.63500e+02  4.80799e-10  3.34394e-10  2.31871e-10  1.40339e-10  5.73268e-11
1.64500e+02  6.14067e-10  4.32274e-10  3.05355e-10  1.89502e-10  7.88996e-11
1.65500e+02  4.68341e-10  3.24145e-10  2.27717e-10  1.42878e-10  6.79742e-11
1.66500e+02  7.06480e-10  4.92827e-10  3.48611e-10  2.17533e-10  8.92599e-11
1.67200e+02  5.58964e-10  3.84912e-10  2.68698e-10  1.65507e-10  7.31805e-11
1.67700e+02  7.53461e-10  5.23782e-10  3.72628e-10  2.36495e-10  1.03496e-10
1.68500e+02  1.09514e-09  7.64436e-10  5.56456e-10  3.68469e-10  1.71994e-10
1.69500e+02  1.55248e-09  1.08314e-09  7.99108e-10  5.48475e-10  2.78937e-10
1.70500e+02  2.16353e-09  1.41040e-09  1.00524e-09  6.73482e-10  3.37484e-10
1.71500e+02  2.80728e-09  1.65773e-09  1.11604e-09  7.01886e-10  3.29855e-10
1.72500e+02  3.47895e-09  2.07371e-09  1.40880e-09  8.93708e-10  4.26913e-10
1.73500e+02  4.40685e-09  2.61766e-09  1.76276e-09  1.07836e-09  4.85619e-10
1.74500e+02  5.09880e-09  3.16398e-09  2.18271e-09  1.37408e-09  6.43409e-10
1.75500e+02  7.10859e-09  4.47444e-09  3.07146e-09  1.86243e-09  8.11809e-10
1.76500e+02  5.36717e-09  3.44697e-09  2.42778e-09  1.58432e-09  7.80648e-10
1.77500e+02  6.83398e-09  4.27113e-09  2.94408e-09  1.83356e-09  8.31962e-10
1.78500e+02  8.72774e-09  5.69653e-09  3.98056e-09  2.47153e-09  1.12730e-09
1.79500e+02  1.13122e-08  7.31686e-09  5.03025e-09  2.97060e-09  1.21369e-09
1.80500e+02  1.02129e-08  6.75015e-09  4.76019e-09  3.00355e-09  1.40574e-09
1.81500e+02  9.94759e-09  6.29231e-09  4.38402e-09  2.80423e-09  1.34383e-09
1.82500e+02  1.06576e-08  6.99306e-09  4.96843e-09  3.25324e-09  1.63069e-09
1.83500e+02  1.18047e-08  7.80035e-09  5.53207e-09  3.59683e-09  1.76109e-09
1.84500e+02  8.64201e-09  5.66298e-09  4.07811e-09  2.78451e-09  1.47120e-09
1.85500e+02  1.26307e-08  8.45567e-09  6.02933e-09  3.90894e-09  1.89634e-09
1.86500e+02  1.66224e-08  1.11521e-08  7.86427e-09  4.91839e-09  2.26721e-09
1.87500e+02  1.70451e-08  1.15436e-08  8.20127e-09  5.20769e-09  2.45067e-09
1.88500e+02  1.84983e-08  1.25377e-08  8.91029e-09  5.65718e-09  2.66791e-09
1.89500e+02  2.19866e-08  1.50979e-08  1.08047e-08  6.91370e-09  3.30960e-09
1.90500e+02  2.08924e-08  1.43216e-08  1.02839e-08  6.67229e-09  3.27886e-09
1.91500e+02  2.36962e-08  1.64223e-08  1.18220e-08  7.65289e-09  3.77242e-09
1.92500e+02  2.17459e-08  1.50605e-08  1.09941e-08  7.42363e-09  3.89666e-09
1.93500e+02  1.37081e-08  9.90018e-09  7.54911e-09  5.42900e-09  3.00728e-09
1.94500e+02  2.81201e-08  1.95574e-08  1.41858e-08  9.38141e-09  4.77848e-09
1.95500e+02  3.04671e-08  2.12115e-08  1.53729e-08  1.01490e-08  5.20210e-09
1.96700e+02  3.72888e-08  2.61898e-08  1.89966e-08  1.24605e-08  6.29263e-09
1.97600e+02  3.54587e-08  2.47409e-08  1.80493e-08  1.21194e-08  6.39992e-09
1.98400e+02  3.52598e-08  2.47684e-08  1.82160e-08  1.24321e-08  6.75232e-09
1.99500e+02  3.88242e-08  2.75168e-08  2.01914e-08  1.35606e-08  7.11757e-09
2.00500e+02  3.79025e-08  2.69974e-08  1.99483e-08  1.36003e-08  7.30201e-09
2.01500e+02  4.19923e-08  3.03083e-08  2.24743e-08  1.52830e-08  8.17086e-09
2.02500e+02  3.49840e-08  2.49344e-08  1.85567e-08  1.28795e-08  7.09498e-09
2.03500e+02  4.88357e-08  3.52548e-08  2.60472e-08  1.75454e-08  9.23145e-09
2.04500e+02  5.54662e-08  4.01866e-08  2.96698e-08  1.98810e-08  1.03334e-08
2.05500e+02  5.47347e-08  3.97424e-08  2.95698e-08  2.02191e-08  1.09424e-08
2.06500e+02  5.46463e-08  3.98709e-08  2.97651e-08  2.04296e-08  1.10807e-08
2.07400e+02  5.76845e-08  4.15492e-08  3.08988e-08  2.13050e-08  1.16466e-08
2.07800e+02  7.23918e-08  5.26789e-08  3.88556e-08  2.59219e-08  1.33903e-08
2.08500e+02  7.17912e-08  5.22721e-08  3.88307e-08  2.63567e-08  1.39834e-08
2.09500e+02  1.02942e-07  7.37296e-08  5.32388e-08  3.52832e-08  1.75858e-08
2.10500e+02  1.94357e-07  1.37536e-07  9.40265e-08  5.73997e-08  2.37974e-08
2.11500e+02  2.69257e-07  1.91103e-07  1.29172e-07  7.66345e-08  2.92979e-08
2.12500e+02  2.27986e-07  1.61371e-07  1.09415e-07  6.55997e-08  2.61903e-08
2.13500e+02  2.38015e-07  1.70133e-07  1.16050e-07  7.02238e-08  2.88629e-08
2.14500e+02  3.32863e-07  2.38010e-07  1.60508e-07  9.42994e-08  3.49967e-08
2.15500e+02  3.22830e-07  2.31280e-07  1.56679e-07  9.26808e-08  3.49721e-08
2.16500e+02  2.64619e-07  1.89352e-07  1.29615e-07  7.88559e-08  3.24930e-08
2.17500e+02  2.71182e-07  1.94051e-07  1.32953e-07  8.11536e-08  3.37246e-08
2.18500e+02  3.96157e-07  2.85922e-07  1.93830e-07  1.14125e-07  4.20461e-08
2.19500e+02  3.86241e-07  2.78729e-07  1.90403e-07  1.14153e-07  4.47507e-08
2.20500e+02  3.61171e-07  2.60982e-07  1.78980e-07  1.08357e-07  4.36770e-08
2.21500e+02  2.57088e-07  1.86426e-07  1.30272e-07  8.19364e-08  3.67257e-08
2.22500e+02  3.52729e-07  2.56257e-07  1.77020e-07  1.08863e-07  4.58294e-08
2.23500e+02  5.00698e-07  3.65067e-07  2.50466e-07  1.50885e-07  5.99046e-08
2.24500e+02  4.72553e-07  3.45182e-07  2.37765e-07  1.44581e-07  5.92877e-08
2.25500e+02  3.31846e-07  2.42710e-07  1.70143e-07  1.07841e-07  4.98274e-08
2.26500e+02  2.78799e-07  2.03204e-07  1.43514e-07  9.25642e-08  4.42316e-08
2.27500e+02  3.23392e-07  2.36902e-07  1.67713e-07  1.08138e-07  5.16580e-08
2.28500e+02  4.76677e-07  3.49360e-07  2.42614e-07  1.50233e-07  6.51264e-08
2.29500e+02  3.56215e-07  2.61991e-07  1.85513e-07  1.19601e-07  5.75876e-08
2.30500e+02  4.80683e-07  3.54242e-07  2.47157e-07  1.53142e-07  6.48209e-08
2.31500e+02  4.05851e-07  3.00054e-07  2.12844e-07  1.36960e-07  6.54726e-08
2.32500e+02  3.71828e-07  2.74193e-07  1.95717e-07  1.28320e-07  6.43431e-08
2.33500e+02  2.81763e-07  2.10928e-07  1.55555e-07  1.08222e-07  6.19760e-08
2.34500e+02  1.74287e-07  1.34891e-07  1.04700e-07  7.75633e-08  4.83032e-08
2.35500e+02  3.94499e-07  2.92804e-07  2.10762e-07  1.40240e-07  7.23601e-08
2.36500e+02  2.04257e-07  1.58266e-07  1.22652e-07  9.07358e-08  5.65572e-08
2.37500e+02  2.80824e-07  2.13004e-07  1.60171e-07  1.14011e-07  6.68230e-08
2.38500e+02  1.54024e-07  1.23674e-07  1.00084e-07  7.78481e-08  5.24296e-08
2.39500e+02  2.09568e-07  1.64312e-07  1.29318e-07  9.75024e-08  6.27892e-08
2.40500e+02  2.12151e-07  1.67517e-07  1.33054e-07  1.01566e-07  6.70379e-08
2.41500e+02  2.59033e-07  2.01257e-07  1.55088e-07  1.13340e-07  6.92005e-08
2.42500e+02  5.13828e-07  3.89350e-07  2.84078e-07  1.90717e-07  9.96558e-08
2.43500e+02  5.07798e-07  3.86533e-07  2.84230e-07  1.93613e-07  1.04897e-07
2.44500e+02  6.34295e-07  4.81119e-07  3.49897e-07  2.33805e-07  1.22078e-07
2.45500e+02  6.83902e-07  5.19398e-07  3.76998e-07  2.50588e-07  1.29424e-07
2.46500e+02  5.65128e-07  4.30369e-07  3.16758e-07  2.15626e-07  1.16057e-07
2.47500e+02  4.95300e-07  3.79652e-07  2.82815e-07  1.96235e-07  1.10093e-07
2.48500e+02  2.49871e-07  1.94899e-07  1.52699e-07  1.12690e-07  6.78437e-08
2.49500e+02  3.64520e-07  2.81664e-07  2.14171e-07  1.52683e-07  8.82300e-08
2.50500e+02  5.50387e-07  4.21228e-07  3.14426e-07  2.18963e-07  1.23064e-07
2.51300e+02  2.64552e-07  2.12351e-07  1.72298e-07  1.33757e-07  8.84512e-08
2.51800e+02  2.01028e-07  1.62706e-07  1.34407e-07  1.06513e-07  7.16783e-08
2.52500e+02  2.00380e-07  1.63308e-07  1.34950e-07  1.06652e-07  7.16970e-08
2.53500e+02  2.49973e-07  2.07420e-07  1.73179e-07  1.39163e-07  9.78674e-08
2.54500e+02  3.09956e-07  2.55348e-07  2.10064e-07  1.65980e-07  1.14321e-07
2.55500e+02  6.90489e-07  5.54925e-07  4.32246e-07  3.15297e-07  1.90152e-07
2.56500e+02  6.16435e-07  4.92252e-07  3.82381e-07  2.80092e-07  1.72565e-07
2.57500e+02  9.35252e-07  7.42663e-07  5.65208e-07  3.98534e-07  2.26038e-07
2.58500e+02  8.42620e-07  6.66392e-07  5.07619e-07  3.61191e-07  2.11801e-07
2.59500e+02  7.32581e-07  5.79437e-07  4.45289e-07  3.22875e-07  1.97535e-07
2.60500e+02  5.72955e-07  4.56184e-07  3.58567e-07  2.70490e-07  1.78236e-07
2.61500e+02  5.29672e-07  4.25171e-07  3.37370e-07  2.57177e-07  1.71693e-07
2.62500e+02  7.76619e-07  6.12724e-07  4.72116e-07  3.46044e-07  2.18572e-07
2.63500e+02  1.57675e-06  1.26391e-06  9.59066e-07  6.66797e-07  3.65580e-07
2.64500e+02  2.19599e-06  1.77165e-06  1.34673e-06  9.29013e-07  4.86809e-07
2.65500e+02  3.00700e-06  2.45826e-06  1.88905e-06  1.31505e-06  6.88220e-07
2.66500e+02  1.87647e-06  1.51489e-06  1.15977e-06  8.15140e-07  4.51573e-07
2.67500e+02  2.18239e-06  1.76370e-06  1.34708e-06  9.39046e-07  5.06120e-07
2.68500e+02  2.63058e-06  2.14142e-06  1.64364e-06  1.14874e-06  6.15430e-07
2.69500e+02  1.88509e-06  1.52732e-06  1.17251e-06  8.24526e-07  4.54081e-07
2.70500e+02  2.33604e-06  1.90174e-06  1.46271e-06  1.02719e-06  5.58503e-07
2.71500e+02  1.58621e-06  1.28263e-06  9.87926e-07  7.02273e-07  4.00333e-07
2.72500e+02  1.18865e-06  9.45389e-07  7.25905e-07  5.22784e-07  3.15288e-07
2.73500e+02  1.51031e-06  1.20726e-06  9.25068e-07  6.59926e-07  3.87526e-07
2.74500e+02  7.91955e-07  6.47011e-07  5.21775e-07  4.04945e-07  2.78632e-07
2.75500e+02  1.18560e-06  9.56929e-07  7.49394e-07  5.55884e-07  3.54273e-07
2.76500e+02  1.67933e-06  1.35266e-06  1.04404e-06  7.53126e-07  4.54140e-07
2.77500e+02  1.67234e-06  1.33847e-06  1.03222e-06  7.49088e-07  4.61687e-07
2.78500e+02  8.33131e-07  6.92942e-07  5.75140e-07  4.62109e-07  3.32605e-07
2.79500e+02  3.57971e-07  3.17453e-07  2.80442e-07  2.38799e-07  1.81417e-07
2.80500e+02  4.44919e-07  3.89801e-07  3.40725e-07  2.87469e-07  2.16603e-07
2.81500e+02  1.44758e-06  1.16512e-06  9.18241e-07  6.92131e-07  4.57725e-07
2.82500e+02  2.33681e-06  1.86672e-06  1.42154e-06  1.00493e-06  5.85633e-07
2.83500e+02  2.08680e-06  1.67143e-06  1.28065e-06  9.13615e-07  5.41151e-07
2.84500e+02  1.16390e-06  9.42486e-07  7.53882e-07  5.76824e-07  3.83898e-07
2.85500e+02  5.88288e-07  4.92252e-07  4.14797e-07  3.35149e-07  2.32600e-07
2.86500e+02  1.78054e-06  1.42667e-06  1.10454e-06  8.03490e-07  4.93865e-07
2.87500e+02  2.91137e-06  2.36623e-06  1.81819e-06  1.28045e-06  7.18903e-07
2.88500e+02  2.67559e-06  2.19597e-06  1.71552e-06  1.23922e-06  7.26559e-07
2.89500e+02  3.47873e-06  2.88688e-06  2.26575e-06  1.63247e-06  9.33143e-07
2.91000e+02  4.54101e-06  3.78755e-06  2.97956e-06  2.14368e-06  1.20477e-06
2.93000e+02  4.07886e-06  3.41031e-06  2.70058e-06  1.96844e-06  1.14188e-06
2.95000e+02  3.92125e-06  3.27066e-06  2.58397e-06  1.87831e-06  1.08794e-06
2.97000e+02  4.19099e-06  3.49832e-06  2.76385e-06  2.00564e-06  1.15367e-06
2.99000e+02  4.18511e-06  3.49726e-06  2.76959e-06  2.01790e-06  1.17000e-06
3.01000e+02  4.21617e-06  3.51295e-06  2.77090e-06  2.00549e-06  1.14889e-06
3.03000e+02  4.60348e-06  3.86705e-06  3.07628e-06  2.24932e-06  1.30487e-06
3.05000e+02  4.86306e-06  4.08644e-06  3.25131e-06  2.37857e-06  1.38453e-06
3.07000e+02  5.21461e-06  4.40529e-06  3.52973e-06  2.61068e-06  1.55204e-06
3.09000e+02  4.93612e-06  4.15559e-06  3.32570e-06  2.46526e-06  1.48689e-06
3.11000e+02  5.60106e-06  4.76706e-06  3.85561e-06  2.88988e-06  1.75793e-06
3.13000e+02  5.55253e-06  4.70050e-06  3.77850e-06  2.81241e-06  1.70416e-06
3.15000e+02  5.32706e-06  4.52564e-06  3.66466e-06  2.76161e-06  1.71429e-06
3.17000e+02  5.80736e-06  4.94290e-06  4.00825e-06  3.02586e-06  1.88516e-06
3.19000e+02  5.24482e-06  4.45948e-06  3.61897e-06  2.73958e-06  1.72304e-06
3.21000e+02  5.86658e-06  4.99134e-06  4.04395e-06  3.04705e-06  1.89438e-06
3.23000e+02  4.99971e-06  4.24310e-06  3.44355e-06  2.61291e-06  1.66215e-06
3.25000e+02  6.62761e-06  5.68870e-06  4.65239e-06  3.54319e-06  2.22777e-06
3.27000e+02  7.79733e-06  6.72325e-06  5.51775e-06  4.21393e-06  2.64762e-06
3.29000e+02  7.63857e-06  6.58577e-06  5.41333e-06  4.15075e-06  2.63873e-06
3.31000e+02  7.39841e-06  6.35482e-06  5.20568e-06  3.97732e-06  2.52345e-06
3.33000e+02  7.51913e-06  6.47312e-06  5.31626e-06  4.07419e-06  2.59524e-06
3.35000e+02  7.44023e-06  6.39661e-06  5.24744e-06  4.01702e-06  2.56205e-06
3.37000e+02  5.94709e-06  5.07979e-06  4.16134e-06  3.19896e-06  2.08442e-06
3.39000e+02  6.88632e-06  5.89370e-06  4.82187e-06  3.68822e-06  2.36993e-06
3.41000e+02  7.05476e-06  6.05036e-06  4.96153e-06  3.80599e-06  2.45635e-06
3.43000e+02  7.45348e-06  6.41229e-06  5.27972e-06  4.07262e-06  2.65319e-06
3.45000e+02  7.61794e-06  6.56941e-06  5.41868e-06  4.18159e-06  2.71253e-06
3.47000e+02  8.00038e-06  6.91411e-06  5.71280e-06  4.41469e-06  2.86570e-06
3.49000e+02  8.72167e-06  7.57297e-06  6.28635e-06  4.88179e-06  3.17931e-06
3.51000e+02  9.17089e-06  7.97730e-06  6.63357e-06  5.16060e-06  3.36511e-06
3.53000e+02  8.65993e-06  7.53535e-06  6.27305e-06  4.88600e-06  3.18900e-06
3.55000e+02  1.00131e-05  8.73185e-06  7.27387e-06  5.65838e-06  3.66640e-06
3.57000e+02  7.72043e-06  6.67260e-06  5.52828e-06  4.29049e-06  2.81109e-06
3.59000e+02  7.83786e-06  6.80410e-06  5.66912e-06  4.43400e-06  2.93981e-06
3.61000e+02  8.83078e-06  7.71479e-06  6.46982e-06  5.10181e-06  3.42150e-06
3.63000e+02  9.05589e-06  7.92868e-06  6.66922e-06  5.28209e-06  3.56979e-06
3.64000e+02  9.29082e-06  8.13386e-06  6.84227e-06  5.42284e-06  3.67714e-06
3.65000e+02  1.04221e-05  9.13591e-06  7.68233e-06  6.07418e-06  4.08226e-06
3.67000e+02  1.08639e-05  9.55119e-06  8.05614e-06  6.39258e-06  4.31561e-06
3.69000e+02  1.04504e-05  9.17008e-06  7.72785e-06  6.13429e-06  4.16213e-06
3.71000e+02  1.08844e-05  9.57661e-06  8.09427e-06  6.44065e-06  4.36841e-06
3.73000e+02  8.32894e-06  7.26743e-06  6.11291e-06  4.85249e-06  3.32422e-06
3.75000e+02  9.44894e-06  8.25598e-06  6.92133e-06  5.45126e-06  3.67421e-06
3.77000e+02  1.13864e-05  1.00200e-05  8.42857e-06  6.64024e-06  4.44342e-06
3.79000e+02  1.20480e-05  1.05712e-05  8.82235e-06  6.87322e-06  4.52270e-06
3.81000e+02  1.22527e-05  1.06563e-05  8.81221e-06  6.79395e-06  4.41118e-06
3.83000e+02  7.62830e-06  6.59097e-06  5.50615e-06  4.37621e-06  3.07970e-06
3.85000e+02  1.09380e-05  9.37921e-06  7.67051e-06  5.85295e-06  3.77756e-06
3.87000e+02  1.09810e-05  9.39689e-06  7.68512e-06  5.87181e-06  3.80228e-06
3.89000e+02  1.13169e-05  9.96362e-06  8.38058e-06  6.62314e-06  4.50773e-06
3.91000e+02  1.40579e-05  1.21429e-05  1.00436e-05  7.81297e-06  5.22274e-06
3.93000e+02  7.66908e-06  6.62117e-06  5.58991e-06  4.54213e-06  3.33652e-06
3.95000e+02  1.29476e-05  1.11330e-05  9.21369e-06  7.22267e-06  4.95637e-06
3.97000e+02  8.67491e-06  7.62231e-06  6.49407e-06  5.29721e-06  3.89038e-06
3.99000e+02  1.70788e-05  1.49065e-05  1.24390e-05  9.75253e-06  6.54432e-06
4.01000e+02  1.88043e-05  1.62963e-05  1.35688e-05  1.06287e-05  7.10463e-06
4.03000e+02  1.88063e-05  1.62535e-05  1.35104e-05  1.05623e-05  7.03617e-06
4.05000e+02  1.82874e-05  1.58196e-05  1.31702e-05  1.03265e-05  6.93055e-06
4.07000e+02  1.78124e-05  1.54577e-05  1.28856e-05  1.01148e-05  6.81106e-06
4.09000e+02  1.92158e-05  1.70672e-05  1.44649e-05  1.15166e-05  7.84056e-06
4.11000e+02  1.80867e-05  1.62454e-05  1.39474e-05  1.12688e-05  7.82522e-06
4.13000e+02  1.99915e-05  1.74804e-05  1.46444e-05  1.15276e-05  7.73668e-06
4.15000e+02  2.04629e-05  1.77611e-05  1.48128e-05  1.16035e-05  7.72001e-06
4.17000e+02  2.09019e-05  1.81358e-05  1.51464e-05  1.18975e-05  7.95547e-06
4.19000e+02  2.01106e-05  1.74264e-05  1.45541e-05  1.14549e-05  7.72437e-06
4.21000e+02  2.04794e-05  1.77843e-05  1.48989e-05  1.17800e-05  8.00382e-06
4.23000e+02  1.95433e-05  1.70067e-05  1.43027e-05  1.13904e-05  7.86803e-06
4.25000e+02  2.01981e-05  1.75538e-05  1.47330e-05  1.17052e-05  8.07370e-06
4.27000e+02  1.91148e-05  1.66098e-05  1.39549e-05  1.11264e-05  7.76380e-06
4.29000e+02  1.78120e-05  1.55053e-05  1.30618e-05  1.04585e-05  7.36231e-06
4.31000e+02  1.50393e-05  1.31429e-05  1.11542e-05  9.05525e-06  6.57169e-06
4.33000e+02  2.00745e-05  1.79177e-05  1.53326e-05  1.24115e-05  8.77905e-06
4.35000e+02  1.91744e-05  1.72020e-05  1.48155e-05  1.20880e-05  8.67334e-06
4.37000e+02  2.23268e-05  1.96596e-05  1.66417e-05  1.33306e-05  9.30823e-06
4.39000e+02  2.09464e-05  1.83179e-05  1.54758e-05  1.24155e-05  8.74374e-06
4.41000e+02  2.25111e-05  1.97137e-05  1.66743e-05  1.33725e-05  9.36462e-06
4.43000e+02  2.39459e-05  2.10499e-05  1.78826e-05  1.44079e-05  1.01147e-05
4.45000e+02  2.39396e-05  2.10630e-05  1.79223e-05  1.44718e-05  1.01916e-05
4.47000e+02  2.51299e-05  2.21452e-05  1.88704e-05  1.52568e-05  1.07446e-05
4.49000e+02  2.55552e-05  2.25461e-05  1.92416e-05  1.55913e-05  1.10220e-05
4.51000e+02  2.77931e-05  2.45667e-05  2.09960e-05  1.70282e-05  1.20223e-05
4.53000e+02  2.57217e-05  2.27312e-05  1.94423e-05  1.57996e-05  1.12164e-05
4.55000e+02  2.66637e-05  2.35819e-05  2.01824e-05  1.64113e-05  1.16617e-05
4.57000e+02  2.81316e-05  2.49035e-05  2.13273e-05  1.73477e-05  1.23151e-05
4.59000e+02  2.69926e-05  2.39155e-05  2.05180e-05  1.67445e-05  1.19775e-05
4.61000e+02  2.77571e-05  2.46064e-05  2.11179e-05  1.72357e-05  1.23213e-05
4.63000e+02  2.76097e-05  2.44857e-05  2.10282e-05  1.71820e-05  1.23181e-05
4.65000e+02  2.80209e-05  2.48672e-05  2.13682e-05  1.74676e-05  1.25215e-05
4.67000e+02  2.87893e-05  2.55636e-05  2.19775e-05  1.79756e-05  1.28978e-05
4.69000e+02  2.84764e-05  2.53187e-05  2.18034e-05  1.78749e-05  1.28783e-05
4.71000e+02  2.75856e-05  2.45735e-05  2.12154e-05  1.74604e-05  1.26814e-05
4.73000e+02  2.89999e-05  2.58036e-05  2.22396e-05  1.82551e-05  1.31875e-05
4.75000e+02  2.94774e-05  2.62657e-05  2.26721e-05  1.86469e-05  1.35116e-05
4.77000e+02  2.96384e-05  2.64417e-05  2.28497e-05  1.88170e-05  1.36594e-05
4.79000e+02  2.97002e-05  2.65271e-05  2.29414e-05  1.89094e-05  1.37527e-05
4.81000e+02  2.95430e-05  2.64332e-05  2.28847e-05  1.88878e-05  1.37834e-05
4.83000e+02  2.97273e-05  2.67579e-05  2.32421e-05  1.92269e-05  1.40589e-05
4.85000e+02  2.74577e-05  2.50106e-05  2.19655e-05  1.83824e-05  1.36709e-05
4.87000e+02  2.45343e-05  2.25012e-05  1.99790e-05  1.69660e-05  1.29230e-05
4.89000e+02  2.88500e-05  2.60580e-05  2.27266e-05  1.89065e-05  1.39709e-05
4.91000e+02  2.95089e-05  2.65114e-05  2.30653e-05  1.91630e-05  1.41464e-05
4.93000e+02  2.92198e-05  2.62051e-05  2.27933e-05  1.89480e-05  1.40135e-05
4.95000e+02  3.04156e-05  2.72864e-05  2.37472e-05  1.97494e-05  1.45932e-05
4.97000e+02  3.09529e-05  2.77465e-05  2.41308e-05  2.00512e-05  1.48004e-05
4.99000e+02  2.94151e-05  2.63807e-05  2.29768e-05  1.91424e-05  1.42102e-05
5.01000e+02  2.85156e-05  2.55807e-05  2.22990e-05  1.86060e-05  1.38590e-05
5.03000e+02  3.01353e-05  2.70385e-05  2.35632e-05  1.96436e-05  1.45950e-05
5.05000e+02  3.02019e-05  2.71141e-05  2.36407e-05  1.97142e-05  1.46442e-05
5.07000e+02  3.14358e-05  2.82337e-05  2.46204e-05  2.05280e-05  1.52339e-05
5.09000e+02  3.06861e-05  2.75567e-05  2.40348e-05  2.00504e-05  1.49059e-05
5.11000e+02  3.12148e-05  2.80414e-05  2.44615e-05  2.04047e-05  1.51586e-05
5.13000e+02  3.08006e-05  2.76744e-05  2.41549e-05  2.01712e-05  1.50287e-05
5.15000e+02  2.99972e-05  2.69646e-05  2.35565e-05  1.97015e-05  1.47281e-05
5.17000e+02  2.69532e-05  2.42064e-05  2.11747e-05  1.77870e-05  1.34800e-05
5.19000e+02  2.75197e-05  2.47552e-05  2.16995e-05  1.82842e-05  1.39352e-05
5.21000e+02  3.05461e-05  2.75113e-05  2.40902e-05  2.02107e-05  1.51856e-05
5.23000e+02  3.12223e-05  2.81449e-05  2.46771e-05  2.07491e-05  1.56644e-05
5.25000e+02  3.22966e-05  2.91369e-05  2.55661e-05  2.15112e-05  1.62404e-05
5.27000e+02  2.91522e-05  2.63141e-05  2.31440e-05  1.95670e-05  1.49499e-05
5.29000e+02  3.24053e-05  2.92716e-05  2.57264e-05  2.16965e-05  1.64500e-05
5.31000e+02  3.34543e-05  3.02483e-05  2.66079e-05  2.24612e-05  1.70485e-05
5.33000e+02  3.07774e-05  2.78278e-05  2.45097e-05  2.07474e-05  1.58672e-05
5.35000e+02  3.29200e-05  2.97851e-05  2.62312e-05  2.21831e-05  1.68987e-05
5.37000e+02  3.30154e-05  2.98893e-05  2.63396e-05  2.22920e-05  1.70033e-05
5.39000e+02  3.29734e-05  2.98507e-05  2.63051e-05  2.22613e-05  1.69787e-05
5.41000e+02  3.21253e-05  2.91054e-05  2.56884e-05  2.17973e-05  1.67206e-05
5.43000e+02  3.30953e-05  2.99775e-05  2.64360e-05  2.23940e-05  1.71116e-05
5.45000e+02  3.39083e-05  3.07465e-05  2.71406e-05  2.30133e-05  1.75986e-05
5.47000e+02  3.36642e-05  3.05330e-05  2.69690e-05  2.28947e-05  1.75561e-05
5.49000e+02  3.36436e-05  3.05162e-05  2.69630e-05  2.29054e-05  1.75976e-05
5.51000e+02  3.38845e-05  3.07362e-05  2.71554e-05  2.30632e-05  1.77052e-05
5.53000e+02  3.41629e-05  3.10236e-05  2.74461e-05  2.33516e-05  1.79809e-05
5.55000e+02  3.47703e-05  3.15871e-05  2.79537e-05  2.37904e-05  1.83200e-05
5.57000e+02  3.40765e-05  3.09776e-05  2.74446e-05  2.33971e-05  1.80768e-05
5.59000e+02  3.36712e-05  3.06081e-05  2.71237e-05  2.31382e-05  1.79118e-05
5.61000e+02  3.46246e-05  3.15100e-05  2.79474e-05  2.38557e-05  1.84607e-05
5.63000e+02  3.50258e-05  3.18623e-05  2.82470e-05  2.40985e-05  1.86398e-05
5.65000e+02  3.51121e-05  3.19533e-05  2.83448e-05  2.42053e-05  1.87600e-05
5.67000e+02  3.46022e-05  3.15032e-05  2.79686e-05  2.39157e-05  1.85858e-05
5.69000e+02  3.51771e-05  3.20480e-05  2.84705e-05  2.43614e-05  1.89445e-05
5.71000e+02  3.48010e-05  3.17104e-05  2.81774e-05  2.41173e-05  1.87623e-05
5.73000e+02  3.66051e-05  3.33830e-05  2.96735e-05  2.53933e-05  1.97195e-05
5.75000e+02  3.58550e-05  3.27025e-05  2.90863e-05  2.49218e-05  1.94157e-05
5.77000e+02  3.62966e-05  3.31217e-05  2.94712e-05  2.52603e-05  1.96818e-05
5.79000e+02  3.56997e-05  3.25642e-05  2.89725e-05  2.48391e-05  1.93816e-05
5.81000e+02  3.64628e-05  3.32925e-05  2.96462e-05  2.54386e-05  1.98626e-05
5.83000e+02  3.69850e-05  3.37927e-05  3.01117e-05  2.58563e-05  2.02031e-05
5.85000e+02  3.64654e-05  3.33256e-05  2.97109e-05  2.55348e-05  1.99917e-05
5.87000e+02  3.66886e-05  3.35450e-05  2.99211e-05  2.57296e-05  2.01584e-05
5.89000e+02  3.42906e-05  3.13177e-05  2.79259e-05  2.40287e-05  1.88990e-05
5.91000e+02  3.67297e-05  3.35972e-05  2.99858e-05  2.58073e-05  2.02531e-05
5.93000e+02  3.68358e-05  3.37081e-05  3.01011e-05  2.59261e-05  2.03730e-05
5.95000e+02  3.70503e-05  3.39141e-05  3.02945e-05  2.61022e-05  2.05218e-05
5.97000e+02  3.72484e-05  3.41173e-05  3.04987e-05  2.63029e-05  2.07086e-05
5.99000e+02  3.71205e-05  3.40024e-05  3.04021e-05  2.62296e-05  2.06725e-05
6.01000e+02  3.67977e-05  3.37193e-05  3.01679e-05  2.60524e-05  2.05696e-05
6.03000e+02  3.70308e-05  3.39580e-05  3.04096e-05  2.62929e-05  2.07981e-05
6.05000e+02  3.77506e-05  3.46215e-05  3.09980e-05  2.67887e-05  2.11651e-05
6.07000e+02  3.77100e-05  3.45929e-05  3.09832e-05  2.67892e-05  2.11836e-05
6.09000e+02  3.72183e-05  3.41310e-05  3.05671e-05  2.64347e-05  2.09311e-05
6.11000e+02  3.71206e-05  3.40638e-05  3.05338e-05  2.64384e-05  2.09775e-05
6.13000e+02  3.61981e-05  3.32251e-05  2.98007e-05  2.58308e-05  2.05418e-05
6.15000e+02  3.67420e-05  3.37488e-05  3.02951e-05  2.62873e-05  2.09418e-05
6.17000e+02  3.58847e-05  3.29671e-05  2.96107e-05  2.57205e-05  2.05357e-05
6.19000e+02  3.75981e-05  3.45474e-05  3.10136e-05  2.69024e-05  2.14025e-05
6.21000e+02  3.78078e-05  3.47525e-05  3.12100e-05  2.70846e-05  2.15581e-05
6.23000e+02  3.71895e-05  3.41848e-05  3.07108e-05  2.66724e-05  2.12749e-05
6.25000e+02  3.64548e-05  3.35291e-05  3.01540e-05  2.62330e-05  2.09941e-05
6.27000e+02  3.78404e-05  3.48051e-05  3.12846e-05  2.71824e-05  2.16859e-05
6.29000e+02  3.80947e-05  3.50527e-05  3.15208e-05  2.74027e-05  2.18789e-05
6.31000e+02  3.73615e-05  3.43891e-05  3.09476e-05  2.69401e-05  2.15721e-05
6.33000e+02  3.76174e-05  3.46342e-05  3.11766e-05  2.71480e-05  2.17506e-05
6.35000e+02  3.78361e-05  3.48450e-05  3.13762e-05  2.73331e-05  2.19160e-05
6.37000e+02  3.78683e-05  3.48803e-05  3.14151e-05  2.73763e-05  2.19668e-05
6.39000e+02  3.82070e-05  3.52174e-05  3.17379e-05  2.76721e-05  2.22067e-05
6.41000e+02  3.76195e-05  3.46892e-05  3.12857e-05  2.73125e-05  2.19763e-05
6.43000e+02  3.80976e-05  3.51398e-05  3.16929e-05  2.76623e-05  2.22421e-05
6.45000e+02  3.77670e-05  3.48551e-05  3.14637e-05  2.75000e-05  2.21733e-05
6.47000e+02  3.78337e-05  3.49299e-05  3.15392e-05  2.75722e-05  2.22368e-05
6.49000e+02  3.75538e-05  3.47000e-05  3.13535e-05  2.74300e-05  2.21445e-05
6.51000e+02  3.82899e-05  3.54265e-05  3.20291e-05  2.80277e-05  2.26246e-05
6.53000e+02  3.82138e-05  3.54403e-05  3.20940e-05  2.81247e-05  2.27485e-05
6.55000e+02  3.67880e-05  3.43293e-05  3.13072e-05  2.76373e-05  2.25638e-05
6.57000e+02  3.29721e-05  3.10544e-05  2.87119e-05  2.58008e-05  2.16453e-05
6.59000e+02  3.77933e-05  3.51488e-05  3.19224e-05  2.80630e-05  2.28017e-05
6.61000e+02  3.86924e-05  3.58645e-05  3.24829e-05  2.84847e-05  2.30728e-05
6.63000e+02  3.87254e-05  3.58477e-05  3.24515e-05  2.84561e-05  2.30624e-05
6.65000e+02  3.88652e-05  3.59670e-05  3.25622e-05  2.85602e-05  2.31534e-05
6.67000e+02  3.86563e-05  3.57728e-05  3.23957e-05  2.84282e-05  2.30684e-05
6.69000e+02  3.92107e-05  3.62888e-05  3.28664e-05  2.88449e-05  2.34091e-05
6.71000e+02  3.87563e-05  3.58630e-05  3.24852e-05  2.85217e-05  2.31729e-05
6.73000e+02  3.92283e-05  3.63173e-05  3.29133e-05  2.89148e-05  2.35096e-05
6.75000e+02  3.90407e-05  3.61514e-05  3.27760e-05  2.88102e-05  2.34464e-05
6.77000e+02  3.91330e-05  3.62392e-05  3.28599e-05  2.88915e-05  2.35278e-05
6.79000e+02  3.91563e-05  3.62643e-05  3.28880e-05  2.89234e-05  2.35676e-05
6.81000e+02  3.90707e-05  3.61967e-05  3.28425e-05  2.89030e-05  2.35778e-05
6.83000e+02  3.93976e-05  3.65144e-05  3.31428e-05  2.91771e-05  2.38074e-05
6.85000e+02  3.88855e-05  3.60400e-05  3.27217e-05  2.88244e-05  2.35578e-05
6.87000e+02  3.92659e-05  3.64046e-05  3.30601e-05  2.91256e-05  2.37971e-05
6.89000e+02  3.94301e-05  3.65652e-05  3.32160e-05  2.92760e-05  2.39406e-05
6.91000e+02  3.93580e-05  3.65045e-05  3.31698e-05  2.92469e-05  2.39347e-05
6.93000e+02  3.93938e-05  3.65436e-05  3.32116e-05  2.92895e-05  2.39758e-05
6.95000e+02  3.94000e-05  3.65582e-05  3.32339e-05  2.93179e-05  2.40062e-05
6.97000e+02  3.95013e-05  3.66607e-05  3.33372e-05  2.94214e-05  2.41098e-05
6.99000e+02  3.95447e-05  3.67071e-05  3.33848e-05  2.94679e-05  2.41499e-05
7.01000e+02  3.87821e-05  3.60052e-05  3.27703e-05  2.89660e-05  2.38175e-05
7.03000e+02  3.93843e-05  3.65742e-05  3.32871e-05  2.94131e-05  2.41581e-05
7.05000e+02  3.95917e-05  3.67775e-05  3.34821e-05  2.95956e-05  2.43179e-05
7.07000e+02  3.94458e-05  3.66444e-05  3.33669e-05  2.95028e-05  2.42582e-05
7.09000e+02  3.94379e-05  3.66447e-05  3.33769e-05  2.95236e-05  2.42926e-05
7.11000e+02  3.95856e-05  3.68120e-05  3.35560e-05  2.97037e-05  2.44542e-05
7.13000e+02  3.93119e-05  3.65487e-05  3.33126e-05  2.94908e-05  2.42933e-05
7.15000e+02  3.92105e-05  3.64611e-05  3.32428e-05  2.94431e-05  2.42768e-05
7.17000e+02  3.93046e-05  3.65599e-05  3.33479e-05  2.95558e-05  2.44001e-05
7.19000e+02  3.86372e-05  3.59369e-05  3.27888e-05  2.90804e-05  2.40522e-05
7.21000e+02  3.93173e-05  3.65866e-05  3.33869e-05  2.96056e-05  2.44578e-05
7.23000e+02  3.94472e-05  3.67134e-05  3.35134e-05  2.97345e-05  2.45960e-05
7.25000e+02  3.96841e-05  3.69452e-05  3.37319e-05  2.99301e-05  2.47486e-05
7.27000e+02  3.97109e-05  3.69726e-05  3.37600e-05  2.99594e-05  2.47806e-05
7.29000e+02  3.90014e-05  3.63186e-05  3.31836e-05  2.94823e-05  2.44506e-05
7.31000e+02  3.96000e-05  3.68843e-05  3.36986e-05  2.99288e-05  2.47905e-05
7.33000e+02  3.95565e-05  3.68553e-05  3.36851e-05  2.99318e-05  2.48125e-05
7.35000e+02  3.98106e-05  3.70889e-05  3.38924e-05  3.01066e-05  2.49431e-05
7.37000e+02  3.99032e-05  3.71886e-05  3.40000e-05  3.02228e-05  2.50694e-05
7.39000e+02  3.92488e-05  3.65910e-05  3.34786e-05  2.97967e-05  2.47797e-05
7.41000e+02  3.89731e-05  3.63517e-05  3.32825e-05  2.96511e-05  2.46993e-05
7.43000e+02  3.94372e-05  3.67856e-05  3.36749e-05  2.99904e-05  2.49638e-05
7.45000e+02  3.95994e-05  3.69418e-05  3.38211e-05  3.01219e-05  2.50705e-05
7.47000e+02  3.99211e-05  3.72510e-05  3.41079e-05  3.03760e-05  2.52693e-05
7.49000e+02  3.97190e-05  3.70697e-05  3.39537e-05  3.02550e-05  2.51966e-05
7.51000e+02  3.98392e-05  3.71882e-05  3.40689e-05  3.03661e-05  2.53017e-05
7.53000e+02  3.99684e-05  3.73165e-05  3.41944e-05  3.04866e-05  2.54111e-05
7.55000e+02  4.01288e-05  3.74678e-05  3.43340e-05  3.06126e-05  2.55204e-05
7.57000e+02  3.99091e-05  3.72703e-05  3.41665e-05  3.04826e-05  2.54443e-05
7.59000e+02  3.99633e-05  3.73292e-05  3.42269e-05  3.05405e-05  2.54925e-05
7.61000e+02  3.98640e-05  3.72412e-05  3.41570e-05  3.04960e-05  2.54890e-05
7.63000e+02  4.01370e-05  3.75086e-05  3.44089e-05  3.07223e-05  2.56679e-05
7.65000e+02  4.00586e-05  3.74448e-05  3.43647e-05  3.07026e-05  2.56831e-05
7.67000e+02  3.93491e-05  3.67917e-05  3.37855e-05  3.02140e-05  2.53216e-05
7.69000e+02  4.00457e-05  3.74530e-05  3.43964e-05  3.07583e-05  2.57658e-05
7.71000e+02  3.98469e-05  3.72651e-05  3.42215e-05  3.06004e-05  2.56336e-05
7.73000e+02  3.99858e-05  3.73932e-05  3.43388e-05  3.07065e-05  2.57288e-05
7.75000e+02  3.96878e-05  3.71311e-05  3.41203e-05  3.05392e-05  2.56288e-05
7.77000e+02  4.01392e-05  3.75865e-05  3.45649e-05  3.09571e-05  2.59908e-05
7.79000e+02  4.03035e-05  3.77182e-05  3.46630e-05  3.10218e-05  2.60171e-05
7.81000e+02  4.01998e-05  3.76262e-05  3.45891e-05  3.09721e-05  2.60063e-05
7.83000e+02  3.99612e-05  3.74186e-05  3.44176e-05  3.08412e-05  2.59257e-05
7.85000e+02  4.00559e-05  3.75101e-05  3.45041e-05  3.09206e-05  2.59952e-05
7.87000e+02  4.03692e-05  3.78089e-05  3.47773e-05  3.11570e-05  2.61729e-05
7.89000e+02  4.03059e-05  3.77518e-05  3.47262e-05  3.11107e-05  2.61294e-05
7.91000e+02  4.00398e-05  3.74979e-05  3.44931e-05  3.09054e-05  2.59662e-05
7.93000e+02  3.94878e-05  3.70030e-05  3.40743e-05  3.05804e-05  2.57715e-05
7.95000e+02  3.96722e-05  3.71708e-05  3.42165e-05  3.06887e-05  2.58317e-05
7.97000e+02  4.03007e-05  3.77606e-05  3.47538e-05  3.11613e-05  2.62123e-05
7.99000e+02  4.03685e-05  3.78353e-05  3.48305e-05  3.12349e-05  2.62744e-05
8.01000e+02  4.00488e-05  3.75425e-05  3.45770e-05  3.10333e-05  2.61501e-05
8.03000e+02  4.01044e-05  3.75995e-05  3.46365e-05  3.10962e-05  2.62184e-05
8.05000e+02  3.99060e-05  3.74205e-05  3.44816e-05  3.09701e-05  2.61307e-05
8.07000e+02  4.02712e-05  3.77617e-05  3.47877e-05  3.12292e-05  2.63194e-05
8.09000e+02  3.98053e-05  3.73295e-05  3.44016e-05  3.09014e-05  2.60764e-05
8.11000e+02  4.01652e-05  3.76705e-05  3.47137e-05  3.11733e-05  2.62833e-05
8.13000e+02  4.04026e-05  3.79000e-05  3.49289e-05  3.13684e-05  2.64469e-05
8.15000e+02  4.03013e-05  3.78086e-05  3.48514e-05  3.13095e-05  2.64178e-05
8.17000e+02  4.03121e-05  3.78281e-05  3.48804e-05  3.13489e-05  2.64689e-05
8.19000e+02  3.93719e-05  3.69713e-05  3.41325e-05  3.07360e-05  2.60471e-05
8.21000e+02  3.95910e-05  3.71746e-05  3.43173e-05  3.08986e-05  2.61808e-05
8.23000e+02  3.96830e-05  3.72697e-05  3.44112e-05  3.09880e-05  2.62593e-05
8.25000e+02  4.00165e-05  3.75869e-05  3.47047e-05  3.12502e-05  2.64740e-05
8.27000e+02  4.03864e-05  3.79280e-05  3.50078e-05  3.15065e-05  2.66641e-05
8.29000e+02  4.03068e-05  3.78588e-05  3.49518e-05  3.14662e-05  2.66450e-05
8.31000e+02  3.97732e-05  3.73583e-05  3.45006e-05  3.10793e-05  2.63557e-05
8.33000e+02  3.96766e-05  3.72874e-05  3.44535e-05  3.10544e-05  2.63491e-05
8.35000e+02  3.99287e-05  3.75184e-05  3.46613e-05  3.12366e-05  2.65014e-05
8.37000e+02  4.02045e-05  3.77772e-05  3.48945e-05  3.14369e-05  2.66527e-05
8.39000e+02  3.96664e-05  3.72719e-05  3.44326e-05  3.10287e-05  2.63216e-05
8.41000e+02  4.02598e-05  3.78415e-05  3.49679e-05  3.15199e-05  2.67468e-05
8.43000e+02  3.97488e-05  3.73662e-05  3.45424e-05  3.11575e-05  2.64738e-05
8.45000e+02  3.99653e-05  3.75955e-05  3.47797e-05  3.13973e-05  2.67083e-05
8.47000e+02  3.98396e-05  3.74721e-05  3.46628e-05  3.12924e-05  2.66251e-05
8.49000e+02  3.95266e-05  3.71847e-05  3.44182e-05  3.11077e-05  2.65373e-05
8.51000e+02  3.80360e-05  3.58088e-05  3.31918e-05  3.00653e-05  2.57532e-05
8.53000e+02  3.92548e-05  3.69273e-05  3.41878e-05  3.09174e-05  2.64191e-05
8.55000e+02  3.41461e-05  3.22517e-05  3.00830e-05  2.75216e-05  2.40218e-05
8.57000e+02  4.02282e-05  3.78527e-05  3.50297e-05  3.16395e-05  2.69445e-05
8.59000e+02  3.96952e-05  3.73788e-05  3.46326e-05  3.13318e-05  2.67480e-05
8.61000e+02  3.97007e-05  3.73947e-05  3.46583e-05  3.13670e-05  2.67912e-05
8.63000e+02  4.01829e-05  3.78261e-05  3.50230e-05  3.16546e-05  2.69861e-05
8.65000e+02  3.97325e-05  3.74156e-05  3.46732e-05  3.13821e-05  2.68291e-05
8.67000e+02  3.48234e-05  3.29161e-05  3.07159e-05  2.80953e-05  2.44825e-05
8.69000e+02  3.92675e-05  3.69896e-05  3.42890e-05  3.10450e-05  2.65523e-05
8.71000e+02  3.99136e-05  3.75891e-05  3.48250e-05  3.15072e-05  2.69173e-05
8.73000e+02  3.98010e-05  3.75126e-05  3.47902e-05  3.15121e-05  2.69605e-05
8.75000e+02  3.89277e-05  3.67964e-05  3.42645e-05  3.11814e-05  2.68220e-05
8.77000e+02  4.00057e-05  3.77250e-05  3.50053e-05  3.17174e-05  2.71312e-05
8.79000e+02  4.00004e-05  3.76930e-05  3.49402e-05  3.16323e-05  2.70518e-05
8.81000e+02  3.92472e-05  3.69848e-05  3.42978e-05  3.10798e-05  2.66375e-05
8.83000e+02  3.98693e-05  3.75953e-05  3.48713e-05  3.15881e-05  2.70289e-05
8.85000e+02  3.96976e-05  3.74988e-05  3.48626e-05  3.16534e-05  2.71488e-05
8.87000e+02  3.85173e-05  3.64886e-05  3.40641e-05  3.10849e-05  2.68403e-05
8.89000e+02  4.01068e-05  3.78428e-05  3.51266e-05  3.18436e-05  2.72755e-05
8.91000e+02  4.03000e-05  3.80145e-05  3.52719e-05  3.19681e-05  2.73797e-05
8.93000e+02  3.98249e-05  3.75559e-05  3.48499e-05  3.16024e-05  2.71072e-05
8.95000e+02  4.00015e-05  3.77152e-05  3.49840e-05  3.17054e-05  2.71656e-05
8.97000e+02  4.00670e-05  3.77961e-05  3.50715e-05  3.17935e-05  2.72501e-05
8.99000e+02  4.00614e-05  3.78357e-05  3.51425e-05  3.18801e-05  2.73401e-05
9.01000e+02  3.79091e-05  3.59774e-05  3.36475e-05  3.07712e-05  2.66687e-05
9.03000e+02  3.93977e-05  3.73036e-05  3.47644e-05  3.16463e-05  2.72437e-05
9.05000e+02  4.02983e-05  3.80685e-05  3.53654e-05  3.20915e-05  2.75303e-05
9.07000e+02  3.98384e-05  3.76294e-05  3.49771e-05  3.17799e-05  2.73349e-05
9.09000e+02  3.91091e-05  3.69419e-05  3.43596e-05  3.12543e-05  2.69396e-05
9.11000e+02  3.96467e-05  3.74043e-05  3.47423e-05  3.15507e-05  2.71297e-05
9.13000e+02  4.02755e-05  3.79944e-05  3.52764e-05  3.20118e-05  2.74779e-05
9.15000e+02  4.00932e-05  3.78126e-05  3.50901e-05  3.18164e-05  2.72688e-05
9.17000e+02  3.99571e-05  3.77026e-05  3.49955e-05  3.17321e-05  2.71927e-05
9.19000e+02  4.00298e-05  3.78175e-05  3.51275e-05  3.18650e-05  2.73106e-05
9.21000e+02  3.91113e-05  3.70174e-05  3.44597e-05  3.13356e-05  2.69583e-05
9.23000e+02  3.75849e-05  3.58070e-05  3.36294e-05  3.08816e-05  2.68745e-05
9.25000e+02  3.87353e-05  3.67027e-05  3.42216e-05  3.11823e-05  2.69105e-05
9.27000e+02  3.95653e-05  3.74205e-05  3.48123e-05  3.16449e-05  2.72184e-05
9.29000e+02  3.98491e-05  3.76286e-05  3.49563e-05  3.17305e-05  2.72389e-05
9.31000e+02  4.00930e-05  3.78468e-05  3.51590e-05  3.19203e-05  2.74115e-05
9.33000e+02  4.00093e-05  3.77621e-05  3.50861e-05  3.18668e-05  2.73875e-05
9.35000e+02  3.99825e-05  3.77329e-05  3.50587e-05  3.18422e-05  2.73642e-05
9.37000e+02  3.99312e-05  3.76845e-05  3.50164e-05  3.18078e-05  2.73399e-05
9.39000e+02  3.99735e-05  3.77253e-05  3.50538e-05  3.18385e-05  2.73590e-05
9.41000e+02  3.85857e-05  3.64828e-05  3.39924e-05  3.09941e-05  2.68125e-05
9.43000e+02  3.96698e-05  3.74631e-05  3.48385e-05  3.16768e-05  2.72677e-05
9.45000e+02  3.93638e-05  3.71773e-05  3.45763e-05  3.14462e-05  2.70884e-05
9.47000e+02  3.99024e-05  3.77011e-05  3.50591e-05  3.18692e-05  2.74183e-05
9.49000e+02  3.99511e-05  3.77787e-05  3.51452e-05  3.19533e-05  2.74899e-05
9.51000e+02  3.96838e-05  3.75786e-05  3.49989e-05  3.18584e-05  2.74637e-05
9.53000e+02  3.92370e-05  3.72359e-05  3.47574e-05  3.17002e-05  2.73830e-05
9.55000e+02  3.73361e-05  3.56719e-05  3.36114e-05  3.09838e-05  2.71155e-05
9.57000e+02  3.92003e-05  3.71938e-05  3.47130e-05  3.16631e-05  2.73680e-05
9.59000e+02  3.97615e-05  3.76635e-05  3.50917e-05  3.19592e-05  2.75695e-05
9.61000e+02  3.95908e-05  3.74708e-05  3.49085e-05  3.18055e-05  2.74666e-05
9.63000e+02  3.94566e-05  3.73346e-05  3.47875e-05  3.17078e-05  2.74008e-05
9.65000e+02  3.94842e-05  3.73361e-05  3.47698e-05  3.16722e-05  2.73420e-05
9.67000e+02  3.94209e-05  3.72813e-05  3.47306e-05  3.16520e-05  2.73477e-05
9.69000e+02  3.97870e-05  3.76267e-05  3.50504e-05  3.19387e-05  2.75814e-05
9.71000e+02  3.97866e-05  3.76115e-05  3.50216e-05  3.18978e-05  2.75318e-05
9.73000e+02  3.98007e-05  3.76295e-05  3.50437e-05  3.19236e-05  2.75594e-05
9.75000e+02  3.95182e-05  3.73746e-05  3.48255e-05  3.17508e-05  2.74492e-05
9.77000e+02  3.96662e-05  3.75106e-05  3.49462e-05  3.18535e-05  2.75297e-05
9.79000e+02  3.95334e-05  3.73812e-05  3.48222e-05  3.17369e-05  2.74252e-05
9.81000e+02  3.98010e-05  3.76502e-05  3.50868e-05  3.19918e-05  2.76577e-05
9.83000e+02  3.96868e-05  3.75460e-05  3.49957e-05  3.19176e-05  2.76096e-05
9.85000e+02  3.97651e-05  3.76325e-05  3.50870e-05  3.20102e-05  2.76964e-05
9.87000e+02  3.95731e-05  3.74592e-05  3.49371e-05  3.18898e-05  2.76184e-05
9.89000e+02  3.95267e-05  3.74313e-05  3.49261e-05  3.18959e-05  2.76449e-05
9.91000e+02  3.94277e-05  3.73388e-05  3.48437e-05  3.18265e-05  2.75939e-05
9.93000e+02  3.97657e-05  3.76615e-05  3.51343e-05  3.20730e-05  2.77745e-05
9.95000e+02  3.97219e-05  3.76300e-05  3.51101e-05  3.20551e-05  2.77640e-05
9.97000e+02  3.96937e-05  3.76222e-05  3.51137e-05  3.20683e-05  2.77893e-05
9.99000e+02  3.95502e-05  3.75149e-05  3.50301e-05  3.20059e-05  2.77551e-05
1.00250e+03  3.89975e-05  3.71183e-05  3.47738e-05  3.18655e-05  2.77210e-05
1.00750e+03  3.84168e-05  3.66297e-05  3.43960e-05  3.16090e-05  2.76074e-05
1.01250e+03  3.94038e-05  3.73967e-05  3.49495e-05  3.19679e-05  2.77664e-05
1.01750e+03  3.91777e-05  3.71550e-05  3.47248e-05  3.17779e-05  2.76328e-05
1.02250e+03  3.93796e-05  3.73380e-05  3.48881e-05  3.19186e-05  2.77400e-05
1.02750e+03  3.95154e-05  3.74734e-05  3.50203e-05  3.20432e-05  2.78468e-05
1.03250e+03  3.91865e-05  3.71719e-05  3.47548e-05  3.18221e-05  2.76884e-05
1.03750e+03  3.91726e-05  3.71654e-05  3.47555e-05  3.18303e-05  2.77040e-05
1.04250e+03  3.93199e-05  3.73137e-05  3.49006e-05  3.19677e-05  2.78251e-05
1.04750e+03  3.90086e-05  3.70414e-05  3.46749e-05  3.17963e-05  2.77254e-05
1.05250e+03  3.91782e-05  3.72018e-05  3.48199e-05  3.19207e-05  2.78182e-05
1.05750e+03  3.89697e-05  3.70166e-05  3.46617e-05  3.17945e-05  2.77351e-05
1.06250e+03  3.88854e-05  3.69469e-05  3.46073e-05  3.17571e-05  2.77190e-05
1.06750e+03  3.82765e-05  3.64100e-05  3.41562e-05  3.14053e-05  2.74998e-05
1.07250e+03  3.86393e-05  3.67403e-05  3.44418e-05  3.16364e-05  2.76563e-05
1.07750e+03  3.84702e-05  3.65887e-05  3.43070e-05  3.15217e-05  2.75701e-05
1.08250e+03  3.79771e-05  3.61474e-05  3.39215e-05  3.12030e-05  2.73482e-05
1.08750e+03  3.80021e-05  3.62190e-05  3.40083e-05  3.12881e-05  2.74175e-05
1.09250e+03  3.69466e-05  3.54280e-05  3.34954e-05  3.10266e-05  2.73854e-05
1.09750e+03  3.73341e-05  3.56537e-05  3.35350e-05  3.08872e-05  2.70747e-05
1.10250e+03  3.80590e-05  3.62408e-05  3.39897e-05  3.12143e-05  2.72496e-05
1.10750e+03  3.83512e-05  3.64913e-05  3.42095e-05  3.14043e-05  2.74000e-05
1.11250e+03  3.82043e-05  3.63545e-05  3.40943e-05  3.13184e-05  2.73538e-05
1.11750e+03  3.81402e-05  3.63049e-05  3.40650e-05  3.13154e-05  2.73874e-05
1.12250e+03  3.82748e-05  3.64326e-05  3.41817e-05  3.14160e-05  2.74618e-05
1.12750e+03  3.77312e-05  3.59435e-05  3.37609e-05  3.10774e-05  2.72354e-05
1.13250e+03  3.79450e-05  3.61555e-05  3.39660e-05  3.12715e-05  2.74078e-05
1.13750e+03  3.78934e-05  3.60981e-05  3.39013e-05  3.11977e-05  2.73210e-05
1.14250e+03  3.76668e-05  3.59023e-05  3.37428e-05  3.10841e-05  2.72682e-05
1.14750e+03  3.81360e-05  3.63459e-05  3.41461e-05  3.14334e-05  2.75337e-05
1.15250e+03  3.80927e-05  3.63127e-05  3.41240e-05  3.14242e-05  2.75410e-05
1.15750e+03  3.78571e-05  3.60953e-05  3.39299e-05  3.12594e-05  2.74189e-05
1.16250e+03  3.75178e-05  3.57958e-05  3.36763e-05  3.10575e-05  2.72804e-05
1.16750e+03  3.75586e-05  3.58519e-05  3.37454e-05  3.11377e-05  2.73683e-05
1.17250e+03  3.79835e-05  3.62445e-05  3.40936e-05  3.14315e-05  2.75846e-05
1.17750e+03  3.73622e-05  3.56899e-05  3.36203e-05  3.10536e-05  2.73342e-05
1.18250e+03  3.72457e-05  3.55694e-05  3.34993e-05  3.09376e-05  2.72346e-05
1.18750e+03  3.72304e-05  3.55668e-05  3.35054e-05  3.09478e-05  2.72387e-05
1.19250e+03  3.78469e-05  3.61462e-05  3.40295e-05  3.14006e-05  2.75835e-05
1.19750e+03  3.67738e-05  3.51381e-05  3.31151e-05  3.06093e-05  2.69817e-05
1.20250e+03  3.72535e-05  3.56026e-05  3.35506e-05  3.10027e-05  2.73029e-05
1.20750e+03  3.70160e-05  3.53850e-05  3.33579e-05  3.08403e-05  2.71829e-05
1.21250e+03  3.72868e-05  3.56482e-05  3.36033e-05  3.10582e-05  2.73511e-05
1.21750e+03  3.75721e-05  3.59242e-05  3.38585e-05  3.12817e-05  2.75181e-05
1.22250e+03  3.75021e-05  3.58662e-05  3.38123e-05  3.12481e-05  2.74986e-05
1.22750e+03  3.72818e-05  3.56696e-05  3.36442e-05  3.11141e-05  2.74109e-05
1.23250e+03  3.73386e-05  3.57267e-05  3.36975e-05  3.11599e-05  2.74415e-05
1.23750e+03  3.72838e-05  3.56820e-05  3.36622e-05  3.11346e-05  2.74273e-05
1.24250e+03  3.71421e-05  3.55508e-05  3.35439e-05  3.10328e-05  2.73507e-05
1.24750e+03  3.72616e-05  3.56790e-05  3.36734e-05  3.11572e-05  2.74554e-05
1.25250e+03  3.71077e-05  3.55388e-05  3.35490e-05  3.10521e-05  2.73773e-05
1.25750e+03  3.70271e-05  3.54825e-05  3.35155e-05  3.10409e-05  2.73881e-05
1.26250e+03  3.69694e-05  3.54401e-05  3.34832e-05  3.10178e-05  2.73747e-05
1.26750e+03  3.67980e-05  3.52869e-05  3.33434e-05  3.08926e-05  2.72731e-05
1.27250e+03  3.68334e-05  3.53653e-05  3.34410e-05  3.09961e-05  2.73668e-05
1.27750e+03  3.64815e-05  3.51236e-05  3.32945e-05  3.09300e-05  2.73735e-05
1.28250e+03  3.41968e-05  3.30985e-05  3.16457e-05  2.97080e-05  2.66793e-05
1.28750e+03  3.63239e-05  3.49636e-05  3.31350e-05  3.07783e-05  2.72418e-05
1.29250e+03  3.64636e-05  3.50303e-05  3.31481e-05  3.07531e-05  2.71857e-05
1.29750e+03  3.66964e-05  3.52403e-05  3.33430e-05  3.09331e-05  2.73372e-05
1.30250e+03  3.65151e-05  3.50536e-05  3.31639e-05  3.07703e-05  2.72067e-05
1.30750e+03  3.66581e-05  3.51993e-05  3.33089e-05  3.09097e-05  2.73249e-05
1.31250e+03  3.62342e-05  3.47973e-05  3.29416e-05  3.05893e-05  2.70775e-05
1.31750e+03  3.61845e-05  3.47596e-05  3.29169e-05  3.05786e-05  2.70810e-05
1.32250e+03  3.65036e-05  3.50675e-05  3.32017e-05  3.08288e-05  2.72693e-05
1.32750e+03  3.61533e-05  3.47337e-05  3.28941e-05  3.05575e-05  2.70565e-05
1.33250e+03  3.62753e-05  3.48634e-05  3.30267e-05  3.06894e-05  2.71767e-05
1.33750e+03  3.61997e-05  3.47967e-05  3.29694e-05  3.06426e-05  2.71427e-05
1.34250e+03  3.63249e-05  3.49294e-05  3.31041e-05  3.07743e-05  2.72582e-05
1.34750e+03  3.62376e-05  3.48516e-05  3.30363e-05  3.07177e-05  2.72155e-05
1.35250e+03  3.61952e-05  3.48241e-05  3.30239e-05  3.07210e-05  2.72334e-05
1.35750e+03  3.58633e-05  3.45061e-05  3.27284e-05  3.04569e-05  2.70218e-05
1.36250e+03  3.59401e-05  3.45846e-05  3.28028e-05  3.05230e-05  2.70691e-05
1.36750e+03  3.58958e-05  3.45536e-05  3.27868e-05  3.05242e-05  2.70912e-05
1.37250e+03  3.58276e-05  3.45096e-05  3.27692e-05  3.05349e-05  2.71308e-05
1.37750e+03  3.58230e-05  3.45059e-05  3.27632e-05  3.05251e-05  2.71143e-05
1.38250e+03  3.58419e-05  3.45343e-05  3.27983e-05  3.05653e-05  2.71545e-05
1.38750e+03  3.58164e-05  3.45126e-05  3.27769e-05  3.05422e-05  2.71255e-05
1.39250e+03  3.57613e-05  3.44756e-05  3.27604e-05  3.05486e-05  2.71565e-05
1.39750e+03  3.56827e-05  3.44072e-05  3.27031e-05  3.05044e-05  2.71284e-05
1.40250e+03  3.54771e-05  3.42112e-05  3.25201e-05  3.03387e-05  2.69912e-05
1.40750e+03  3.55919e-05  3.43292e-05  3.26340e-05  3.04406e-05  2.70604e-05
1.41250e+03  3.52466e-05  3.39980e-05  3.23242e-05  3.01580e-05  2.68174e-05
1.41750e+03  3.54983e-05  3.42541e-05  3.25744e-05  3.03927e-05  2.70109e-05
1.42250e+03  3.50349e-05  3.38113e-05  3.21655e-05  3.00322e-05  2.67335e-05
1.42750e+03  3.47052e-05  3.34948e-05  3.18710e-05  2.97692e-05  2.65239e-05
1.43250e+03  3.52070e-05  3.39941e-05  3.23502e-05  3.02129e-05  2.68935e-05
1.43750e+03  3.53407e-05  3.41391e-05  3.25006e-05  3.03643e-05  2.70328e-05
1.44250e+03  3.43927e-05  3.32357e-05  3.16747e-05  2.96463e-05  2.64931e-05
1.44750e+03  3.51434e-05  3.39632e-05  3.23505e-05  3.02473e-05  2.69652e-05
1.45250e+03  3.46027e-05  3.34532e-05  3.18891e-05  2.98514e-05  2.66697e-05
1.45700e+03  3.48327e-05  3.36823e-05  3.21044e-05  3.00417e-05  2.68089e-05
1.46200e+03  3.48188e-05  3.36722e-05  3.20987e-05  3.00407e-05  2.68126e-05
1.46750e+03  3.48154e-05  3.36772e-05  3.21093e-05  3.00553e-05  2.68250e-05
1.47250e+03  3.44036e-05  3.32808e-05  3.17427e-05  2.97334e-05  2.65805e-05
1.47750e+03  3.44349e-05  3.33272e-05  3.18028e-05  2.98075e-05  2.66688e-05
1.48250e+03  3.45094e-05  3.34057e-05  3.18792e-05  2.98772e-05  2.67209e-05
1.48750e+03  3.37023e-05  3.26341e-05  3.11708e-05  2.92609e-05  2.62647e-05
1.49250e+03  3.47096e-05  3.36253e-05  3.21096e-05  3.01156e-05  2.69573e-05
1.49750e+03  3.43960e-05  3.33276e-05  3.18380e-05  2.98808e-05  2.67824e-05
1.50250e+03  3.34548e-05  3.24083e-05  3.09674e-05  2.90842e-05  2.61252e-05
1.50750e+03  3.37169e-05  3.26786e-05  3.12373e-05  2.93474e-05  2.63618e-05
1.51250e+03  3.43165e-05  3.32707e-05  3.18009e-05  2.98643e-05  2.67860e-05
1.51750e+03  3.43708e-05  3.33401e-05  3.18833e-05  2.99609e-05  2.68958e-05
1.52250e+03  3.39779e-05  3.29593e-05  3.15274e-05  2.96428e-05  2.66475e-05
1.52750e+03  3.41906e-05  3.31875e-05  3.17627e-05  2.98796e-05  2.68675e-05
1.53250e+03  3.40564e-05  3.30588e-05  3.16444e-05  2.97783e-05  2.67988e-05
1.53750e+03  3.40185e-05  3.30377e-05  3.16405e-05  2.97944e-05  2.68392e-05
1.54250e+03  3.39996e-05  3.30289e-05  3.16441e-05  2.98131e-05  2.68766e-05
1.54750e+03  3.39623e-05  3.29983e-05  3.16193e-05  2.97951e-05  2.68679e-05
1.55250e+03  3.37015e-05  3.27395e-05  3.13679e-05  2.95568e-05  2.66581e-05
1.55750e+03  3.35804e-05  3.26281e-05  3.12694e-05  2.94760e-05  2.66076e-05
1.56250e+03  3.38251e-05  3.28963e-05  3.15537e-05  2.97733e-05  2.69019e-05
1.56750e+03  3.32850e-05  3.23496e-05  3.10174e-05  2.92623e-05  2.64563e-05
1.57250e+03  3.33611e-05  3.24540e-05  3.11491e-05  2.94248e-05  2.66513e-05
1.57750e+03  3.24089e-05  3.15056e-05  3.02291e-05  2.85505e-05  2.58751e-05
1.58250e+03  3.30574e-05  3.21590e-05  3.08678e-05  2.91611e-05  2.64171e-05
1.58750e+03  3.21534e-05  3.12592e-05  3.00061e-05  2.83685e-05  2.57682e-05
1.59250e+03  3.28387e-05  3.19444e-05  3.06639e-05  2.89742e-05  2.62613e-05
1.59750e+03  3.29125e-05  3.20438e-05  3.07837e-05  2.91149e-05  2.64260e-05
1.60500e+03  3.27917e-05  3.19366e-05  3.06978e-05  2.90580e-05  2.64061e-05
1.61500e+03  3.23523e-05  3.15103e-05  3.03035e-05  2.87169e-05  2.61641e-05
1.62500e+03  3.26532e-05  3.18260e-05  3.06046e-05  2.89810e-05  2.63552e-05
1.63500e+03  3.20827e-05  3.12793e-05  3.01143e-05  2.85731e-05  2.60727e-05
1.64500e+03  3.15667e-05  3.07780e-05  2.96534e-05  2.81749e-05  2.57775e-05
1.65500e+03  3.20217e-05  3.12281e-05  3.00496e-05  2.84817e-05  2.59463e-05
1.66500e+03  3.17573e-05  3.09751e-05  2.98107e-05  2.82603e-05  2.57513e-05
1.67500e+03  3.09515e-05  3.02021e-05  2.91163e-05  2.76741e-05  2.53180e-05
1.68500e+03  3.02674e-05  2.95361e-05  2.85032e-05  2.71397e-05  2.49131e-05
1.69500e+03  3.10740e-05  3.03236e-05  2.92031e-05  2.77097e-05  2.52879e-05
1.70500e+03  3.05659e-05  2.98058e-05  2.86885e-05  2.72082e-05  2.48275e-05
1.71500e+03  3.02860e-05  2.95424e-05  2.84450e-05  2.69893e-05  2.46458e-05
1.72500e+03  2.98020e-05  2.90830e-05  2.80217e-05  2.66090e-05  2.43275e-05
1.73500e+03  2.84075e-05  2.77620e-05  2.68628e-05  2.56674e-05  2.36963e-05
1.74500e+03  2.91294e-05  2.84432e-05  2.74368e-05  2.60951e-05  2.39166e-05
1.75500e+03  2.92963e-05  2.85818e-05  2.75327e-05  2.61410e-05  2.38994e-05
1.76500e+03  2.90534e-05  2.83350e-05  2.72929e-05  2.59167e-05  2.37068e-05
1.77500e+03  2.88097e-05  2.80848e-05  2.70403e-05  2.56633e-05  2.34574e-05
1.78500e+03  2.86618e-05  2.79519e-05  2.69242e-05  2.55671e-05  2.33875e-05
1.79500e+03  2.84191e-05  2.77225e-05  2.67056e-05  2.53596e-05  2.31972e-05
1.80500e+03  2.79685e-05  2.73077e-05  2.63295e-05  2.50259e-05  2.29216e-05
1.81500e+03  2.66416e-05  2.60734e-05  2.52682e-05  2.41839e-05  2.23853e-05
1.82500e+03  2.71475e-05  2.65298e-05  2.56244e-05  2.44104e-05  2.24314e-05
1.83500e+03  2.72707e-05  2.66115e-05  2.56514e-05  2.43794e-05  2.23375e-05
1.84500e+03  2.68972e-05  2.62301e-05  2.52753e-05  2.40183e-05  2.20128e-05
1.85500e+03  2.68301e-05  2.61772e-05  2.52345e-05  2.39896e-05  2.19960e-05
1.86500e+03  2.63113e-05  2.56929e-05  2.47857e-05  2.35784e-05  2.16400e-05
1.87500e+03  2.46489e-05  2.41658e-05  2.34782e-05  2.25358e-05  2.09658e-05
1.88500e+03  2.59027e-05  2.53105e-05  2.44381e-05  2.32724e-05  2.13912e-05
1.89500e+03  2.54635e-05  2.48287e-05  2.39354e-05  2.27635e-05  2.09049e-05
1.90500e+03  2.57845e-05  2.51482e-05  2.42453e-05  2.30587e-05  2.11659e-05
1.91500e+03  2.54890e-05  2.48583e-05  2.39667e-05  2.27960e-05  2.09310e-05
1.92500e+03  2.52729e-05  2.46590e-05  2.37838e-05  2.26314e-05  2.07939e-05
1.93500e+03  2.47893e-05  2.42098e-05  2.33735e-05  2.22619e-05  2.04790e-05
1.94500e+03  2.34735e-05  2.29938e-05  2.23322e-05  2.14345e-05  1.99442e-05
1.95500e+03  2.44962e-05  2.39329e-05  2.31174e-05  2.20317e-05  2.02855e-05
1.96500e+03  2.44076e-05  2.38116e-05  2.29704e-05  2.18651e-05  2.01068e-05
1.97500e+03  2.41322e-05  2.35325e-05  2.26979e-05  2.16054e-05  1.98703e-05
1.98500e+03  2.40819e-05  2.34816e-05  2.26483e-05  2.15580e-05  1.98248e-05
1.99500e+03  2.38912e-05  2.32937e-05  2.24677e-05  2.13884e-05  1.96748e-05
2.00500e+03  2.38101e-05  2.32172e-05  2.23974e-05  2.13260e-05  1.96233e-05
2.01500e+03  2.36993e-05  2.31130e-05  2.23008e-05  2.12383e-05  1.95463e-05
2.02500e+03  2.33465e-05  2.27613e-05  2.19577e-05  2.09091e-05  1.92467e-05
2.03500e+03  2.30376e-05  2.24597e-05  2.16710e-05  2.06439e-05  1.90206e-05
2.04500e+03  2.31189e-05  2.25467e-05  2.17585e-05  2.07283e-05  1.90901e-05
2.05500e+03  2.28708e-05  2.23000e-05  2.15174e-05  2.04957e-05  1.88748e-05
2.06500e+03  2.25604e-05  2.20003e-05  2.12357e-05  2.02385e-05  1.86586e-05
2.07500e+03  2.24825e-05  2.19251e-05  2.11629e-05  2.01684e-05  1.85909e-05
2.08500e+03  2.23008e-05  2.17447e-05  2.09865e-05  1.99976e-05  1.84319e-05
2.09500e+03  2.20061e-05  2.14583e-05  2.07143e-05  1.97453e-05  1.82139e-05
2.10500e+03  2.19972e-05  2.14562e-05  2.07173e-05  1.97528e-05  1.82228e-05
2.11500e+03  2.17760e-05  2.12412e-05  2.05121e-05  1.95606e-05  1.80526e-05
2.12500e+03  2.15901e-05  2.10607e-05  2.03392e-05  1.93971e-05  1.79049e-05
2.13500e+03  2.14558e-05  2.09368e-05  2.02256e-05  1.92960e-05  1.78216e-05
2.14500e+03  2.13034e-05  2.07951e-05  2.00915e-05  1.91684e-05  1.77025e-05
2.15500e+03  2.10436e-05  2.05630e-05  1.98879e-05  1.89926e-05  1.75616e-05
2.16500e+03  1.98823e-05  1.94958e-05  1.89729e-05  1.82600e-05  1.70794e-05
2.17500e+03  2.05337e-05  2.00667e-05  1.94183e-05  1.85576e-05  1.71835e-05
2.18500e+03  2.05273e-05  2.00404e-05  1.93720e-05  1.84965e-05  1.71111e-05
2.19500e+03  2.05395e-05  2.00439e-05  1.93681e-05  1.84850e-05  1.70869e-05
2.20500e+03  2.02068e-05  1.97145e-05  1.90520e-05  1.81895e-05  1.68295e-05
2.21500e+03  2.02199e-05  1.97297e-05  1.90686e-05  1.82070e-05  1.68452e-05
2.22500e+03  2.00494e-05  1.95583e-05  1.88981e-05  1.80387e-05  1.66829e-05
2.23500e+03  1.98987e-05  1.94109e-05  1.87565e-05  1.79052e-05  1.65631e-05
2.24500e+03  1.97551e-05  1.92717e-05  1.86243e-05  1.77821e-05  1.64547e-05
2.25500e+03  1.95661e-05  1.90901e-05  1.84547e-05  1.76286e-05  1.63272e-05
2.26500e+03  1.94092e-05  1.89334e-05  1.82994e-05  1.74759e-05  1.61809e-05
2.27500e+03  1.93432e-05  1.88734e-05  1.82461e-05  1.74302e-05  1.61444e-05
2.28500e+03  1.90725e-05  1.86064e-05  1.79881e-05  1.71858e-05  1.59263e-05
2.29500e+03  1.89281e-05  1.84541e-05  1.78232e-05  1.69972e-05  1.56838e-05
2.30500e+03  1.88876e-05  1.84229e-05  1.78040e-05  1.69964e-05  1.57185e-05
2.31500e+03  1.87173e-05  1.82575e-05  1.76473e-05  1.68532e-05  1.56014e-05
2.32500e+03  1.84808e-05  1.80113e-05  1.73874e-05  1.65688e-05  1.52662e-05
2.33500e+03  1.83686e-05  1.79129e-05  1.73100e-05  1.65238e-05  1.52822e-05
2.34500e+03  1.83486e-05  1.78986e-05  1.73020e-05  1.65243e-05  1.52959e-05
2.35500e+03  1.80416e-05  1.75803e-05  1.69700e-05  1.61690e-05  1.48961e-05
2.36500e+03  1.80524e-05  1.76058e-05  1.70147e-05  1.62425e-05  1.50201e-05
2.37500e+03  1.78130e-05  1.73709e-05  1.67915e-05  1.60398e-05  1.48608e-05
2.38500e+03  1.75889e-05  1.71407e-05  1.65517e-05  1.57804e-05  1.45576e-05
2.39500e+03  1.76471e-05  1.72100e-05  1.66335e-05  1.58804e-05  1.46887e-05
2.40500e+03  1.75199e-05  1.70886e-05  1.65215e-05  1.57829e-05  1.46185e-05
2.41500e+03  1.72389e-05  1.68017e-05  1.62296e-05  1.54825e-05  1.43020e-05
2.42500e+03  1.72382e-05  1.68099e-05  1.62480e-05  1.55146e-05  1.43564e-05
2.43500e+03  1.71054e-05  1.66839e-05  1.61325e-05  1.54153e-05  1.42877e-05
2.44500e+03  1.69829e-05  1.65587e-05  1.60027e-05  1.52759e-05  1.41259e-05
2.45500e+03  1.67169e-05  1.62990e-05  1.57558e-05  1.50492e-05  1.39395e-05
2.46500e+03  1.67913e-05  1.63805e-05  1.58438e-05  1.51454e-05  1.40467e-05
2.47500e+03  1.65867e-05  1.61761e-05  1.56420e-05  1.49473e-05  1.38562e-05
2.48500e+03  1.63455e-05  1.59423e-05  1.54191e-05  1.47380e-05  1.36667e-05
2.49500e+03  1.64174e-05  1.60151e-05  1.54915e-05  1.48105e-05  1.37410e-05
2.50500e+03  1.63165e-05  1.59174e-05  1.53987e-05  1.47248e-05  1.36690e-05
2.51500e+03  1.61767e-05  1.57777e-05  1.52583e-05  1.45808e-05  1.35126e-05
2.52500e+03  1.61256e-05  1.57335e-05  1.52233e-05  1.45592e-05  1.35150e-05
2.53500e+03  1.59987e-05  1.56106e-05  1.51068e-05  1.44522e-05  1.34261e-05
2.54500e+03  1.58146e-05  1.54278e-05  1.49280e-05  1.42796e-05  1.32664e-05
2.55500e+03  1.57300e-05  1.53487e-05  1.48555e-05  1.42151e-05  1.32127e-05
2.56500e+03  1.56059e-05  1.52302e-05  1.47454e-05  1.41169e-05  1.31353e-05
2.57500e+03  1.56084e-05  1.52351e-05  1.47506e-05  1.41207e-05  1.31338e-05
2.58500e+03  1.53279e-05  1.49558e-05  1.44760e-05  1.38538e-05  1.28843e-05
2.59500e+03  1.53567e-05  1.49897e-05  1.45130e-05  1.38934e-05  1.29255e-05
2.60500e+03  1.52687e-05  1.49117e-05  1.44455e-05  1.38373e-05  1.28836e-05
2.61500e+03  1.50756e-05  1.47335e-05  1.42854e-05  1.36970e-05  1.27719e-05
2.62500e+03  1.43792e-05  1.41080e-05  1.37549e-05  1.32759e-05  1.24949e-05
2.63500e+03  1.48489e-05  1.45140e-05  1.40756e-05  1.34987e-05  1.25929e-05
2.64500e+03  1.47817e-05  1.44352e-05  1.39862e-05  1.34037e-05  1.24994e-05
2.65500e+03  1.47238e-05  1.43753e-05  1.39255e-05  1.33424e-05  1.24358e-05
2.66500e+03  1.45575e-05  1.42143e-05  1.37745e-05  1.32047e-05  1.23179e-05
2.67500e+03  1.45332e-05  1.41963e-05  1.37659e-05  1.32084e-05  1.23383e-05
2.68500e+03  1.45297e-05  1.41891e-05  1.37516e-05  1.31841e-05  1.22988e-05
2.69500e+03  1.44409e-05  1.40988e-05  1.36595e-05  1.30907e-05  1.22061e-05
2.70500e+03  1.43553e-05  1.40163e-05  1.35817e-05  1.30195e-05  1.21470e-05
2.71500e+03  1.42521e-05  1.39154e-05  1.34844e-05  1.29276e-05  1.20651e-05
2.72500e+03  1.41637e-05  1.38296e-05  1.34025e-05  1.28508e-05  1.19970e-05
2.73500e+03  1.40778e-05  1.37468e-05  1.33236e-05  1.27764e-05  1.19280e-05
2.74500e+03  1.40013e-05  1.36751e-05  1.32582e-05  1.27182e-05  1.18793e-05
2.75500e+03  1.37737e-05  1.34624e-05  1.30681e-05  1.25569e-05  1.17596e-05
2.76500e+03  1.37379e-05  1.34235e-05  1.30241e-05  1.25060e-05  1.16995e-05
2.77500e+03  1.37077e-05  1.33871e-05  1.29790e-05  1.24517e-05  1.16366e-05
2.78500e+03  1.36363e-05  1.33169e-05  1.29105e-05  1.23862e-05  1.15772e-05
2.79500e+03  1.35778e-05  1.32606e-05  1.28567e-05  1.23356e-05  1.15309e-05
2.80500e+03  1.34867e-05  1.31717e-05  1.27709e-05  1.22542e-05  1.14571e-05
2.81500e+03  1.34115e-05  1.30988e-05  1.27011e-05  1.21884e-05  1.13970e-05
2.82500e+03  1.33217e-05  1.30115e-05  1.26174e-05  1.21096e-05  1.13268e-05
2.83500e+03  1.32548e-05  1.29477e-05  1.25574e-05  1.20542e-05  1.12783e-05
2.84500e+03  1.31284e-05  1.28245e-05  1.24393e-05  1.19430e-05  1.11796e-05
2.85500e+03  1.30681e-05  1.27672e-05  1.23853e-05  1.18924e-05  1.11322e-05
2.86500e+03  1.29419e-05  1.26511e-05  1.22826e-05  1.18040e-05  1.10610e-05
2.87500e+03  1.27235e-05  1.24493e-05  1.21047e-05  1.16561e-05  1.09553e-05
2.88500e+03  1.28084e-05  1.25170e-05  1.21482e-05  1.16714e-05  1.09356e-05
2.89500e+03  1.27584e-05  1.24658e-05  1.20954e-05  1.16179e-05  1.08833e-05
2.90500e+03  1.26822e-05  1.23906e-05  1.20220e-05  1.15476e-05  1.08186e-05
2.91500e+03  1.26076e-05  1.23185e-05  1.19535e-05  1.14838e-05  1.07622e-05
2.92500e+03  1.24852e-05  1.21970e-05  1.18346e-05  1.13694e-05  1.06573e-05
2.93500e+03  1.24560e-05  1.21695e-05  1.18086e-05  1.13446e-05  1.06329e-05
2.94500e+03  1.23625e-05  1.20782e-05  1.17207e-05  1.12614e-05  1.05581e-05
2.95500e+03  1.23078e-05  1.20254e-05  1.16701e-05  1.12135e-05  1.05138e-05
2.96500e+03  1.22369e-05  1.19565e-05  1.16039e-05  1.11506e-05  1.04561e-05
2.97500e+03  1.21626e-05  1.18847e-05  1.15353e-05  1.10866e-05  1.03993e-05
2.98500e+03  1.20922e-05  1.18162e-05  1.14694e-05  1.10238e-05  1.03415e-05
2.99500e+03  1.19985e-05  1.17249e-05  1.13815e-05  1.09407e-05  1.02670e-05
3.00500e+03  1.19266e-05  1.16552e-05  1.13146e-05  1.08770e-05  1.02082e-05
3.01500e+03  1.18723e-05  1.16043e-05  1.12674e-05  1.08339e-05  1.01704e-05
3.02500e+03  1.17796e-05  1.15159e-05  1.11843e-05  1.07567e-05  1.01017e-05
3.03500e+03  1.15394e-05  1.12987e-05  1.09973e-05  1.06048e-05  9.99511e-06
3.04500e+03  1.15636e-05  1.13171e-05  1.10074e-05  1.06037e-05  9.97689e-06
3.05500e+03  1.15806e-05  1.13216e-05  1.09965e-05  1.05777e-05  9.93750e-06
3.06500e+03  1.15029e-05  1.12441e-05  1.09203e-05  1.05047e-05  9.87111e-06
3.07500e+03  1.14690e-05  1.12107e-05  1.08875e-05  1.04725e-05  9.83911e-06
3.08500e+03  1.13707e-05  1.11138e-05  1.07934e-05  1.03826e-05  9.75690e-06
3.09500e+03  1.13126e-05  1.10574e-05  1.07393e-05  1.03316e-05  9.71058e-06
3.10500e+03  1.12709e-05  1.10176e-05  1.07017e-05  1.02967e-05  9.67898e-06
3.11500e+03  1.11155e-05  1.08671e-05  1.05588e-05  1.01645e-05  9.56520e-06
3.12500e+03  1.11310e-05  1.08811e-05  1.05702e-05  1.01718e-05  9.56529e-06
3.13500e+03  1.10709e-05  1.08222e-05  1.05126e-05  1.01158e-05  9.51135e-06
3.14500e+03  1.10128e-05  1.07663e-05  1.04596e-05  1.00667e-05  9.46822e-06
3.15500e+03  1.09102e-05  1.06665e-05  1.03642e-05  9.97743e-06  9.38984e-06
3.16500e+03  1.08743e-05  1.06302e-05  1.03272e-05  9.93963e-06  9.35100e-06
3.17500e+03  1.08104e-05  1.05691e-05  1.02696e-05  9.88642e-06  9.30400e-06
3.18500e+03  1.07573e-05  1.05166e-05  1.02181e-05  9.83615e-06  9.25603e-06
3.19500e+03  1.07088e-05  1.04699e-05  1.01736e-05  9.79423e-06  9.21769e-06
3.21000e+03  1.06016e-05  1.03658e-05  1.00739e-05  9.70054e-06  9.13411e-06
3.23000e+03  1.04883e-05  1.02549e-05  9.96578e-06  9.59600e-06  9.03511e-06
3.25000e+03  1.03681e-05  1.01383e-05  9.85405e-06  9.49064e-06  8.94021e-06
3.27000e+03  1.02482e-05  1.00228e-05  9.74359e-06  9.38622e-06  8.84505e-06
3.29000e+03  9.99571e-06  9.79404e-06  9.54336e-06  9.21761e-06  8.71602e-06
3.31000e+03  9.98578e-06  9.77214e-06  9.50749e-06  9.16713e-06  8.65027e-06
3.33000e+03  9.88533e-06  9.66958e-06  9.40368e-06  9.06411e-06  8.55128e-06
3.35000e+03  9.81035e-06  9.59541e-06  9.33091e-06  8.99335e-06  8.48396e-06
3.37000e+03  9.69312e-06  9.48184e-06  9.22233e-06  8.89135e-06  8.39225e-06
3.39000e+03  9.57516e-06  9.36645e-06  9.11048e-06  8.78428e-06  8.29282e-06
3.41000e+03  9.46549e-06  9.25998e-06  9.00846e-06  8.68829e-06  8.20673e-06
3.43000e+03  9.40156e-06  9.19740e-06  8.94721e-06  8.62843e-06  8.14850e-06
3.45000e+03  9.31037e-06  9.10803e-06  8.86007e-06  8.54408e-06  8.06829e-06
3.47000e+03  9.20801e-06  9.00856e-06  8.76451e-06  8.45375e-06  7.98653e-06
3.49000e+03  9.11477e-06  8.91790e-06  8.67718e-06  8.37074e-06  7.91027e-06
3.51000e+03  9.02290e-06  8.82839e-06  8.59066e-06  8.28803e-06  7.83336e-06
3.53000e+03  8.91582e-06  8.72383e-06  8.48962e-06  8.19182e-06  7.74522e-06
3.55000e+03  8.83604e-06  8.64656e-06  8.41542e-06  8.12147e-06  7.68054e-06
3.57000e+03  8.73544e-06  8.54853e-06  8.32082e-06  8.03139e-06  7.59765e-06
3.59000e+03  8.64491e-06  8.46006e-06  8.23509e-06  7.94932e-06  7.52162e-06
3.61000e+03  8.57589e-06  8.39338e-06  8.17110e-06  7.88855e-06  7.46524e-06
3.63000e+03  8.48674e-06  8.30639e-06  8.08691e-06  7.80803e-06  7.39049e-06
3.65000e+03  8.36868e-06  8.19102e-06  7.97567e-06  7.70282e-06  7.29600e-06
3.67000e+03  8.28318e-06  8.10858e-06  7.89692e-06  7.62863e-06  7.22826e-06
3.69000e+03  8.16948e-06  7.99816e-06  7.79106e-06  7.52904e-06  7.13912e-06
3.71000e+03  8.09165e-06  7.92161e-06  7.71599e-06  7.45588e-06  7.06934e-06
3.73000e+03  8.00223e-06  7.84247e-06  7.64730e-06  7.39719e-06  7.02080e-06
3.75000e+03  7.84444e-06  7.69102e-06  7.50466e-06  7.26673e-06  6.91025e-06
3.77000e+03  7.88443e-06  7.72006e-06  7.52121e-06  7.26944e-06  6.89500e-06
3.79000e+03  7.80819e-06  7.64536e-06  7.44883e-06  7.20034e-06  6.83122e-06
3.81000e+03  7.73700e-06  7.57604e-06  7.38180e-06  7.13617e-06  6.77118e-06
3.83000e+03  7.67888e-06  7.51967e-06  7.32746e-06  7.08421e-06  6.72235e-06
3.85000e+03  7.61323e-06  7.45543e-06  7.26494e-06  7.02387e-06  6.66537e-06
3.87000e+03  7.52422e-06  7.36899e-06  7.18193e-06  6.94547e-06  6.59434e-06
3.89000e+03  7.44660e-06  7.29320e-06  7.10860e-06  6.87545e-06  6.52976e-06
3.91000e+03  7.39447e-06  7.24298e-06  7.06041e-06  6.82944e-06  6.48621e-06
3.93000e+03  7.32719e-06  7.17683e-06  6.99580e-06  6.76696e-06  6.42738e-06
3.95000e+03  7.23637e-06  7.08795e-06  6.90978e-06  6.68513e-06  6.35295e-06
3.97000e+03  7.18728e-06  7.04010e-06  6.86321e-06  6.63992e-06  6.30930e-06
3.99000e+03  7.08487e-06  6.94061e-06  6.76774e-06  6.54997e-06  6.22834e-06
4.01000e+03  7.03114e-06  6.88928e-06  6.71910e-06  6.50441e-06  6.18680e-06
4.03000e+03  6.98370e-06  6.84337e-06  6.67458e-06  6.46127e-06  6.14524e-06
4.05000e+03  6.82233e-06  6.69909e-06  6.54900e-06  6.35604e-06  6.06531e-06
4.07000e+03  6.84617e-06  6.70875e-06  6.54387e-06  6.33597e-06  6.02901e-06
4.09000e+03  6.79269e-06  6.65634e-06  6.49304e-06  6.28733e-06  5.98359e-06
4.11000e+03  6.73869e-06  6.60319e-06  6.44096e-06  6.23663e-06  5.93498e-06
4.13000e+03  6.68704e-06  6.55287e-06  6.39220e-06  6.18977e-06  5.89082e-06
4.15000e+03  6.61049e-06  6.47864e-06  6.32098e-06  6.12250e-06  5.82979e-06
4.17000e+03  6.55026e-06  6.42147e-06  6.26720e-06  6.07251e-06  5.78439e-06
4.19000e+03  6.49708e-06  6.36837e-06  6.21446e-06  6.02065e-06  5.73467e-06
4.21000e+03  6.40855e-06  6.28241e-06  6.13214e-06  5.94342e-06  5.66571e-06
4.23000e+03  6.40098e-06  6.27386e-06  6.12197e-06  5.93085e-06  5.64920e-06
4.25000e+03  6.33049e-06  6.20493e-06  6.05521e-06  5.86713e-06  5.59053e-06
4.27000e+03  6.28637e-06  6.16198e-06  6.01355e-06  5.82697e-06  5.55234e-06
4.29000e+03  6.17163e-06  6.04710e-06  5.89873e-06  5.71221e-06  5.43723e-06
4.31000e+03  6.08045e-06  5.95742e-06  5.81084e-06  5.62618e-06  5.35258e-06
4.33000e+03  6.04919e-06  5.92878e-06  5.78552e-06  5.60532e-06  5.33892e-06
4.35000e+03  5.92811e-06  5.80822e-06  5.66586e-06  5.48672e-06  5.22144e-06
4.37000e+03  5.85188e-06  5.73646e-06  5.59898e-06  5.42506e-06  5.16543e-06
4.39000e+03  5.83919e-06  5.72292e-06  5.58453e-06  5.40962e-06  5.14898e-06
4.41000e+03  5.70852e-06  5.59137e-06  5.45271e-06  5.27814e-06  5.01859e-06
4.43000e+03  5.69560e-06  5.58027e-06  5.44345e-06  5.27069e-06  5.01298e-06
4.45000e+03  5.65962e-06  5.54527e-06  5.40955e-06  5.23793e-06  4.98130e-06
4.47000e+03  5.54811e-06  5.43318e-06  5.29728e-06  5.12582e-06  4.86978e-06
4.49000e+03  5.54909e-06  5.43634e-06  5.30264e-06  5.13359e-06  4.88071e-06
4.51000e+03  5.49797e-06  5.38612e-06  5.25349e-06  5.08559e-06  4.83399e-06
4.53000e+03  5.40729e-06  5.29545e-06  5.16317e-06  4.99607e-06  4.74605e-06
4.55000e+03  5.39499e-06  5.28519e-06  5.15518e-06  4.99085e-06  4.74496e-06
4.57000e+03  5.36608e-06  5.25789e-06  5.12973e-06  4.96769e-06  4.72510e-06
4.59000e+03  5.27624e-06  5.16776e-06  5.03940e-06  4.87712e-06  4.63375e-06
4.61000e+03  5.26728e-06  5.16094e-06  5.03504e-06  4.87597e-06  4.63795e-06
4.63000e+03  5.22167e-06  5.11667e-06  4.99217e-06  4.83457e-06  4.59800e-06
4.65000e+03  5.13886e-06  5.04468e-06  4.93101e-06  4.78489e-06  4.56273e-06
4.67000e+03  5.13306e-06  5.03497e-06  4.91782e-06  4.76868e-06  4.54380e-06
4.69000e+03  5.11737e-06  5.01625e-06  4.89626e-06  4.74446e-06  4.51701e-06
4.71000e+03  5.07711e-06  4.97602e-06  4.85638e-06  4.70546e-06  4.47994e-06
4.73000e+03  5.06086e-06  4.96114e-06  4.84322e-06  4.69469e-06  4.47347e-06
4.75000e+03  5.01296e-06  4.91418e-06  4.79731e-06  4.64992e-06  4.42985e-06
4.77000e+03  4.97249e-06  4.87460e-06  4.75893e-06  4.61330e-06  4.39636e-06
4.79000e+03  4.94177e-06  4.84469e-06  4.73003e-06  4.58578e-06  4.37128e-06
4.81000e+03  4.88816e-06  4.79210e-06  4.67867e-06  4.53588e-06  4.32316e-06
4.83000e+03  4.87776e-06  4.78308e-06  4.67133e-06  4.53079e-06  4.32197e-06
4.85000e+03  4.83034e-06  4.73641e-06  4.62564e-06  4.48644e-06  4.27977e-06
4.87000e+03  4.79212e-06  4.69888e-06  4.58895e-06  4.45077e-06  4.24559e-06
4.89000e+03  4.76065e-06  4.66845e-06  4.55977e-06  4.42322e-06  4.22061e-06
4.91000e+03  4.72759e-06  4.63612e-06  4.52831e-06  4.39287e-06  4.19193e-06
4.93000e+03  4.69201e-06  4.60145e-06  4.49474e-06  4.36065e-06  4.16168e-06
4.95000e+03  4.65345e-06  4.56394e-06  4.45857e-06  4.32634e-06  4.13045e-06
4.97000e+03  4.62122e-06  4.53260e-06  4.42829e-06  4.29737e-06  4.10339e-06
4.99000e+03  4.59763e-06  4.50956e-06  4.40581e-06  4.27557e-06  4.08267e-06
5.01000e+03  4.54889e-06  4.46167e-06  4.35902e-06  4.23014e-06  4.03904e-06
5.03000e+03  4.53263e-06  4.44668e-06  4.34552e-06  4.21865e-06  4.03093e-06
5.05000e+03  4.48376e-06  4.39846e-06  4.29816e-06  4.17224e-06  3.98552e-06
5.07000e+03  4.45793e-06  4.37350e-06  4.27421e-06  4.14963e-06  3.96505e-06
5.09000e+03  4.43374e-06  4.35035e-06  4.25225e-06  4.12927e-06  3.94737e-06
5.11000e+03  4.38896e-06  4.30691e-06  4.21031e-06  4.08904e-06  3.90938e-06
5.13000e+03  4.34743e-06  4.27035e-06  4.17866e-06  4.06243e-06  3.88855e-06
5.15000e+03  4.33353e-06  4.25285e-06  4.15793e-06  4.03884e-06  3.86249e-06
5.17000e+03  4.31862e-06  4.23862e-06  4.14466e-06  4.02707e-06  3.85368e-06
5.19000e+03  4.27490e-06  4.19551e-06  4.10229e-06  3.98553e-06  3.81287e-06
5.21000e+03  4.24195e-06  4.16347e-06  4.07138e-06  3.95612e-06  3.78572e-06
5.23000e+03  4.21134e-06  4.13371e-06  4.04268e-06  3.92884e-06  3.76074e-06
5.25000e+03  4.19178e-06  4.11492e-06  4.02477e-06  3.91205e-06  3.74580e-06
5.27000e+03  4.16851e-06  4.09253e-06  4.00344e-06  3.89213e-06  3.72822e-06
5.29000e+03  4.12377e-06  4.04835e-06  3.95996e-06  3.84945e-06  3.68629e-06
5.31000e+03  4.10452e-06  4.02970e-06  3.94202e-06  3.83247e-06  3.67103e-06
5.33000e+03  4.07381e-06  3.99991e-06  3.91337e-06  3.80529e-06  3.64604e-06
5.35000e+03  4.04874e-06  3.97553e-06  3.88981e-06  3.78282e-06  3.62536e-06
5.37000e+03  4.01678e-06  3.94465e-06  3.86032e-06  3.75520e-06  3.60079e-06
5.39000e+03  3.99612e-06  3.92450e-06  3.84072e-06  3.73625e-06  3.58277e-06
5.41000e+03  3.97016e-06  3.89902e-06  3.81580e-06  3.71205e-06  3.55973e-06
5.43000e+03  3.93033e-06  3.86010e-06  3.77803e-06  3.67578e-06  3.52553e-06
5.45000e+03  3.91814e-06  3.84838e-06  3.76683e-06  3.66526e-06  3.51633e-06
5.47000e+03  3.88546e-06  3.81665e-06  3.73629e-06  3.63626e-06  3.48959e-06
5.49000e+03  3.85928e-06  3.79092e-06  3.71109e-06  3.61170e-06  3.46597e-06
5.51000e+03  3.84013e-06  3.77227e-06  3.69299e-06  3.59430e-06  3.44970e-06
5.53000e+03  3.82046e-06  3.75358e-06  3.67553e-06  3.57852e-06  3.43684e-06
5.55000e+03  3.78361e-06  3.71693e-06  3.63909e-06  3.54222e-06  3.40031e-06
5.57000e+03  3.77221e-06  3.70629e-06  3.62937e-06  3.53378e-06  3.39425e-06
5.59000e+03  3.73061e-06  3.66580e-06  3.59034e-06  3.49668e-06  3.35995e-06
5.61000e+03  3.71558e-06  3.65081e-06  3.57529e-06  3.48151e-06  3.34467e-06
5.63000e+03  3.68867e-06  3.62446e-06  3.54965e-06  3.45676e-06  3.32117e-06
5.65000e+03  3.67445e-06  3.61078e-06  3.53657e-06  3.44446e-06  3.31021e-06
5.67000e+03  3.65094e-06  3.58781e-06  3.51425e-06  3.42296e-06  3.28999e-06
5.69000e+03  3.61698e-06  3.55449e-06  3.48172e-06  3.39142e-06  3.25980e-06
5.71000e+03  3.60200e-06  3.54032e-06  3.46848e-06  3.37936e-06  3.24966e-06
5.73000e+03  3.58031e-06  3.51895e-06  3.44748e-06  3.35884e-06  3.22986e-06
5.75000e+03  3.55627e-06  3.49541e-06  3.42459e-06  3.33680e-06  3.20913e-06
5.77000e+03  3.53299e-06  3.47258e-06  3.40230e-06  3.31521e-06  3.18865e-06
5.79000e+03  3.51255e-06  3.45284e-06  3.38342e-06  3.29749e-06  3.17279e-06
5.81000e+03  3.48829e-06  3.42890e-06  3.35986e-06  3.27438e-06  3.15027e-06
5.83000e+03  3.46803e-06  3.40915e-06  3.34070e-06  3.25595e-06  3.13292e-06
5.85000e+03  3.44892e-06  3.39055e-06  3.32270e-06  3.23876e-06  3.11703e-06
5.87000e+03  3.42274e-06  3.36488e-06  3.29765e-06  3.21447e-06  3.09381e-06
5.89000e+03  3.39496e-06  3.33840e-06  3.27262e-06  3.19120e-06  3.07310e-06
5.91000e+03  3.36517e-06  3.31277e-06  3.25088e-06  3.17316e-06  3.05886e-06
5.93000e+03  3.36098e-06  3.30490e-06  3.23966e-06  3.15891e-06  3.04183e-06
5.95000e+03  3.33133e-06  3.27631e-06  3.21242e-06  3.13342e-06  3.01890e-06
5.97000e+03  3.32038e-06  3.26531e-06  3.20134e-06  3.12225e-06  3.00769e-06
5.99000e+03  3.30067e-06  3.24581e-06  3.18214e-06  3.10350e-06  2.98970e-06
6.01000e+03  3.27800e-06  3.22377e-06  3.16091e-06  3.08335e-06  2.97123e-06
6.03000e+03  3.26047e-06  3.20648e-06  3.14385e-06  3.06654e-06  2.95471e-06
6.05000e+03  3.23990e-06  3.18625e-06  3.12403e-06  3.04720e-06  2.93603e-06
6.07000e+03  3.21836e-06  3.16530e-06  3.10381e-06  3.02792e-06  2.91820e-06
6.09000e+03  3.19610e-06  3.14372e-06  3.08303e-06  3.00817e-06  2.89992e-06
6.11000e+03  3.17197e-06  3.12031e-06  3.06050e-06  2.98672e-06  2.88003e-06
6.13000e+03  3.16023e-06  3.10855e-06  3.04867e-06  2.97482e-06  2.86808e-06
6.15000e+03  3.14324e-06  3.09187e-06  3.03235e-06  2.95892e-06  2.85284e-06
6.17000e+03  3.12393e-06  3.07306e-06  3.01414e-06  2.94149e-06  2.83660e-06
6.19000e+03  3.10591e-06  3.05550e-06  2.99712e-06  2.92514e-06  2.82125e-06
6.21000e+03  3.08739e-06  3.03740e-06  2.97952e-06  2.90817e-06  2.80522e-06
6.23000e+03  3.05877e-06  3.00988e-06  2.95338e-06  2.88378e-06  2.78332e-06
6.25000e+03  3.04483e-06  2.99593e-06  2.93934e-06  2.86958e-06  2.76883e-06
6.27000e+03  3.02739e-06  2.97896e-06  2.92290e-06  2.85376e-06  2.75391e-06
6.29000e+03  3.00952e-06  2.96188e-06  2.90661e-06  2.83833e-06  2.73959e-06
6.31000e+03  2.98830e-06  2.94084e-06  2.88595e-06  2.81830e-06  2.72069e-06
6.33000e+03  2.97883e-06  2.93130e-06  2.87632e-06  2.80856e-06  2.71088e-06
6.35000e+03  2.95950e-06  2.91229e-06  2.85770e-06  2.79045e-06  2.69345e-06
6.37000e+03  2.94158e-06  2.89497e-06  2.84114e-06  2.77486e-06  2.67939e-06
6.39000e+03  2.92346e-06  2.87706e-06  2.82345e-06  2.75744e-06  2.66228e-06
6.42000e+03  2.89948e-06  2.85363e-06  2.80068e-06  2.73548e-06  2.64156e-06
6.46000e+03  2.86272e-06  2.81775e-06  2.76585e-06  2.70200e-06  2.61004e-06
6.50000e+03  2.82814e-06  2.78402e-06  2.73314e-06  2.67057e-06  2.58046e-06
6.54000e+03  2.79901e-06  2.75533e-06  2.70492e-06  2.64294e-06  2.55369e-06
6.58000e+03  2.76733e-06  2.72436e-06  2.67479e-06  2.61385e-06  2.52614e-06
6.62000e+03  2.73432e-06  2.69204e-06  2.64331e-06  2.58340e-06  2.49720e-06
6.66000e+03  2.70423e-06  2.66257e-06  2.61456e-06  2.55556e-06  2.47067e-06
6.70000e+03  2.67209e-06  2.63116e-06  2.58402e-06  2.52611e-06  2.44284e-06
6.74000e+03  2.64017e-06  2.60002e-06  2.55376e-06  2.49691e-06  2.41515e-06
6.78000e+03  2.61033e-06  2.57119e-06  2.52596e-06  2.47026e-06  2.39000e-06
6.82000e+03  2.58311e-06  2.54400e-06  2.49898e-06  2.44370e-06  2.36424e-06
6.86000e+03  2.55453e-06  2.51599e-06  2.47166e-06  2.41725e-06  2.33906e-06
6.90000e+03  2.52595e-06  2.48800e-06  2.44435e-06  2.39077e-06  2.31378e-06
6.94000e+03  2.49715e-06  2.45981e-06  2.41690e-06  2.36425e-06  2.28859e-06
6.98000e+03  2.47117e-06  2.43431e-06  2.39196e-06  2.33998e-06  2.26530e-06
7.02000e+03  2.44096e-06  2.40486e-06  2.36340e-06  2.31256e-06  2.23949e-06
7.06000e+03  2.41708e-06  2.38133e-06  2.34026e-06  2.28989e-06  2.21752e-06
7.10000e+03  2.39126e-06  2.35600e-06  2.31551e-06  2.26585e-06  2.19451e-06
7.14000e+03  2.36527e-06  2.33055e-06  2.29069e-06  2.24181e-06  2.17159e-06
7.18000e+03  2.33995e-06  2.30571e-06  2.26643e-06  2.21826e-06  2.14905e-06
7.22000e+03  2.31463e-06  2.28095e-06  2.24231e-06  2.19492e-06  2.12684e-06
7.26000e+03  2.28981e-06  2.25661e-06  2.21853e-06  2.17185e-06  2.10478e-06
7.30000e+03  2.26677e-06  2.23396e-06  2.19634e-06  2.15022e-06  2.08395e-06
7.34000e+03  2.24143e-06  2.20919e-06  2.17225e-06  2.12698e-06  2.06193e-06
7.38000e+03  2.21944e-06  2.18756e-06  2.15102e-06  2.10624e-06  2.04190e-06
7.42000e+03  2.19505e-06  2.16371e-06  2.12778e-06  2.08375e-06  2.02048e-06
7.46000e+03  2.16183e-06  2.13310e-06  2.09979e-06  2.05847e-06  1.99850e-06
7.50000e+03  2.14247e-06  2.11399e-06  2.08090e-06  2.03981e-06  1.98013e-06
7.54000e+03  2.12813e-06  2.09815e-06  2.06377e-06  2.02161e-06  1.96100e-06
7.58000e+03  2.10746e-06  2.07774e-06  2.04372e-06  2.00204e-06  1.94211e-06
7.62000e+03  2.08607e-06  2.05676e-06  2.02321e-06  1.98210e-06  1.92299e-06
7.66000e+03  2.06519e-06  2.03625e-06  2.00314e-06  1.96258e-06  1.90423e-06
7.70000e+03  2.04317e-06  2.01469e-06  1.98212e-06  1.94223e-06  1.88484e-06
7.74000e+03  2.02401e-06  1.99585e-06  1.96364e-06  1.92417e-06  1.86736e-06
7.78000e+03  2.00391e-06  1.97614e-06  1.94438e-06  1.90546e-06  1.84941e-06
7.82000e+03  1.98416e-06  1.95674e-06  1.92538e-06  1.88695e-06  1.83162e-06
7.86000e+03  1.96475e-06  1.93768e-06  1.90673e-06  1.86880e-06  1.81416e-06
7.90000e+03  1.94542e-06  1.91872e-06  1.88819e-06  1.85078e-06  1.79689e-06
7.94000e+03  1.92634e-06  1.89999e-06  1.86987e-06  1.83297e-06  1.77979e-06
7.98000e+03  1.90777e-06  1.88176e-06  1.85205e-06  1.81564e-06  1.76317e-06
8.02000e+03  1.88858e-06  1.86295e-06  1.83367e-06  1.79781e-06  1.74613e-06
8.06000e+03  1.87008e-06  1.84481e-06  1.81596e-06  1.78062e-06  1.72969e-06
8.10000e+03  1.85333e-06  1.82832e-06  1.79977e-06  1.76479e-06  1.71438e-06
8.14000e+03  1.83373e-06  1.80920e-06  1.78121e-06  1.74691e-06  1.69749e-06
8.18000e+03  1.81748e-06  1.79321e-06  1.76551e-06  1.73157e-06  1.68265e-06
8.22000e+03  1.80125e-06  1.77719e-06  1.74974e-06  1.71612e-06  1.66767e-06
8.26000e+03  1.78408e-06  1.76033e-06  1.73325e-06  1.70009e-06  1.65229e-06
8.30000e+03  1.76763e-06  1.74417e-06  1.71742e-06  1.68466e-06  1.63744e-06
8.34000e+03  1.75003e-06  1.72694e-06  1.70063e-06  1.66841e-06  1.62195e-06
8.38000e+03  1.73440e-06  1.71157e-06  1.68554e-06  1.65367e-06  1.60771e-06
8.42000e+03  1.71899e-06  1.69641e-06  1.67067e-06  1.63915e-06  1.59367e-06
8.46000e+03  1.70326e-06  1.68096e-06  1.65554e-06  1.62440e-06  1.57949e-06
8.50000e+03  1.68775e-06  1.66572e-06  1.64061e-06  1.60985e-06  1.56547e-06
8.54000e+03  1.67232e-06  1.65056e-06  1.62578e-06  1.59542e-06  1.55160e-06
8.58000e+03  1.65733e-06  1.63583e-06  1.61135e-06  1.58136e-06  1.53805e-06
8.62000e+03  1.64207e-06  1.62087e-06  1.59672e-06  1.56713e-06  1.52440e-06
8.66000e+03  1.62739e-06  1.60650e-06  1.58270e-06  1.55351e-06  1.51132e-06
8.70000e+03  1.61320e-06  1.59250e-06  1.56892e-06  1.54001e-06  1.49825e-06
8.74000e+03  1.59770e-06  1.57755e-06  1.55452e-06  1.52621e-06  1.48523e-06
8.78000e+03  1.58358e-06  1.56367e-06  1.54091e-06  1.51294e-06  1.47241e-06
8.82000e+03  1.56983e-06  1.54990e-06  1.52723e-06  1.49945e-06  1.45929e-06
8.86000e+03  1.55606e-06  1.53639e-06  1.51401e-06  1.48659e-06  1.44693e-06
8.90000e+03  1.54241e-06  1.52296e-06  1.50085e-06  1.47375e-06  1.43455e-06
8.94000e+03  1.52967e-06  1.51040e-06  1.48850e-06  1.46166e-06  1.42282e-06
8.98000e+03  1.51553e-06  1.49655e-06  1.47499e-06  1.44856e-06  1.41031e-06
9.02000e+03  1.50304e-06  1.48424e-06  1.46288e-06  1.43669e-06  1.39881e-06
9.06000e+03  1.49087e-06  1.47225e-06  1.45109e-06  1.42515e-06  1.38761e-06
9.10000e+03  1.47708e-06  1.45874e-06  1.43790e-06  1.41235e-06  1.37536e-06
9.14000e+03  1.46470e-06  1.44656e-06  1.42595e-06  1.40069e-06  1.36411e-06
9.18000e+03  1.45285e-06  1.43489e-06  1.41448e-06  1.38946e-06  1.35323e-06
9.22000e+03  1.44084e-06  1.42307e-06  1.40288e-06  1.37812e-06  1.34227e-06
9.26000e+03  1.42858e-06  1.41101e-06  1.39107e-06  1.36661e-06  1.33119e-06
9.30000e+03  1.41687e-06  1.39950e-06  1.37977e-06  1.35558e-06  1.32053e-06
9.34000e+03  1.40468e-06  1.38752e-06  1.36804e-06  1.34415e-06  1.30953e-06
9.38000e+03  1.39268e-06  1.37584e-06  1.35668e-06  1.33315e-06  1.29902e-06
9.42000e+03  1.38174e-06  1.36500e-06  1.34597e-06  1.32262e-06  1.28876e-06
9.46000e+03  1.37018e-06  1.35358e-06  1.33475e-06  1.31165e-06  1.27816e-06
9.50000e+03  1.35915e-06  1.34274e-06  1.32411e-06  1.30127e-06  1.26814e-06
9.54000e+03  1.34787e-06  1.33167e-06  1.31328e-06  1.29072e-06  1.25800e-06
9.58000e+03  1.33692e-06  1.32087e-06  1.30266e-06  1.28033e-06  1.24792e-06
9.62000e+03  1.32601e-06  1.31016e-06  1.29218e-06  1.27014e-06  1.23813e-06
9.66000e+03  1.31532e-06  1.29962e-06  1.28181e-06  1.25997e-06  1.22825e-06
9.70000e+03  1.30510e-06  1.28956e-06  1.27194e-06  1.25033e-06  1.21895e-06
9.74000e+03  1.29337e-06  1.27809e-06  1.26077e-06  1.23952e-06  1.20863e-06
9.78000e+03  1.28334e-06  1.26819e-06  1.25101e-06  1.22993e-06  1.19930e-06
9.82000e+03  1.27399e-06  1.25897e-06  1.24195e-06  1.22105e-06  1.19069e-06
9.86000e+03  1.26401e-06  1.24914e-06  1.23229e-06  1.21160e-06  1.18154e-06
9.90000e+03  1.25403e-06  1.23932e-06  1.22264e-06  1.20216e-06  1.17240e-06
9.94000e+03  1.24373e-06  1.22919e-06  1.21273e-06  1.19251e-06  1.16310e-06
9.98000e+03  1.23449e-06  1.22009e-06  1.20378e-06  1.18376e-06  1.15463e-06
1.00200e+04  1.22489e-06  1.21064e-06  1.19451e-06  1.17469e-06  1.14586e-06
2.00000e+04  3.14052e-07  3.11760e-07  3.09169e-07  3.05833e-07  3.00583e-07
4.00000e+04  7.89267e-08  7.85186e-08  7.80515e-08  7.74197e-08  7.63160e-08
6.00000e+04  3.50115e-08  3.48531e-08  3.46706e-08  3.44195e-08  3.39502e-08
8.00000e+04  1.96370e-08  1.95536e-08  1.94565e-08  1.93210e-08  1.90567e-08
1.00000e+05  1.25306e-08  1.24785e-08  1.24173e-08  1.23307e-08  1.21579e-08
1.20000e+05  8.67694e-09  8.64080e-09  8.59790e-09  8.53641e-09  8.41294e-09
1.40000e+05  6.35744e-09  6.33043e-09  6.29816e-09  6.25154e-09  6.15803e-09
1.60000e+05  4.85460e-09  4.83336e-09  4.80788e-09  4.77088e-09  4.69718e-09
