9.09000e+00  1.00000e-38  1.00000e-38  1.00000e-38  1.00000e-38  1.00000e-38
9.35000e+00  1.00000e-38  1.00000e-38  1.00000e-38  1.00000e-38  1.00000e-38
9.61000e+00  1.00000e-38  1.00000e-38  1.00000e-38  1.00000e-38  1.00000e-38
9.77000e+00  1.00000e-38  1.00000e-38  1.00000e-38  1.00000e-38  1.00000e-38
9.96000e+00  1.00000e-38  1.00000e-38  1.00000e-38  1.00000e-38  1.00000e-38
1.02000e+01  1.00000e-38  1.00000e-38  1.00000e-38  1.00000e-38  1.00000e-38
1.03800e+01  1.00000e-38  1.00000e-38  1.00000e-38  1.00000e-38  1.00000e-38
1.05600e+01  1.00000e-38  1.00000e-38  1.00000e-38  1.00000e-38  1.00000e-38
1.07700e+01  1.00000e-38  1.00000e-38  1.00000e-38  1.00000e-38  1.00000e-38
1.10400e+01  1.00000e-38  1.00000e-38  1.00000e-38  1.00000e-38  1.00000e-38
1.14000e+01  1.00000e-38  1.00000e-38  1.00000e-38  1.00000e-38  1.00000e-38
1.17800e+01  1.00000e-38  1.00000e-38  1.00000e-38  1.00000e-38  1.00000e-38
1.21300e+01  1.00000e-38  1.00000e-38  1.00000e-38  1.00000e-38  1.00000e-38
1.24800e+01  1.00000e-38  1.00000e-38  1.00000e-38  1.00000e-38  1.00000e-38
1.27100e+01  1.00000e-38  1.00000e-38  1.00000e-38  1.00000e-38  1.00000e-38
1.28400e+01  1.00000e-38  1.00000e-38  1.00000e-38  1.00000e-38  1.00000e-38
1.30500e+01  1.00000e-38  1.00000e-38  1.00000e-38  1.00000e-38  1.00000e-38
1.32400e+01  1.00000e-38  1.00000e-38  1.00000e-38  1.00000e-38  1.00000e-38
1.33900e+01  1.00000e-38  1.00000e-38  1.00000e-38  1.00000e-38  1.00000e-38
1.36600e+01  1.00000e-38  1.00000e-38  1.00000e-38  1.00000e-38  1.00000e-38
1.39800e+01  1.00000e-38  1.00000e-38  1.00000e-38  1.00000e-38  1.00000e-38
1.43300e+01  1.00000e-38  1.00000e-38  1.00000e-38  1.00000e-38  1.00000e-38
1.47200e+01  1.00000e-38  1.00000e-38  1.00000e-38  1.00000e-38  1.00000e-38
1.51000e+01  1.00000e-38  1.00000e-38  1.00000e-38  1.00000e-38  1.00000e-38
1.55200e+01  1.00000e-38  1.00000e-38  1.00000e-38  1.00000e-38  1.00000e-38
1.58800e+01  1.00000e-38  1.00000e-38  1.00000e-38  1.00000e-38  1.00000e-38
1.62000e+01  1.00000e-38  1.00000e-38  1.00000e-38  1.00000e-38  1.00000e-38
1.66000e+01  1.00000e-38  1.00000e-38  1.00000e-38  1.00000e-38  1.00000e-38
1.70300e+01  1.00000e-38  1.00000e-38  1.00000e-38  1.00000e-38  1.00000e-38
1.73400e+01  1.00000e-38  1.00000e-38  1.00000e-38  1.00000e-38  1.00000e-38
1.76800e+01  1.00000e-38  1.00000e-38  1.00000e-38  1.00000e-38  1.00000e-38
1.80200e+01  1.00000e-38  1.00000e-38  1.00000e-38  1.00000e-38  1.00000e-38
1.81700e+01  1.00000e-38  1.00000e-38  1.00000e-38  1.00000e-38  1.00000e-38
1.86100e+01  1.00000e-38  1.00000e-38  1.00000e-38  1.00000e-38  1.00000e-38
1.91000e+01  1.00000e-38  1.00000e-38  1.00000e-38  1.00000e-38  1.00000e-38
1.93900e+01  1.00000e-38  1.00000e-38  1.00000e-38  1.00000e-38  1.00000e-38
1.98400e+01  1.00000e-38  1.00000e-38  1.00000e-38  1.00000e-38  1.00000e-38
2.01800e+01  1.00000e-38  1.00000e-38  1.00000e-38  1.00000e-38  1.00000e-38
2.05000e+01  1.00000e-38  1.00000e-38  1.00000e-38  1.00000e-38  1.00000e-38
2.10500e+01  1.00000e-38  1.00000e-38  1.00000e-38  1.00000e-38  1.00000e-38
2.16200e+01  1.00000e-38  1.00000e-38  1.00000e-38  1.00000e-38  1.00000e-38
2.19800e+01  1.00000e-38  1.00000e-38  1.00000e-38  1.00000e-38  1.00000e-38
2.23000e+01  1.00000e-38  1.00000e-38  1.00000e-38  1.00000e-38  1.00000e-38
2.26800e+01  1.00000e-38  1.00000e-38  1.00000e-38  1.00000e-38  1.00000e-38
2.30000e+01  1.00000e-38  1.00000e-38  1.00000e-38  1.00000e-38  1.00000e-38
2.34000e+01  1.00000e-38  1.00000e-38  1.00000e-38  1.00000e-38  1.00000e-38
2.40000e+01  1.00000e-38  1.00000e-38  1.00000e-38  1.00000e-38  1.00000e-38
2.46500e+01  1.00000e-38  1.00000e-38  1.00000e-38  1.00000e-38  1.00000e-38
2.52400e+01  1.00000e-38  1.00000e-38  1.00000e-38  1.00000e-38  1.00000e-38
2.56800e+01  1.00010e-38  1.00002e-38  1.00001e-38  1.00001e-38  1.00003e-38
2.60000e+01  1.00040e-38  1.00013e-38  1.00004e-38  1.00004e-38  1.00017e-38
2.64000e+01  1.00185e-38  1.00074e-38  1.00025e-38  1.00033e-38  1.00088e-38
2.68500e+01  1.00865e-38  1.00386e-38  1.00166e-38  1.00203e-38  1.00444e-38
2.73500e+01  1.04261e-38  1.02049e-38  1.00990e-38  1.01180e-38  1.02301e-38
2.78500e+01  1.19240e-38  1.09699e-38  1.05006e-38  1.05889e-38  1.10774e-38
2.84000e+01  1.93523e-38  1.48872e-38  1.26312e-38  1.30760e-38  1.53878e-38
2.90000e+01  5.85435e-38  3.61115e-38  2.44483e-38  2.68414e-38  3.85870e-38
2.96000e+01  2.44780e-37  1.39336e-37  8.29644e-38  9.49512e-38  1.50740e-37
3.01000e+01  8.41520e-37  4.76436e-37  2.76862e-37  3.20411e-37  5.15175e-37
3.08000e+01  4.56866e-36  2.62880e-36  1.53622e-36  1.78241e-36  2.82854e-36
3.18000e+01  4.55660e-35  2.70333e-35  1.61581e-35  1.87139e-35  2.88582e-35
3.28000e+01  3.96443e-34  2.42311e-34  1.48333e-34  1.71242e-34  2.56770e-34
3.38000e+01  3.04138e-33  1.91181e-33  1.19754e-33  1.37746e-33  2.01233e-33
3.48000e+01  2.07958e-32  1.34207e-32  8.59339e-33  9.84586e-33  1.40410e-32
3.57000e+01  1.07194e-31  7.07331e-32  4.61417e-32  5.26782e-32  7.36086e-32
3.66000e+01  5.10529e-31  3.43947e-31  2.28549e-31  2.59827e-31  3.56334e-31
3.75000e+01  2.25951e-30  1.55219e-30  1.04935e-30  1.18828e-30  1.60156e-30
3.85000e+01  1.08924e-29  7.63659e-30  5.25575e-30  5.92756e-30  7.84654e-30
3.95000e+01  4.85779e-29  3.47131e-29  2.42919e-29  2.72903e-29  3.55301e-29
4.05000e+01  2.01568e-28  1.46621e-28  1.04214e-28  1.16635e-28  1.49495e-28
4.14000e+01  6.84988e-28  5.05783e-28  3.64248e-28  4.06354e-28  5.14231e-28
4.22000e+01  1.94697e-27  1.45547e-27  1.06002e-27  1.17918e-27  1.47636e-27
4.30000e+01  5.32795e-27  4.03029e-27  2.96677e-27  3.29090e-27  4.07639e-27
4.41000e+01  2.00657e-26  1.54069e-26  1.14995e-26  1.27096e-26  1.55420e-26
4.51000e+01  6.34190e-26  4.93173e-26  3.72328e-26  4.10301e-26  4.96499e-26
4.60000e+01  1.71348e-25  1.34691e-25  1.02693e-25  1.12810e-25  1.35223e-25
4.70000e+01  4.95000e-25  3.93348e-25  3.03494e-25  3.31963e-25  3.94412e-25
4.80000e+01  1.36956e-24  1.09987e-24  8.56564e-25  9.34813e-25  1.10114e-24
4.90000e+01  3.63882e-24  2.95084e-24  2.31950e-24  2.52410e-24  2.95017e-24
5.00000e+01  9.30636e-24  7.61512e-24  6.03519e-24  6.55275e-24  7.60392e-24
5.06000e+01  1.60686e-23  1.31934e-23  1.05873e-23  1.14451e-23  1.32180e-23
5.12000e+01  2.73965e-23  2.25884e-23  1.82706e-23  1.96941e-23  2.26488e-23
5.20000e+01  5.47626e-23  4.54359e-23  3.69498e-23  3.97689e-23  4.55076e-23
5.30000e+01  1.26474e-22  1.05719e-22  8.65219e-23  9.29506e-23  1.05769e-22
5.40000e+01  2.83360e-22  2.38532e-22  1.96314e-22  2.10537e-22  2.38279e-22
5.50000e+01  6.16900e-22  5.22628e-22  4.32926e-22  4.63172e-22  5.21537e-22
5.60000e+01  1.30700e-21  1.11416e-21  9.27523e-22  9.91118e-22  1.11079e-21
5.70000e+01  2.69847e-21  2.31358e-21  1.93575e-21  2.06502e-21  2.30461e-21
5.80000e+01  5.43643e-21  4.68638e-21  3.93773e-21  4.19600e-21  4.66416e-21
5.90000e+01  1.07002e-20  9.27016e-21  7.82407e-21  8.32658e-21  9.22082e-21
6.00000e+01  2.05983e-20  1.79304e-20  1.51970e-20  1.61506e-20  1.78232e-20
6.10000e+01  3.88248e-20  3.39462e-20  2.88817e-20  3.06598e-20  3.37286e-20
6.20000e+01  7.17208e-20  6.29719e-20  5.37716e-20  5.70224e-20  6.25380e-20
6.30000e+01  1.29973e-19  1.14565e-19  9.81783e-20  1.03993e-19  1.13724e-19
6.40000e+01  2.31265e-19  2.04603e-19  1.75927e-19  1.86143e-19  2.03008e-19
6.50000e+01  4.04360e-19  3.58979e-19  3.09642e-19  3.27298e-19  3.56064e-19
6.58000e+01  6.24674e-19  5.56045e-19  4.80772e-19  5.07819e-19  5.51363e-19
6.65000e+01  9.06246e-19  8.08443e-19  7.00441e-19  7.39395e-19  8.01441e-19
6.75000e+01  1.52175e-18  1.36163e-18  1.18309e-18  1.24773e-18  1.34942e-18
6.85000e+01  2.51735e-18  2.25884e-18  1.96801e-18  2.07378e-18  2.23800e-18
6.95000e+01  4.10498e-18  3.69336e-18  3.22624e-18  3.39658e-18  3.65850e-18
7.05000e+01  6.60250e-18  5.95530e-18  5.21523e-18  5.48606e-18  5.89834e-18
7.16000e+01  1.09684e-17  9.91942e-18  8.70954e-18  9.15372e-18  9.82259e-18
7.26000e+01  1.71705e-17  1.55637e-17  1.36963e-17  1.43841e-17  1.54081e-17
7.35000e+01  2.54367e-17  2.31013e-17  2.03697e-17  2.13787e-17  2.28682e-17
7.45000e+01  3.89306e-17  3.54298e-17  3.13071e-17  3.28346e-17  3.50654e-17
7.55000e+01  5.89187e-17  5.37266e-17  4.75749e-17  4.98587e-17  5.31683e-17
7.65000e+01  8.82117e-17  8.05884e-17  7.15026e-17  7.48847e-17  7.97423e-17
7.75000e+01  1.30705e-16  1.19622e-16  1.06337e-16  1.11289e-16  1.18357e-16
7.85000e+01  1.91742e-16  1.75775e-16  1.56551e-16  1.63728e-16  1.73907e-16
7.95000e+01  2.78589e-16  2.55804e-16  2.28220e-16  2.38539e-16  2.53060e-16
8.05000e+01  4.01032e-16  3.68803e-16  3.29599e-16  3.44285e-16  3.64825e-16
8.15000e+01  5.72155e-16  5.26948e-16  4.71699e-16  4.92447e-16  5.21259e-16
8.25000e+01  8.09286e-16  7.46408e-16  6.69162e-16  6.98235e-16  7.38344e-16
8.35000e+01  1.13521e-15  1.04845e-15  9.41375e-16  9.81729e-16  1.03709e-15
8.45000e+01  1.57967e-15  1.46083e-15  1.31356e-15  1.36915e-15  1.44497e-15
8.55000e+01  2.18117e-15  2.01959e-15  1.81849e-15  1.89453e-15  1.99767e-15
8.65000e+01  2.98922e-15  2.77114e-15  2.49855e-15  2.60174e-15  2.74104e-15
8.75000e+01  4.06706e-15  3.77474e-15  3.40792e-15  3.54694e-15  3.73360e-15
8.85000e+01  5.49497e-15  5.10557e-15  4.61536e-15  4.80151e-15  5.04991e-15
8.95000e+01  7.37418e-15  6.85876e-15  6.20795e-15  6.45540e-15  6.78414e-15
9.05000e+01  9.83142e-15  9.15350e-15  8.29492e-15  8.62159e-15  9.05397e-15
9.15000e+01  1.17521e-14  1.23315e-14  1.30400e-14  1.51104e-14  1.89940e-14
9.25000e+01  8.48518e-15  8.86308e-15  1.02836e-14  1.23928e-14  1.65432e-14
9.35000e+01  9.68979e-15  9.61904e-15  1.09535e-14  1.29529e-14  1.69695e-14
9.45000e+01  1.08465e-14  1.03360e-14  1.17154e-14  1.38009e-14  1.81954e-14
9.55000e+01  1.23306e-14  1.12576e-14  1.27965e-14  1.51086e-14  2.02753e-14
9.65000e+01  1.51134e-14  1.35176e-14  1.53738e-14  1.82518e-14  2.47867e-14
9.75000e+01  2.34534e-14  2.27904e-14  2.58790e-14  3.06316e-14  4.06201e-14
9.85000e+01  2.49624e-14  2.23341e-14  2.53636e-14  3.01368e-14  4.09901e-14
9.95000e+01  3.30245e-14  2.99859e-14  3.40845e-14  4.05541e-14  5.52043e-14
1.00500e+02  3.75217e-14  3.33194e-14  3.80603e-14  4.56509e-14  6.31677e-14
1.01500e+02  4.68490e-14  4.15034e-14  4.73954e-14  5.69295e-14  7.88936e-14
1.02500e+02  6.85802e-14  6.32712e-14  7.10458e-14  8.39472e-14  1.12620e-13
1.03500e+02  7.82063e-14  7.19132e-14  8.26466e-14  1.00088e-13  1.39864e-13
1.04500e+02  9.29560e-14  8.37461e-14  9.65332e-14  1.17616e-13  1.66386e-13
1.05500e+02  1.13309e-13  1.02053e-13  1.16840e-13  1.41302e-13  1.97192e-13
1.06500e+02  1.46113e-13  1.32736e-13  1.52242e-13  1.84771e-13  2.59718e-13
1.07500e+02  1.73384e-13  1.57228e-13  1.80327e-13  2.18697e-13  3.07880e-13
1.08500e+02  2.10145e-13  1.90599e-13  2.19323e-13  2.67534e-13  3.79829e-13
1.09500e+02  2.60332e-13  2.37980e-13  2.72636e-13  3.30181e-13  4.63486e-13
1.10500e+02  3.29738e-13  2.71900e-13  2.78951e-13  3.01694e-13  3.74816e-13
1.11500e+02  5.07580e-13  3.80179e-13  3.26776e-13  2.73379e-13  2.50458e-13
1.12500e+02  7.12936e-13  5.51057e-13  4.76157e-13  4.05776e-13  3.67865e-13
1.13500e+02  9.23130e-13  6.99841e-13  5.79981e-13  4.61500e-13  3.76287e-13
1.14500e+02  1.11691e-12  8.43874e-13  6.93780e-13  5.43554e-13  4.29904e-13
1.15500e+02  1.31743e-12  1.01389e-12  8.60961e-13  7.15985e-13  6.21721e-13
1.16500e+02  1.40824e-12  1.02442e-12  8.19256e-13  6.08175e-13  4.53005e-13
1.17500e+02  1.63067e-12  1.17758e-12  9.42808e-13  7.03664e-13  5.21527e-13
1.18500e+02  1.92382e-12  1.45246e-12  1.26566e-12  1.09738e-12  1.06215e-12
1.19500e+02  1.89595e-12  1.67410e-12  1.78759e-12  2.01666e-12  2.65308e-12
1.20500e+02  2.31221e-12  2.26829e-12  2.63507e-12  3.24533e-12  4.61004e-12
1.21500e+02  5.96695e-12  6.50724e-12  7.13120e-12  7.88823e-12  8.91725e-12
1.22500e+02  3.47002e-12  3.48456e-12  4.06435e-12  4.99893e-12  6.97285e-12
1.23500e+02  3.12572e-12  2.60962e-12  2.73520e-12  3.07397e-12  4.20686e-12
1.24500e+02  4.15981e-12  2.99486e-12  2.42750e-12  1.86987e-12  1.42954e-12
1.25500e+02  6.02061e-12  4.32392e-12  3.28939e-12  2.25904e-12  1.38297e-12
1.26500e+02  7.96938e-12  6.06623e-12  4.90033e-12  3.79920e-12  2.99158e-12
1.27500e+02  9.63586e-12  7.27915e-12  5.70281e-12  4.20039e-12  3.03325e-12
1.28500e+02  1.11144e-11  8.22714e-12  6.10458e-12  4.06500e-12  2.46697e-12
1.29500e+02  1.25922e-11  9.12523e-12  6.50922e-12  3.98233e-12  1.97730e-12
1.30500e+02  1.55441e-11  1.17399e-11  8.83873e-12  6.05163e-12  3.87608e-12
1.31500e+02  1.73219e-11  1.27594e-11  9.22207e-12  5.83519e-12  3.17905e-12
1.32500e+02  2.03204e-11  1.49133e-11  1.06474e-11  6.62042e-12  3.48793e-12
1.33500e+02  2.26121e-11  1.67859e-11  1.20937e-11  7.62046e-12  4.21837e-12
1.34500e+02  2.55127e-11  1.83648e-11  1.26140e-11  7.22154e-12  3.07450e-12
1.35500e+02  2.94495e-11  2.15894e-11  1.53098e-11  9.42616e-12  4.96871e-12
1.36500e+02  3.33007e-11  2.40500e-11  1.65750e-11  9.62186e-12  4.42560e-12
1.37500e+02  3.72255e-11  2.67686e-11  1.83266e-11  1.05178e-11  4.69520e-12
1.38500e+02  4.13983e-11  2.95848e-11  2.00889e-11  1.13589e-11  4.88950e-12
1.39500e+02  4.61802e-11  3.27346e-11  2.19485e-11  1.22013e-11  5.10694e-12
1.40500e+02  5.29478e-11  3.79506e-11  2.58360e-11  1.47159e-11  6.44634e-12
1.41500e+02  5.92541e-11  4.24933e-11  2.88622e-11  1.65022e-11  7.40899e-12
1.42500e+02  6.57800e-11  4.70204e-11  3.18681e-11  1.82273e-11  8.10148e-12
1.43500e+02  7.47074e-11  5.40879e-11  3.74500e-11  2.21545e-11  1.08842e-11
1.44200e+02  8.23676e-11  5.98567e-11  4.10543e-11  2.36849e-11  1.00986e-11
1.44700e+02  8.31757e-11  5.91701e-11  3.97448e-11  2.24704e-11  9.61896e-12
1.45500e+02  9.14190e-11  6.54217e-11  4.40328e-11  2.48977e-11  1.03670e-11
1.46500e+02  1.05644e-10  7.71451e-11  5.36358e-11  3.20039e-11  1.55371e-11
1.47500e+02  1.12082e-10  7.96830e-11  5.33740e-11  3.00470e-11  1.28383e-11
1.48500e+02  1.24563e-10  8.91388e-11  6.02789e-11  3.46313e-11  1.52668e-11
1.49500e+02  1.46231e-10  1.06778e-10  7.34292e-11  4.26535e-11  1.84110e-11
1.50500e+02  1.63124e-10  1.19742e-10  8.25947e-11  4.78989e-11  1.97017e-11
1.51200e+02  1.58092e-10  1.10604e-10  7.25085e-11  3.97999e-11  1.55604e-11
1.51700e+02  1.79105e-10  1.29285e-10  8.76499e-11  4.99413e-11  1.98333e-11
1.52500e+02  2.08155e-10  1.57021e-10  1.12304e-10  6.95713e-11  3.20726e-11
1.53500e+02  2.59880e-10  2.09344e-10  1.64960e-10  1.18962e-10  7.04292e-11
1.54500e+02  2.66709e-10  2.05905e-10  1.53490e-10  1.02931e-10  5.53749e-11
1.55500e+02  3.13095e-10  2.52941e-10  2.00923e-10  1.47921e-10  9.17590e-11
1.56500e+02  3.47653e-10  2.84550e-10  2.30995e-10  1.76395e-10  1.19918e-10
1.57500e+02  4.08292e-10  3.40810e-10  2.82446e-10  2.20419e-10  1.48308e-10
1.58500e+02  4.56593e-10  3.82856e-10  3.18722e-10  2.49561e-10  1.65762e-10
1.59500e+02  4.99896e-10  4.16195e-10  3.43293e-10  2.66188e-10  1.74002e-10
1.60500e+02  5.49307e-10  4.60612e-10  3.84313e-10  3.02959e-10  2.04373e-10
1.61500e+02  5.99705e-10  5.07633e-10  4.27053e-10  3.39205e-10  2.30629e-10
1.62500e+02  6.38568e-10  5.41181e-10  4.55934e-10  3.63384e-10  2.52808e-10
1.63500e+02  7.11146e-10  6.03981e-10  5.06010e-10  3.99613e-10  2.73772e-10
1.64500e+02  8.05831e-10  6.86034e-10  5.76520e-10  4.57317e-10  3.13231e-10
1.65500e+02  8.05538e-10  6.78307e-10  5.65640e-10  4.48220e-10  3.22059e-10
1.66500e+02  9.26354e-10  7.58693e-10  6.10267e-10  4.58467e-10  2.89233e-10
1.67200e+02  9.24826e-10  7.61850e-10  6.20161e-10  4.73730e-10  3.16492e-10
1.67700e+02  1.04209e-09  8.46484e-10  6.79932e-10  5.11328e-10  3.27078e-10
1.68500e+02  1.29785e-09  1.05028e-09  8.46817e-10  6.38309e-10  3.97815e-10
1.69500e+02  1.60512e-09  1.29019e-09  1.04390e-09  7.93751e-10  4.96913e-10
1.70500e+02  2.17293e-09  1.69010e-09  1.32624e-09  9.64368e-10  5.70479e-10
1.71500e+02  3.22219e-09  2.33099e-09  1.66619e-09  1.04240e-09  4.90685e-10
1.72500e+02  5.86417e-09  4.14095e-09  2.79552e-09  1.58946e-09  6.37700e-10
1.73500e+02  1.09321e-08  7.55018e-09  4.73622e-09  2.34691e-09  6.87102e-10
1.74500e+02  1.73152e-08  1.17153e-08  7.14728e-09  3.45053e-09  9.65450e-10
1.75500e+02  3.32594e-08  2.23331e-08  1.31618e-08  5.88857e-09  1.27106e-09
1.76500e+02  2.30839e-08  1.56034e-08  9.48510e-09  4.58146e-09  1.24009e-09
1.77500e+02  3.63125e-08  2.48710e-08  1.48721e-08  6.69721e-09  1.41738e-09
1.78500e+02  5.84344e-08  3.95236e-08  2.32733e-08  1.02729e-08  2.05563e-09
1.79500e+02  7.94982e-08  5.50038e-08  3.27031e-08  1.41699e-08  2.41162e-09
1.80500e+02  7.06927e-08  4.78881e-08  2.83434e-08  1.26769e-08  2.61054e-09
1.81500e+02  6.28241e-08  4.31909e-08  2.58663e-08  1.16550e-08  2.40722e-09
1.82500e+02  6.71166e-08  4.53968e-08  2.70676e-08  1.24877e-08  2.87767e-09
1.83500e+02  8.28609e-08  5.64849e-08  3.37962e-08  1.54443e-08  3.32514e-09
1.84500e+02  2.88481e-08  2.00736e-08  1.27754e-08  6.70758e-09  2.19446e-09
1.85500e+02  7.92530e-08  5.44488e-08  3.29749e-08  1.54128e-08  3.53913e-09
1.86500e+02  1.25593e-07  8.72223e-08  5.27135e-08  2.39276e-08  4.76634e-09
1.87500e+02  1.27124e-07  8.78309e-08  5.30342e-08  2.42928e-08  5.04326e-09
1.88500e+02  1.38280e-07  9.59151e-08  5.81097e-08  2.66999e-08  5.57600e-09
1.89500e+02  1.70613e-07  1.17441e-07  7.08253e-08  3.26327e-08  6.96943e-09
1.90500e+02  1.52457e-07  1.05259e-07  6.37795e-08  2.97228e-08  6.68041e-09
1.91500e+02  1.89430e-07  1.31099e-07  7.93892e-08  3.67101e-08  7.94641e-09
1.92500e+02  1.60972e-07  1.10633e-07  6.68430e-08  3.13236e-08  7.37055e-09
1.93500e+02  5.84095e-08  4.13071e-08  2.63603e-08  1.39039e-08  4.87840e-09
1.94500e+02  2.10059e-07  1.45309e-07  8.82049e-08  4.13327e-08  9.35407e-09
1.95500e+02  2.30011e-07  1.59856e-07  9.73868e-08  4.56933e-08  1.02797e-08
1.96700e+02  2.97424e-07  2.06733e-07  1.25864e-07  5.89208e-08  1.30800e-08
1.97600e+02  2.57862e-07  1.78805e-07  1.09014e-07  5.17016e-08  1.22095e-08
1.98400e+02  2.44741e-07  1.69104e-07  1.03100e-07  4.94174e-08  1.22929e-08
1.99500e+02  2.90153e-07  2.02537e-07  1.24365e-07  5.95076e-08  1.43016e-08
2.00500e+02  2.63781e-07  1.84313e-07  1.13879e-07  5.55034e-08  1.42030e-08
2.01500e+02  3.19780e-07  2.24421e-07  1.39015e-07  6.76017e-08  1.70744e-08
2.02500e+02  1.99636e-07  1.40656e-07  8.81618e-08  4.43151e-08  1.25019e-08
2.03500e+02  3.70628e-07  2.62785e-07  1.64304e-07  8.03595e-08  1.99253e-08
2.04500e+02  4.42434e-07  3.15380e-07  1.98195e-07  9.71653e-08  2.37946e-08
2.05500e+02  4.22569e-07  3.00168e-07  1.88344e-07  9.29361e-08  2.38384e-08
2.06500e+02  4.14514e-07  2.95260e-07  1.85956e-07  9.23534e-08  2.41391e-08
2.07400e+02  4.74413e-07  3.39442e-07  2.13315e-07  1.04287e-07  2.53055e-08
2.07800e+02  6.07259e-07  4.38792e-07  2.79651e-07  1.38989e-07  3.40184e-08
2.08500e+02  5.73368e-07  4.14567e-07  2.65380e-07  1.33912e-07  3.48075e-08
2.09500e+02  6.49737e-07  4.77921e-07  3.15577e-07  1.68464e-07  4.98830e-08
2.10500e+02  7.39867e-07  5.53980e-07  3.75481e-07  2.08173e-07  6.56317e-08
2.11500e+02  9.36042e-07  7.06999e-07  4.84408e-07  2.71913e-07  8.68826e-08
2.12500e+02  7.88151e-07  5.91672e-07  4.02148e-07  2.23789e-07  7.14743e-08
2.13500e+02  8.07984e-07  6.08161e-07  4.16088e-07  2.35385e-07  7.93598e-08
2.14500e+02  1.04015e-06  7.93310e-07  5.49730e-07  3.13668e-07  1.03845e-07
2.15500e+02  1.01438e-06  7.76069e-07  5.39696e-07  3.09447e-07  1.03169e-07
2.16500e+02  8.61154e-07  6.53050e-07  4.49619e-07  2.55806e-07  8.62022e-08
2.17500e+02  9.07926e-07  6.90894e-07  4.77633e-07  2.73194e-07  9.27053e-08
2.18500e+02  1.15416e-06  8.91234e-07  6.26706e-07  3.65068e-07  1.25521e-07
2.19500e+02  1.22907e-06  9.45828e-07  6.61816e-07  3.83415e-07  1.31069e-07
2.20500e+02  1.15399e-06  8.87200e-07  6.20982e-07  3.61299e-07  1.25990e-07
2.21500e+02  9.10578e-07  6.92064e-07  4.78192e-07  2.75109e-07  9.65430e-08
2.22500e+02  1.17917e-06  9.08877e-07  6.39312e-07  3.76407e-07  1.36714e-07
2.23500e+02  1.50556e-06  1.17219e-06  8.34289e-07  4.98092e-07  1.83161e-07
2.24500e+02  1.42867e-06  1.11332e-06  7.94080e-07  4.76799e-07  1.78774e-07
2.25500e+02  1.10743e-06  8.49576e-07  5.95095e-07  3.51253e-07  1.31719e-07
2.26500e+02  9.76492e-07  7.47533e-07  5.21250e-07  3.05245e-07  1.12975e-07
2.27500e+02  1.04632e-06  8.06197e-07  5.66827e-07  3.35641e-07  1.25480e-07
2.28500e+02  1.37653e-06  1.07410e-06  7.66646e-07  4.61922e-07  1.75951e-07
2.29500e+02  1.14196e-06  8.84989e-07  6.27552e-07  3.77067e-07  1.45853e-07
2.30500e+02  1.40493e-06  1.10302e-06  7.92499e-07  4.80873e-07  1.83891e-07
2.31500e+02  1.32968e-06  1.03119e-06  7.31020e-07  4.38803e-07  1.69327e-07
2.32500e+02  1.23917e-06  9.57413e-07  6.75743e-07  4.04170e-07  1.57057e-07
2.33500e+02  1.01129e-06  7.67168e-07  5.32590e-07  3.17329e-07  1.31526e-07
2.34500e+02  6.61868e-07  4.96831e-07  3.43436e-07  2.07725e-07  9.42576e-08
2.35500e+02  1.38132e-06  1.06796e-06  7.54515e-07  4.53452e-07  1.80670e-07
2.36500e+02  7.35236e-07  5.52680e-07  3.82800e-07  2.32374e-07  1.06183e-07
2.37500e+02  1.05378e-06  8.02124e-07  5.58432e-07  3.33910e-07  1.39211e-07
2.38500e+02  5.03660e-07  3.76504e-07  2.63200e-07  1.66927e-07  8.80030e-08
2.39500e+02  7.50385e-07  5.62427e-07  3.88642e-07  2.36636e-07  1.10606e-07
2.40500e+02  7.50824e-07  5.62386e-07  3.89127e-07  2.38729e-07  1.15079e-07
2.41500e+02  9.28681e-07  7.14929e-07  5.08160e-07  3.16073e-07  1.43795e-07
2.42500e+02  1.69312e-06  1.33827e-06  9.73595e-07  6.11075e-07  2.61610e-07
2.43500e+02  1.61421e-06  1.27716e-06  9.32232e-07  5.90587e-07  2.60252e-07
2.44500e+02  1.89243e-06  1.50760e-06  1.10892e-06  7.08506e-07  3.14287e-07
2.45500e+02  1.95610e-06  1.56169e-06  1.15147e-06  7.37805e-07  3.28504e-07
2.46500e+02  1.81211e-06  1.43806e-06  1.05072e-06  6.63834e-07  2.87822e-07
2.47500e+02  1.57214e-06  1.24372e-06  9.06619e-07  5.73199e-07  2.52110e-07
2.48500e+02  7.54746e-07  5.85424e-07  4.16535e-07  2.55509e-07  1.08125e-07
2.49500e+02  1.15115e-06  9.08845e-07  6.61501e-07  4.18283e-07  1.84950e-07
2.50500e+02  1.68808e-06  1.33720e-06  9.73712e-07  6.12469e-07  2.64030e-07
2.51300e+02  8.54328e-07  6.53413e-07  4.61937e-07  2.88339e-07  1.34831e-07
2.51800e+02  3.48931e-07  2.71832e-07  2.04608e-07  1.44059e-07  8.36019e-08
2.52500e+02  5.13671e-07  3.96563e-07  2.87630e-07  1.89076e-07  9.90505e-08
2.53500e+02  8.85480e-07  6.88148e-07  4.99655e-07  3.27807e-07  1.71475e-07
2.54500e+02  1.00579e-06  7.92533e-07  5.85669e-07  3.91410e-07  2.05683e-07
2.55500e+02  1.70714e-06  1.38329e-06  1.05021e-06  7.14829e-07  3.69682e-07
2.56500e+02  1.52977e-06  1.22466e-06  9.16789e-07  6.15754e-07  3.19012e-07
2.57500e+02  2.01511e-06  1.62484e-06  1.22062e-06  8.16337e-07  4.10618e-07
2.58500e+02  1.87566e-06  1.49743e-06  1.11188e-06  7.34612e-07  3.68532e-07
2.59500e+02  1.69777e-06  1.34224e-06  9.86624e-07  6.47347e-07  3.28309e-07
2.60500e+02  1.39630e-06  1.09128e-06  7.94790e-07  5.20713e-07  2.73176e-07
2.61500e+02  1.26087e-06  9.90420e-07  7.27895e-07  4.84374e-07  2.62158e-07
2.62500e+02  1.78401e-06  1.40766e-06  1.03214e-06  6.75928e-07  3.45118e-07
2.63500e+02  2.63624e-06  2.15786e-06  1.64924e-06  1.12684e-06  5.84422e-07
2.64500e+02  3.52085e-06  2.90987e-06  2.24267e-06  1.53925e-06  7.86119e-07
2.65500e+02  4.17992e-06  3.48703e-06  2.71992e-06  1.89892e-06  9.99603e-07
2.66500e+02  3.32222e-06  2.74090e-06  2.11164e-06  1.45556e-06  7.60334e-07
2.67500e+02  3.67177e-06  3.03840e-06  2.34713e-06  1.62036e-06  8.42808e-07
2.68500e+02  4.08133e-06  3.39583e-06  2.63928e-06  1.83486e-06  9.61728e-07
2.69500e+02  3.23795e-06  2.67225e-06  2.05877e-06  1.41864e-06  7.39717e-07
2.70500e+02  3.70341e-06  3.07712e-06  2.38930e-06  1.66227e-06  8.78014e-07
2.71500e+02  2.78119e-06  2.28533e-06  1.75364e-06  1.20577e-06  6.33069e-07
2.72500e+02  2.49931e-06  2.02715e-06  1.52769e-06  1.02385e-06  5.16291e-07
2.73500e+02  2.91377e-06  2.38091e-06  1.81237e-06  1.23237e-06  6.35987e-07
2.74500e+02  1.80061e-06  1.44289e-06  1.08564e-06  7.45529e-07  4.21982e-07
2.75500e+02  2.46480e-06  2.00572e-06  1.52562e-06  1.04631e-06  5.65778e-07
2.76500e+02  3.25788e-06  2.66868e-06  2.03929e-06  1.39818e-06  7.41298e-07
2.77500e+02  3.34214e-06  2.72848e-06  2.07375e-06  1.41014e-06  7.37085e-07
2.78500e+02  1.92064e-06  1.51218e-06  1.11959e-06  7.62250e-07  4.35060e-07
2.79500e+02  4.82374e-07  4.13772e-07  3.56080e-07  3.02376e-07  2.42257e-07
2.80500e+02  6.91437e-07  5.70362e-07  4.64503e-07  3.69726e-07  2.74110e-07
2.81500e+02  3.12937e-06  2.50613e-06  1.86342e-06  1.24017e-06  6.44578e-07
2.82500e+02  4.14227e-06  3.41377e-06  2.61311e-06  1.77877e-06  9.08048e-07
2.83500e+02  3.79112e-06  3.11458e-06  2.37480e-06  1.60772e-06  8.11834e-07
2.84500e+02  2.28280e-06  1.84506e-06  1.38631e-06  9.30286e-07  4.74582e-07
2.85500e+02  8.00672e-07  6.60857e-07  5.22976e-07  3.84416e-07  2.30440e-07
2.86500e+02  3.40452e-06  2.78664e-06  2.11348e-06  1.42107e-06  7.10518e-07
2.87500e+02  4.42561e-06  3.69947e-06  2.88428e-06  2.01246e-06  1.06238e-06
2.88500e+02  4.12181e-06  3.43996e-06  2.68670e-06  1.89193e-06  1.03189e-06
2.89500e+02  4.83100e-06  4.07002e-06  3.21404e-06  2.29473e-06  1.27697e-06
2.91000e+02  5.70192e-06  4.84130e-06  3.85595e-06  2.77988e-06  1.56081e-06
2.93000e+02  5.39559e-06  4.57139e-06  3.63666e-06  2.62506e-06  1.48874e-06
2.95000e+02  5.25096e-06  4.44729e-06  3.53442e-06  2.54545e-06  1.43407e-06
2.97000e+02  5.42305e-06  4.59679e-06  3.65348e-06  2.62753e-06  1.47033e-06
2.99000e+02  5.47003e-06  4.64270e-06  3.69778e-06  2.67013e-06  1.50884e-06
3.01000e+02  5.54547e-06  4.71138e-06  3.75301e-06  2.70511e-06  1.51402e-06
3.03000e+02  5.74923e-06  4.90414e-06  3.92917e-06  2.85844e-06  1.63019e-06
3.05000e+02  6.14166e-06  5.24619e-06  4.21095e-06  3.07241e-06  1.76299e-06
3.07000e+02  6.16834e-06  5.27386e-06  4.24055e-06  3.10707e-06  1.80862e-06
3.09000e+02  5.94018e-06  5.06131e-06  4.05303e-06  2.95545e-06  1.71210e-06
3.11000e+02  6.33528e-06  5.43186e-06  4.38844e-06  3.24379e-06  1.92697e-06
3.13000e+02  6.37839e-06  5.45071e-06  4.38306e-06  3.21707e-06  1.89005e-06
3.15000e+02  6.09844e-06  5.20424e-06  4.18413e-06  3.07847e-06  1.82764e-06
3.17000e+02  6.67362e-06  5.71076e-06  4.60723e-06  3.40736e-06  2.04282e-06
3.19000e+02  6.33026e-06  5.41414e-06  4.36835e-06  3.23455e-06  1.94870e-06
3.21000e+02  6.96852e-06  5.98293e-06  4.84523e-06  3.59894e-06  2.16679e-06
3.23000e+02  6.56151e-06  5.62158e-06  4.54402e-06  3.37134e-06  2.03636e-06
3.25000e+02  7.74111e-06  6.69986e-06  5.48411e-06  4.13719e-06  2.55734e-06
3.27000e+02  8.73937e-06  7.59983e-06  6.25405e-06  4.74903e-06  2.96186e-06
3.29000e+02  8.72070e-06  7.57800e-06  6.23268e-06  4.73293e-06  2.95854e-06
3.31000e+02  8.60539e-06  7.45364e-06  6.10164e-06  4.59992e-06  2.83755e-06
3.33000e+02  8.56437e-06  7.43131e-06  6.09919e-06  4.61657e-06  2.86949e-06
3.35000e+02  8.54756e-06  7.41202e-06  6.07866e-06  4.59483e-06  2.84686e-06
3.37000e+02  6.96093e-06  5.97604e-06  4.84575e-06  3.61349e-06  2.20232e-06
3.39000e+02  8.20392e-06  7.08842e-06  5.78641e-06  4.34544e-06  2.66392e-06
3.41000e+02  8.39367e-06  7.27981e-06  5.97277e-06  4.51693e-06  2.79835e-06
3.43000e+02  9.09815e-06  7.91893e-06  6.52964e-06  4.97666e-06  3.12830e-06
3.45000e+02  8.86558e-06  7.72693e-06  6.38340e-06  4.87731e-06  3.07383e-06
3.47000e+02  9.34275e-06  8.16182e-06  6.76366e-06  5.19163e-06  3.29936e-06
3.49000e+02  9.89587e-06  8.67419e-06  7.22087e-06  5.58117e-06  3.59516e-06
3.51000e+02  1.02657e-05  9.02341e-06  7.53848e-06  5.85632e-06  3.80440e-06
3.53000e+02  9.84848e-06  8.65497e-06  7.23238e-06  5.62170e-06  3.65516e-06
3.55000e+02  1.10577e-05  9.75984e-06  8.19711e-06  6.41453e-06  4.21461e-06
3.57000e+02  9.57832e-06  8.39998e-06  7.00334e-06  5.42661e-06  3.50802e-06
3.59000e+02  9.53394e-06  8.36840e-06  6.98798e-06  5.42942e-06  3.52970e-06
3.61000e+02  1.01860e-05  8.97275e-06  7.53004e-06  5.89677e-06  3.89635e-06
3.63000e+02  1.04304e-05  9.18720e-06  7.71098e-06  6.04172e-06  4.00015e-06
3.64000e+02  1.07857e-05  9.51160e-06  7.99455e-06  6.27653e-06  4.17474e-06
3.65000e+02  1.13859e-05  1.00535e-05  8.45630e-06  6.63947e-06  4.40563e-06
3.67000e+02  1.17974e-05  1.04389e-05  8.80828e-06  6.95063e-06  4.65955e-06
3.69000e+02  1.14769e-05  1.01467e-05  8.55847e-06  6.75600e-06  4.53765e-06
3.71000e+02  1.18260e-05  1.04862e-05  8.88240e-06  7.04758e-06  4.75356e-06
3.73000e+02  9.82046e-06  8.65492e-06  7.27671e-06  5.70128e-06  3.74412e-06
3.75000e+02  1.09257e-05  9.67627e-06  8.15238e-06  6.38705e-06  4.19678e-06
3.77000e+02  1.25483e-05  1.12184e-05  9.53967e-06  7.55902e-06  5.06451e-06
3.79000e+02  1.34685e-05  1.20140e-05  1.01573e-05  7.98053e-06  5.28117e-06
3.81000e+02  1.42190e-05  1.25884e-05  1.05591e-05  8.21558e-06  5.35014e-06
3.83000e+02  1.05059e-05  9.23904e-06  7.71004e-06  5.97893e-06  3.90098e-06
3.85000e+02  1.41742e-05  1.24178e-05  1.03027e-05  7.90212e-06  5.01711e-06
3.87000e+02  1.41109e-05  1.22659e-05  1.01152e-05  7.70941e-06  4.85100e-06
3.89000e+02  1.27044e-05  1.13793e-05  9.65119e-06  7.59845e-06  5.02863e-06
3.91000e+02  1.52810e-05  1.33189e-05  1.10644e-05  8.56874e-06  5.63372e-06
3.93000e+02  9.85026e-06  8.45244e-06  6.97583e-06  5.42811e-06  3.69182e-06
3.95000e+02  1.54368e-05  1.34225e-05  1.11287e-05  8.61016e-06  5.68131e-06
3.97000e+02  1.06761e-05  9.47707e-06  8.01166e-06  6.35468e-06  4.39366e-06
3.99000e+02  1.76856e-05  1.55719e-05  1.30834e-05  1.02822e-05  6.91554e-06
4.01000e+02  1.89125e-05  1.65263e-05  1.38612e-05  1.09076e-05  7.37153e-06
4.03000e+02  1.89264e-05  1.65130e-05  1.38338e-05  1.08639e-05  7.30142e-06
4.05000e+02  1.87611e-05  1.63751e-05  1.37290e-05  1.08020e-05  7.29744e-06
4.07000e+02  1.84285e-05  1.61377e-05  1.35531e-05  1.06790e-05  7.22709e-06
4.09000e+02  1.88250e-05  1.68603e-05  1.43933e-05  1.15191e-05  7.94000e-06
4.11000e+02  1.73941e-05  1.57960e-05  1.36958e-05  1.11618e-05  7.87441e-06
4.13000e+02  1.98469e-05  1.74993e-05  1.47906e-05  1.17404e-05  8.02282e-06
4.15000e+02  2.00669e-05  1.76032e-05  1.48400e-05  1.17520e-05  7.99633e-06
4.17000e+02  2.05672e-05  1.80402e-05  1.52265e-05  1.20901e-05  8.27914e-06
4.19000e+02  2.00191e-05  1.75380e-05  1.47864e-05  1.17306e-05  8.03744e-06
4.21000e+02  2.00365e-05  1.75616e-05  1.48186e-05  1.17743e-05  8.09606e-06
4.23000e+02  1.93876e-05  1.69933e-05  1.43482e-05  1.14231e-05  7.90114e-06
4.25000e+02  1.97777e-05  1.73147e-05  1.45888e-05  1.15760e-05  7.96745e-06
4.27000e+02  1.92289e-05  1.68047e-05  1.41269e-05  1.11815e-05  7.68304e-06
4.29000e+02  1.80601e-05  1.57623e-05  1.32340e-05  1.04732e-05  7.22107e-06
4.31000e+02  1.54868e-05  1.34903e-05  1.13106e-05  8.97104e-06  6.27596e-06
4.33000e+02  1.95225e-05  1.75580e-05  1.50875e-05  1.22045e-05  8.60827e-06
4.35000e+02  1.86231e-05  1.68661e-05  1.46120e-05  1.19299e-05  8.51910e-06
4.37000e+02  2.11802e-05  1.87359e-05  1.59102e-05  1.27354e-05  8.88726e-06
4.39000e+02  2.07141e-05  1.82145e-05  1.54142e-05  1.23072e-05  8.57709e-06
4.41000e+02  2.18367e-05  1.92721e-05  1.63953e-05  1.31788e-05  9.25551e-06
4.43000e+02  2.30188e-05  2.03980e-05  1.74494e-05  1.41342e-05  1.00415e-05
4.45000e+02  2.29697e-05  2.03556e-05  1.74209e-05  1.41260e-05  1.00623e-05
4.47000e+02  2.34809e-05  2.08481e-05  1.78872e-05  1.45556e-05  1.04300e-05
4.49000e+02  2.39889e-05  2.13159e-05  1.83071e-05  1.49199e-05  1.07212e-05
4.51000e+02  2.48819e-05  2.21501e-05  1.90673e-05  1.55885e-05  1.12613e-05
4.53000e+02  2.39954e-05  2.13463e-05  1.83618e-05  1.49991e-05  1.08223e-05
4.55000e+02  2.45497e-05  2.18656e-05  1.88394e-05  1.54275e-05  1.11849e-05
4.57000e+02  2.53381e-05  2.25974e-05  1.94968e-05  1.59904e-05  1.16115e-05
4.59000e+02  2.50369e-05  2.23234e-05  1.92585e-05  1.57982e-05  1.14850e-05
4.61000e+02  2.53649e-05  2.26408e-05  1.95569e-05  1.60689e-05  1.17091e-05
4.63000e+02  2.55428e-05  2.28105e-05  1.97187e-05  1.62237e-05  1.18562e-05
4.65000e+02  2.56583e-05  2.29316e-05  1.98394e-05  1.63370e-05  1.19481e-05
4.67000e+02  2.62195e-05  2.34498e-05  2.03057e-05  1.67425e-05  1.22746e-05
4.69000e+02  2.62380e-05  2.34829e-05  2.03514e-05  1.67986e-05  1.23343e-05
4.71000e+02  2.59490e-05  2.32442e-05  2.01682e-05  1.66778e-05  1.22889e-05
4.73000e+02  2.65146e-05  2.37567e-05  2.06170e-05  1.70516e-05  1.25644e-05
4.75000e+02  2.67068e-05  2.39472e-05  2.08001e-05  1.72224e-05  1.27135e-05
4.77000e+02  2.68230e-05  2.40637e-05  2.09100e-05  1.73215e-05  1.27949e-05
4.79000e+02  2.68718e-05  2.41319e-05  2.09894e-05  1.74091e-05  1.28877e-05
4.81000e+02  2.70944e-05  2.43694e-05  2.12162e-05  1.76144e-05  1.30611e-05
4.83000e+02  2.69086e-05  2.43107e-05  2.12183e-05  1.76509e-05  1.31145e-05
4.85000e+02  2.54848e-05  2.33743e-05  2.06366e-05  1.73429e-05  1.30250e-05
4.87000e+02  2.30551e-05  2.13226e-05  1.90545e-05  1.62752e-05  1.25443e-05
4.89000e+02  2.67269e-05  2.42292e-05  2.12122e-05  1.77121e-05  1.32423e-05
4.91000e+02  2.73283e-05  2.46469e-05  2.15286e-05  1.79580e-05  1.34277e-05
4.93000e+02  2.70585e-05  2.43837e-05  2.13072e-05  1.77954e-05  1.33411e-05
4.95000e+02  2.75494e-05  2.48346e-05  2.17163e-05  1.81540e-05  1.36270e-05
4.97000e+02  2.82039e-05  2.54319e-05  2.22489e-05  1.86098e-05  1.39781e-05
4.99000e+02  2.74475e-05  2.47454e-05  2.16512e-05  1.81184e-05  1.36248e-05
5.01000e+02  2.70425e-05  2.43819e-05  2.13378e-05  1.78622e-05  1.34400e-05
5.03000e+02  2.81214e-05  2.53656e-05  2.22048e-05  1.85902e-05  1.39843e-05
5.05000e+02  2.79274e-05  2.52078e-05  2.20856e-05  1.85104e-05  1.39433e-05
5.07000e+02  2.86206e-05  2.58562e-05  2.26772e-05  1.90308e-05  1.43604e-05
5.09000e+02  2.83686e-05  2.56267e-05  2.24768e-05  1.88659e-05  1.42428e-05
5.11000e+02  2.85613e-05  2.58152e-05  2.26543e-05  1.90244e-05  1.43671e-05
5.13000e+02  2.85571e-05  2.58169e-05  2.26644e-05  1.90448e-05  1.43991e-05
5.15000e+02  2.81365e-05  2.54397e-05  2.23382e-05  1.87763e-05  1.41999e-05
5.17000e+02  2.65025e-05  2.39542e-05  2.10387e-05  1.77028e-05  1.34293e-05
5.19000e+02  2.69927e-05  2.44160e-05  2.14696e-05  1.81023e-05  1.37967e-05
5.21000e+02  2.82562e-05  2.55938e-05  2.25248e-05  1.89943e-05  1.44492e-05
5.23000e+02  2.88734e-05  2.61758e-05  2.30709e-05  1.95056e-05  1.49278e-05
5.25000e+02  2.96839e-05  2.69194e-05  2.37301e-05  2.00624e-05  1.53460e-05
5.27000e+02  2.82219e-05  2.55846e-05  2.25552e-05  1.90816e-05  1.46263e-05
5.29000e+02  2.97710e-05  2.70290e-05  2.38642e-05  2.02221e-05  1.55306e-05
5.31000e+02  3.02317e-05  2.74695e-05  2.42789e-05  2.06056e-05  1.58718e-05
5.33000e+02  2.91786e-05  2.65000e-05  2.34141e-05  1.98673e-05  1.53037e-05
5.35000e+02  3.01565e-05  2.74204e-05  2.42565e-05  2.06091e-05  1.58984e-05
5.37000e+02  3.00881e-05  2.73686e-05  2.42253e-05  2.06025e-05  1.59236e-05
5.39000e+02  3.01934e-05  2.74703e-05  2.43201e-05  2.06863e-05  1.59885e-05
5.41000e+02  2.99139e-05  2.72265e-05  2.41212e-05  2.05412e-05  1.59132e-05
5.43000e+02  3.03293e-05  2.76098e-05  2.44597e-05  2.08217e-05  1.61117e-05
5.45000e+02  3.05763e-05  2.78566e-05  2.47034e-05  2.10594e-05  1.63359e-05
5.47000e+02  3.07384e-05  2.80151e-05  2.48601e-05  2.12151e-05  1.64897e-05
5.49000e+02  3.10282e-05  2.82856e-05  2.51068e-05  2.14333e-05  1.66694e-05
5.51000e+02  3.10538e-05  2.83225e-05  2.51516e-05  2.14810e-05  1.67090e-05
5.53000e+02  3.12464e-05  2.85134e-05  2.53425e-05  2.16744e-05  1.69104e-05
5.55000e+02  3.16207e-05  2.88662e-05  2.56661e-05  2.19603e-05  1.71417e-05
5.57000e+02  3.12251e-05  2.85120e-05  2.53630e-05  2.17178e-05  1.69773e-05
5.59000e+02  3.11608e-05  2.84594e-05  2.53240e-05  2.16936e-05  1.69701e-05
5.61000e+02  3.14145e-05  2.87098e-05  2.55677e-05  2.19270e-05  1.71849e-05
5.63000e+02  3.19172e-05  2.91777e-05  2.59911e-05  2.22959e-05  1.74794e-05
5.65000e+02  3.20647e-05  2.93235e-05  2.61332e-05  2.24320e-05  1.76056e-05
5.67000e+02  3.18777e-05  2.91583e-05  2.59956e-05  2.23272e-05  1.75425e-05
5.69000e+02  3.21883e-05  2.94570e-05  2.62768e-05  2.25848e-05  1.77647e-05
5.71000e+02  3.19909e-05  2.92748e-05  2.61136e-05  2.24437e-05  1.76502e-05
5.73000e+02  3.26148e-05  2.98797e-05  2.66880e-05  2.29755e-05  1.81148e-05
5.75000e+02  3.25423e-05  2.98160e-05  2.66365e-05  2.29392e-05  1.81001e-05
5.77000e+02  3.26868e-05  2.99616e-05  2.67810e-05  2.30802e-05  1.82322e-05
5.79000e+02  3.26703e-05  2.99480e-05  2.67704e-05  2.30716e-05  1.82233e-05
5.81000e+02  3.28735e-05  3.01533e-05  2.69757e-05  2.32748e-05  1.84195e-05
5.83000e+02  3.30291e-05  3.03111e-05  2.71339e-05  2.34316e-05  1.85706e-05
5.85000e+02  3.29073e-05  3.02004e-05  2.70384e-05  2.33551e-05  1.85206e-05
5.87000e+02  3.30372e-05  3.03321e-05  2.71700e-05  2.34840e-05  1.86410e-05
5.89000e+02  3.19171e-05  2.92933e-05  2.62325e-05  2.26669e-05  1.79805e-05
5.91000e+02  3.31796e-05  3.04803e-05  2.73227e-05  2.36388e-05  1.87925e-05
5.93000e+02  3.32773e-05  3.05807e-05  2.74252e-05  2.37422e-05  1.88944e-05
5.95000e+02  3.34036e-05  3.07077e-05  2.75507e-05  2.38632e-05  1.90045e-05
5.97000e+02  3.34758e-05  3.07849e-05  2.76331e-05  2.39514e-05  1.90996e-05
5.99000e+02  3.35369e-05  3.08499e-05  2.77018e-05  2.40231e-05  1.91725e-05
6.01000e+02  3.34756e-05  3.07964e-05  2.76581e-05  2.39906e-05  1.91539e-05
6.03000e+02  3.35489e-05  3.08785e-05  2.77505e-05  2.40948e-05  1.92721e-05
6.05000e+02  3.38461e-05  3.11687e-05  2.80274e-05  2.43513e-05  1.94935e-05
6.07000e+02  3.38589e-05  3.11851e-05  2.80469e-05  2.43730e-05  1.95154e-05
6.09000e+02  3.38713e-05  3.12023e-05  2.80699e-05  2.44019e-05  1.95500e-05
6.11000e+02  3.38360e-05  3.11761e-05  2.80553e-05  2.44015e-05  1.95698e-05
6.13000e+02  3.34038e-05  3.07847e-05  2.77132e-05  2.41161e-05  1.93541e-05
6.15000e+02  3.38262e-05  3.11837e-05  2.80844e-05  2.44559e-05  1.96571e-05
6.17000e+02  3.34323e-05  3.08237e-05  2.77654e-05  2.41833e-05  1.94396e-05
6.19000e+02  3.40632e-05  3.14222e-05  2.83197e-05  2.46824e-05  1.98619e-05
6.21000e+02  3.42348e-05  3.15914e-05  2.84830e-05  2.48353e-05  1.99950e-05
6.23000e+02  3.40275e-05  3.14050e-05  2.83235e-05  2.47082e-05  1.99103e-05
6.25000e+02  3.38302e-05  3.12245e-05  2.81653e-05  2.45772e-05  1.98165e-05
6.27000e+02  3.43829e-05  3.17523e-05  2.86557e-05  2.50176e-05  2.01818e-05
6.29000e+02  3.45118e-05  3.18836e-05  2.87878e-05  2.51484e-05  2.03068e-05
6.31000e+02  3.42673e-05  3.16603e-05  2.85937e-05  2.49914e-05  2.02028e-05
6.33000e+02  3.44106e-05  3.18047e-05  2.87372e-05  2.51322e-05  2.03368e-05
6.35000e+02  3.46622e-05  3.20523e-05  2.89751e-05  2.53542e-05  2.05305e-05
6.37000e+02  3.47269e-05  3.21219e-05  2.90494e-05  2.54330e-05  2.06135e-05
6.39000e+02  3.47157e-05  3.21174e-05  2.90525e-05  2.54447e-05  2.06366e-05
6.41000e+02  3.44881e-05  3.19158e-05  2.88823e-05  2.53113e-05  2.05497e-05
6.43000e+02  3.46472e-05  3.20774e-05  2.90428e-05  2.54678e-05  2.06961e-05
6.45000e+02  3.46136e-05  3.20601e-05  2.90419e-05  2.54843e-05  2.07339e-05
6.47000e+02  3.46660e-05  3.21196e-05  2.91035e-05  2.55446e-05  2.07873e-05
6.49000e+02  3.44958e-05  3.19807e-05  2.89916e-05  2.54595e-05  2.07340e-05
6.51000e+02  3.49078e-05  3.24023e-05  2.93974e-05  2.58351e-05  2.10602e-05
6.53000e+02  3.48329e-05  3.24245e-05  2.94745e-05  2.59473e-05  2.11941e-05
6.55000e+02  3.35514e-05  3.14666e-05  2.88096e-05  2.55421e-05  2.10259e-05
6.57000e+02  2.98724e-05  2.82949e-05  2.63025e-05  2.38048e-05  2.02668e-05
6.59000e+02  3.45298e-05  3.22309e-05  2.93684e-05  2.59164e-05  2.12351e-05
6.61000e+02  3.51932e-05  3.27356e-05  2.97619e-05  2.62202e-05  2.14521e-05
6.63000e+02  3.53561e-05  3.28502e-05  2.98539e-05  2.63001e-05  2.15248e-05
6.65000e+02  3.54367e-05  3.29130e-05  2.99094e-05  2.63511e-05  2.15713e-05
6.67000e+02  3.53475e-05  3.28253e-05  2.98323e-05  2.62907e-05  2.15369e-05
6.69000e+02  3.56191e-05  3.30897e-05  3.00880e-05  2.65341e-05  2.17591e-05
6.71000e+02  3.55590e-05  3.30313e-05  3.00344e-05  2.64859e-05  2.17171e-05
6.73000e+02  3.57047e-05  3.31798e-05  3.01859e-05  2.66405e-05  2.18744e-05
6.75000e+02  3.56979e-05  3.31761e-05  3.01859e-05  2.66433e-05  2.18770e-05
6.77000e+02  3.57513e-05  3.32327e-05  3.02466e-05  2.67089e-05  2.19494e-05
6.79000e+02  3.58137e-05  3.32996e-05  3.03184e-05  2.67857e-05  2.20308e-05
6.81000e+02  3.58185e-05  3.33091e-05  3.03337e-05  2.68069e-05  2.20581e-05
6.83000e+02  3.59184e-05  3.34136e-05  3.04425e-05  2.69196e-05  2.21736e-05
6.85000e+02  3.58402e-05  3.33417e-05  3.03794e-05  2.68671e-05  2.21354e-05
6.87000e+02  3.59361e-05  3.34398e-05  3.04781e-05  2.69644e-05  2.22268e-05
6.89000e+02  3.60323e-05  3.35409e-05  3.05840e-05  2.70750e-05  2.23416e-05
6.91000e+02  3.60462e-05  3.35591e-05  3.06069e-05  2.71026e-05  2.23735e-05
6.93000e+02  3.60902e-05  3.36078e-05  3.06604e-05  2.71604e-05  2.24343e-05
6.95000e+02  3.61020e-05  3.36237e-05  3.06806e-05  2.71844e-05  2.24610e-05
6.97000e+02  3.61755e-05  3.37027e-05  3.07652e-05  2.72748e-05  2.25574e-05
6.99000e+02  3.61959e-05  3.37265e-05  3.07922e-05  2.73041e-05  2.25866e-05
7.01000e+02  3.61112e-05  3.36499e-05  3.07271e-05  2.72535e-05  2.25572e-05
7.03000e+02  3.62356e-05  3.37775e-05  3.08561e-05  2.73824e-05  2.26823e-05
7.05000e+02  3.62994e-05  3.38451e-05  3.09271e-05  2.74560e-05  2.27571e-05
7.07000e+02  3.63079e-05  3.38584e-05  3.09457e-05  2.74800e-05  2.27860e-05
7.09000e+02  3.63297e-05  3.38848e-05  3.09772e-05  2.75166e-05  2.28283e-05
7.11000e+02  3.63916e-05  3.39552e-05  3.10555e-05  2.76018e-05  2.29177e-05
7.13000e+02  3.63035e-05  3.38717e-05  3.09799e-05  2.75371e-05  2.28705e-05
7.15000e+02  3.62567e-05  3.38341e-05  3.09535e-05  2.75234e-05  2.28720e-05
7.17000e+02  3.63873e-05  3.39659e-05  3.10853e-05  2.76542e-05  2.30004e-05
7.19000e+02  3.62044e-05  3.37925e-05  3.09251e-05  2.75103e-05  2.28787e-05
7.21000e+02  3.63408e-05  3.39320e-05  3.10658e-05  2.76503e-05  2.30139e-05
7.23000e+02  3.65120e-05  3.41025e-05  3.12333e-05  2.78125e-05  2.31668e-05
7.25000e+02  3.65725e-05  3.41674e-05  3.13016e-05  2.78826e-05  2.32346e-05
7.27000e+02  3.65991e-05  3.41986e-05  3.13380e-05  2.79248e-05  2.32842e-05
7.29000e+02  3.64533e-05  3.40638e-05  3.12189e-05  2.78255e-05  2.32136e-05
7.31000e+02  3.66125e-05  3.42223e-05  3.13734e-05  2.79728e-05  2.33467e-05
7.33000e+02  3.65695e-05  3.41885e-05  3.13511e-05  2.79639e-05  2.33548e-05
7.35000e+02  3.67075e-05  3.43253e-05  3.14834e-05  2.80878e-05  2.34621e-05
7.37000e+02  3.67609e-05  3.43847e-05  3.15494e-05  2.81614e-05  2.35457e-05
7.39000e+02  3.66104e-05  3.42435e-05  3.14217e-05  2.80514e-05  2.34622e-05
7.41000e+02  3.64746e-05  3.41191e-05  3.13131e-05  2.79625e-05  2.34022e-05
7.43000e+02  3.66539e-05  3.42995e-05  3.14915e-05  2.81360e-05  2.35639e-05
7.45000e+02  3.67235e-05  3.43708e-05  3.15633e-05  2.82067e-05  2.36303e-05
7.47000e+02  3.68405e-05  3.44895e-05  3.16810e-05  2.83203e-05  2.37326e-05
7.49000e+02  3.67561e-05  3.44151e-05  3.16200e-05  2.82764e-05  2.37133e-05
7.51000e+02  3.67935e-05  3.44568e-05  3.16663e-05  2.83275e-05  2.37699e-05
7.53000e+02  3.68819e-05  3.45458e-05  3.17542e-05  2.84124e-05  2.38484e-05
7.55000e+02  3.69587e-05  3.46267e-05  3.18383e-05  2.84989e-05  2.39351e-05
7.57000e+02  3.69302e-05  3.46037e-05  3.18223e-05  2.84909e-05  2.39379e-05
7.59000e+02  3.69200e-05  3.45985e-05  3.18226e-05  2.84970e-05  2.39505e-05
7.61000e+02  3.69608e-05  3.46447e-05  3.18746e-05  2.85552e-05  2.40158e-05
7.63000e+02  3.70002e-05  3.46885e-05  3.19225e-05  2.86068e-05  2.40701e-05
7.65000e+02  3.70166e-05  3.47112e-05  3.19522e-05  2.86442e-05  2.41164e-05
7.67000e+02  3.67126e-05  3.44258e-05  3.16925e-05  2.84167e-05  2.39335e-05
7.69000e+02  3.70517e-05  3.47571e-05  3.20102e-05  2.87148e-05  2.42010e-05
7.71000e+02  3.69034e-05  3.46160e-05  3.18789e-05  2.85960e-05  2.41007e-05
7.73000e+02  3.70597e-05  3.47711e-05  3.20299e-05  2.87395e-05  2.42300e-05
7.75000e+02  3.69313e-05  3.46538e-05  3.19278e-05  2.86572e-05  2.41764e-05
7.77000e+02  3.71132e-05  3.48470e-05  3.21282e-05  2.88604e-05  2.43738e-05
7.79000e+02  3.71390e-05  3.48651e-05  3.21391e-05  2.88642e-05  2.43707e-05
7.81000e+02  3.71751e-05  3.49075e-05  3.21883e-05  2.89209e-05  2.44361e-05
7.83000e+02  3.70683e-05  3.48096e-05  3.21026e-05  2.88504e-05  2.43874e-05
7.85000e+02  3.71383e-05  3.48826e-05  3.21775e-05  2.89259e-05  2.44604e-05
7.87000e+02  3.72325e-05  3.49799e-05  3.22758e-05  2.90231e-05  2.45517e-05
7.89000e+02  3.72357e-05  3.49876e-05  3.22879e-05  2.90391e-05  2.45700e-05
7.91000e+02  3.71960e-05  3.49511e-05  3.22555e-05  2.90106e-05  2.45444e-05
7.93000e+02  3.70093e-05  3.47805e-05  3.21078e-05  2.88928e-05  2.44714e-05
7.95000e+02  3.70409e-05  3.48147e-05  3.21433e-05  2.89279e-05  2.45021e-05
7.97000e+02  3.72754e-05  3.50454e-05  3.23655e-05  2.91377e-05  2.46921e-05
7.99000e+02  3.72925e-05  3.50674e-05  3.23921e-05  2.91683e-05  2.47255e-05
8.01000e+02  3.71925e-05  3.49753e-05  3.23115e-05  2.91027e-05  2.46825e-05
8.03000e+02  3.72664e-05  3.50517e-05  3.23891e-05  2.91800e-05  2.47566e-05
8.05000e+02  3.71752e-05  3.49664e-05  3.23118e-05  2.91123e-05  2.47025e-05
8.07000e+02  3.73136e-05  3.51072e-05  3.24525e-05  2.92504e-05  2.48313e-05
8.09000e+02  3.71898e-05  3.49901e-05  3.23452e-05  2.91556e-05  2.47558e-05
8.11000e+02  3.73129e-05  3.51163e-05  3.24724e-05  2.92817e-05  2.48751e-05
8.13000e+02  3.73541e-05  3.51618e-05  3.25218e-05  2.93350e-05  2.49328e-05
8.15000e+02  3.73502e-05  3.51628e-05  3.25285e-05  2.93480e-05  2.49536e-05
8.17000e+02  3.73544e-05  3.51721e-05  3.25434e-05  2.93691e-05  2.49824e-05
8.19000e+02  3.69389e-05  3.47878e-05  3.22006e-05  2.90778e-05  2.47626e-05
8.21000e+02  3.71987e-05  3.50310e-05  3.24217e-05  2.92707e-05  2.49155e-05
8.23000e+02  3.71067e-05  3.49519e-05  3.23592e-05  2.92291e-05  2.49042e-05
8.25000e+02  3.73115e-05  3.51505e-05  3.25468e-05  2.94005e-05  2.50490e-05
8.27000e+02  3.73986e-05  3.52385e-05  3.26345e-05  2.94871e-05  2.51325e-05
8.29000e+02  3.73898e-05  3.52342e-05  3.26353e-05  2.94934e-05  2.51452e-05
8.31000e+02  3.73110e-05  3.51617e-05  3.25715e-05  2.94400e-05  2.51049e-05
8.33000e+02  3.70320e-05  3.49075e-05  3.23480e-05  2.92536e-05  2.49674e-05
8.35000e+02  3.73453e-05  3.52040e-05  3.26222e-05  2.94993e-05  2.51735e-05
8.37000e+02  3.73839e-05  3.52442e-05  3.26627e-05  2.95388e-05  2.52097e-05
8.39000e+02  3.70366e-05  3.49189e-05  3.23649e-05  2.92728e-05  2.49802e-05
8.41000e+02  3.74006e-05  3.52707e-05  3.27004e-05  2.95889e-05  2.52747e-05
8.43000e+02  3.72523e-05  3.51268e-05  3.25618e-05  2.94554e-05  2.51451e-05
8.45000e+02  3.73576e-05  3.52435e-05  3.26914e-05  2.96007e-05  2.53129e-05
8.47000e+02  3.72046e-05  3.50966e-05  3.25551e-05  2.94800e-05  2.52170e-05
8.49000e+02  3.71401e-05  3.50367e-05  3.25039e-05  2.94413e-05  2.52020e-05
8.51000e+02  3.61360e-05  3.41064e-05  3.16720e-05  2.87328e-05  2.46678e-05
8.53000e+02  3.71565e-05  3.50581e-05  3.25305e-05  2.94727e-05  2.52392e-05
8.55000e+02  3.39102e-05  3.20261e-05  2.98046e-05  2.71479e-05  2.35213e-05
8.57000e+02  3.74295e-05  3.53329e-05  3.27996e-05  2.97288e-05  2.54661e-05
8.59000e+02  3.72631e-05  3.51858e-05  3.26792e-05  2.96389e-05  2.54098e-05
8.61000e+02  3.71974e-05  3.51289e-05  3.26343e-05  2.96095e-05  2.54031e-05
8.63000e+02  3.74431e-05  3.53562e-05  3.28315e-05  2.97691e-05  2.55159e-05
8.65000e+02  3.72921e-05  3.52225e-05  3.27224e-05  2.96888e-05  2.54737e-05
8.67000e+02  3.43002e-05  3.24326e-05  3.02200e-05  2.75555e-05  2.38777e-05
8.69000e+02  3.69948e-05  3.49517e-05  3.24792e-05  2.94759e-05  2.52961e-05
8.71000e+02  3.74222e-05  3.53524e-05  3.28441e-05  2.98007e-05  2.55749e-05
8.73000e+02  3.73554e-05  3.53070e-05  3.28225e-05  2.98017e-05  2.55986e-05
8.75000e+02  3.67239e-05  3.47683e-05  3.24109e-05  2.95311e-05  2.54758e-05
8.77000e+02  3.73546e-05  3.53252e-05  3.28610e-05  2.98580e-05  2.56662e-05
8.79000e+02  3.74088e-05  3.53581e-05  3.28688e-05  2.98468e-05  2.56491e-05
8.81000e+02  3.70170e-05  3.49925e-05  3.25386e-05  2.95622e-05  2.54278e-05
8.83000e+02  3.71805e-05  3.51618e-05  3.27042e-05  2.97158e-05  2.55566e-05
8.85000e+02  3.71599e-05  3.51872e-05  3.27748e-05  2.98182e-05  2.56729e-05
8.87000e+02  3.64227e-05  3.45567e-05  3.22888e-05  2.94942e-05  2.55271e-05
8.89000e+02  3.73977e-05  3.53988e-05  3.29524e-05  2.99657e-05  2.57982e-05
8.91000e+02  3.74876e-05  3.54602e-05  3.29938e-05  2.99970e-05  2.58289e-05
8.93000e+02  3.74134e-05  3.53791e-05  3.29148e-05  2.99265e-05  2.57744e-05
8.95000e+02  3.74279e-05  3.53903e-05  3.29207e-05  2.99256e-05  2.57633e-05
8.97000e+02  3.74526e-05  3.54367e-05  3.29794e-05  2.99918e-05  2.58341e-05
8.99000e+02  3.73563e-05  3.53977e-05  3.29783e-05  3.00159e-05  2.58767e-05
9.01000e+02  3.60107e-05  3.42462e-05  3.20658e-05  2.93543e-05  2.54814e-05
9.03000e+02  3.69635e-05  3.51029e-05  3.27874e-05  2.99166e-05  2.58512e-05
9.05000e+02  3.74134e-05  3.54499e-05  3.30311e-05  3.00747e-05  2.59470e-05
9.07000e+02  3.73442e-05  3.53570e-05  3.29391e-05  2.99993e-05  2.59046e-05
9.09000e+02  3.70336e-05  3.50492e-05  3.26524e-05  2.97455e-05  2.57023e-05
9.11000e+02  3.73622e-05  3.53480e-05  3.29185e-05  2.99729e-05  2.58735e-05
9.13000e+02  3.74998e-05  3.54792e-05  3.30406e-05  3.00831e-05  2.59651e-05
9.15000e+02  3.74743e-05  3.54620e-05  3.30275e-05  3.00714e-05  2.59493e-05
9.17000e+02  3.74264e-05  3.54342e-05  3.30099e-05  3.00600e-05  2.59412e-05
9.19000e+02  3.73713e-05  3.54226e-05  3.30210e-05  3.00848e-05  2.59760e-05
9.21000e+02  3.69721e-05  3.51207e-05  3.27948e-05  2.99184e-05  2.58667e-05
9.23000e+02  3.57064e-05  3.40963e-05  3.20714e-05  2.95025e-05  2.57568e-05
9.25000e+02  3.67843e-05  3.49675e-05  3.26803e-05  2.98431e-05  2.58358e-05
9.27000e+02  3.72448e-05  3.53253e-05  3.29528e-05  3.00472e-05  2.59768e-05
9.29000e+02  3.73677e-05  3.54032e-05  3.30069e-05  3.00865e-05  2.60021e-05
9.31000e+02  3.74329e-05  3.54531e-05  3.30543e-05  3.01368e-05  2.60600e-05
9.33000e+02  3.74247e-05  3.54403e-05  3.30438e-05  3.01318e-05  2.60638e-05
9.35000e+02  3.74099e-05  3.54245e-05  3.30302e-05  3.01211e-05  2.60561e-05
9.37000e+02  3.73740e-05  3.53887e-05  3.29957e-05  3.00876e-05  2.60227e-05
9.39000e+02  3.74134e-05  3.54337e-05  3.30468e-05  3.01457e-05  2.60890e-05
9.41000e+02  3.68984e-05  3.49622e-05  3.26325e-05  2.98029e-05  2.58508e-05
9.43000e+02  3.73442e-05  3.53787e-05  3.30057e-05  3.01199e-05  2.60824e-05
9.45000e+02  3.72646e-05  3.53076e-05  3.29408e-05  3.00611e-05  2.60316e-05
9.47000e+02  3.73498e-05  3.54057e-05  3.30431e-05  3.01642e-05  2.61330e-05
9.49000e+02  3.73148e-05  3.53982e-05  3.30488e-05  3.01783e-05  2.61542e-05
9.51000e+02  3.71860e-05  3.53262e-05  3.30087e-05  3.01596e-05  2.61566e-05
9.53000e+02  3.68406e-05  3.51018e-05  3.28750e-05  3.00895e-05  2.61307e-05
9.55000e+02  3.53316e-05  3.38587e-05  3.19709e-05  2.95361e-05  2.59377e-05
9.57000e+02  3.68757e-05  3.51212e-05  3.28825e-05  3.00913e-05  2.61353e-05
9.59000e+02  3.71826e-05  3.53291e-05  3.30233e-05  3.01897e-05  2.62065e-05
9.61000e+02  3.72164e-05  3.53233e-05  3.30039e-05  3.01687e-05  2.61909e-05
9.63000e+02  3.71836e-05  3.52784e-05  3.29617e-05  3.01354e-05  2.61730e-05
9.65000e+02  3.71723e-05  3.52526e-05  3.29253e-05  3.00873e-05  2.61060e-05
9.67000e+02  3.71489e-05  3.52369e-05  3.29229e-05  3.01016e-05  2.61434e-05
9.69000e+02  3.72724e-05  3.53546e-05  3.30352e-05  3.02086e-05  2.62440e-05
9.71000e+02  3.72586e-05  3.53411e-05  3.30228e-05  3.01970e-05  2.62317e-05
9.73000e+02  3.72445e-05  3.53298e-05  3.30149e-05  3.01927e-05  2.62312e-05
9.75000e+02  3.71681e-05  3.52587e-05  3.29514e-05  3.01394e-05  2.61942e-05
9.77000e+02  3.72101e-05  3.53037e-05  3.29993e-05  3.01902e-05  2.62482e-05
9.79000e+02  3.71741e-05  3.52699e-05  3.29667e-05  3.01568e-05  2.62085e-05
9.81000e+02  3.72159e-05  3.53179e-05  3.30224e-05  3.02231e-05  2.62937e-05
9.83000e+02  3.71983e-05  3.53047e-05  3.30139e-05  3.02199e-05  2.62970e-05
9.85000e+02  3.71954e-05  3.53071e-05  3.30213e-05  3.02326e-05  2.63163e-05
9.87000e+02  3.71375e-05  3.52543e-05  3.29743e-05  3.01924e-05  2.62862e-05
9.89000e+02  3.71095e-05  3.52351e-05  3.29637e-05  3.01913e-05  2.62968e-05
9.91000e+02  3.71057e-05  3.52348e-05  3.29657e-05  3.01953e-05  2.63031e-05
9.93000e+02  3.71427e-05  3.52778e-05  3.30110e-05  3.02413e-05  2.63476e-05
9.95000e+02  3.71213e-05  3.52660e-05  3.30050e-05  3.02402e-05  2.63517e-05
9.97000e+02  3.70911e-05  3.52517e-05  3.29994e-05  3.02414e-05  2.63608e-05
9.99000e+02  3.70262e-05  3.52149e-05  3.29770e-05  3.02290e-05  2.63584e-05
1.00250e+03  3.65386e-05  3.48915e-05  3.27793e-05  3.01257e-05  2.63296e-05
1.00750e+03  3.60795e-05  3.45106e-05  3.24931e-05  2.99433e-05  2.62698e-05
1.01250e+03  3.69329e-05  3.51384e-05  3.29257e-05  3.02077e-05  2.63749e-05
1.01750e+03  3.69095e-05  3.50937e-05  3.28801e-05  3.01694e-05  2.63503e-05
1.02250e+03  3.69294e-05  3.51145e-05  3.29054e-05  3.02003e-05  2.63871e-05
1.02750e+03  3.69257e-05  3.51182e-05  3.29178e-05  3.02222e-05  2.64200e-05
1.03250e+03  3.67981e-05  3.49989e-05  3.28094e-05  3.01272e-05  2.63446e-05
1.03750e+03  3.67863e-05  3.49960e-05  3.28153e-05  3.01420e-05  2.63676e-05
1.04250e+03  3.68147e-05  3.50337e-05  3.28621e-05  3.01980e-05  2.64337e-05
1.04750e+03  3.67025e-05  3.49356e-05  3.27805e-05  3.01356e-05  2.63969e-05
1.05250e+03  3.67335e-05  3.49715e-05  3.28196e-05  3.01770e-05  2.64388e-05
1.05750e+03  3.66093e-05  3.48605e-05  3.27241e-05  3.00999e-05  2.63866e-05
1.06250e+03  3.65364e-05  3.47989e-05  3.26750e-05  3.00651e-05  2.63717e-05
1.06750e+03  3.62835e-05  3.45783e-05  3.24927e-05  2.99279e-05  2.62965e-05
1.07250e+03  3.64581e-05  3.47453e-05  3.26445e-05  3.00584e-05  2.63917e-05
1.07750e+03  3.63204e-05  3.46211e-05  3.25334e-05  2.99622e-05  2.63171e-05
1.08250e+03  3.61037e-05  3.44354e-05  3.23749e-05  2.98337e-05  2.62290e-05
1.08750e+03  3.60671e-05  3.44514e-05  3.24139e-05  2.98821e-05  2.62781e-05
1.09250e+03  3.49422e-05  3.36181e-05  3.18651e-05  2.95901e-05  2.62260e-05
1.09750e+03  3.56801e-05  3.41882e-05  3.22398e-05  2.97696e-05  2.62021e-05
1.10250e+03  3.61368e-05  3.45090e-05  3.24653e-05  2.99252e-05  2.62950e-05
1.10750e+03  3.62326e-05  3.45800e-05  3.25275e-05  2.99840e-05  2.63515e-05
1.11250e+03  3.61738e-05  3.45215e-05  3.24757e-05  2.99419e-05  2.63229e-05
1.11750e+03  3.61153e-05  3.44697e-05  3.24342e-05  2.99138e-05  2.63154e-05
1.12250e+03  3.61364e-05  3.44971e-05  3.24675e-05  2.99526e-05  2.63586e-05
1.12750e+03  3.59215e-05  3.42981e-05  3.22894e-05  2.98005e-05  2.62439e-05
1.13250e+03  3.60016e-05  3.43837e-05  3.23779e-05  2.98902e-05  2.63314e-05
1.13750e+03  3.59529e-05  3.43382e-05  3.23350e-05  2.98490e-05  2.62902e-05
1.14250e+03  3.57825e-05  3.41816e-05  3.21961e-05  2.97331e-05  2.62093e-05
1.14750e+03  3.59431e-05  3.43457e-05  3.23593e-05  2.98914e-05  2.63544e-05
1.15250e+03  3.59060e-05  3.43173e-05  3.23401e-05  2.98825e-05  2.63590e-05
1.15750e+03  3.58195e-05  3.42384e-05  3.22691e-05  2.98200e-05  2.63067e-05
1.16250e+03  3.55959e-05  3.40299e-05  3.20797e-05  2.96547e-05  2.61760e-05
1.16750e+03  3.56614e-05  3.41050e-05  3.21620e-05  2.97419e-05  2.62642e-05
1.17250e+03  3.57483e-05  3.41940e-05  3.22508e-05  2.98290e-05  2.63483e-05
1.17750e+03  3.55087e-05  3.39771e-05  3.20610e-05  2.96709e-05  2.62320e-05
1.18250e+03  3.53822e-05  3.38596e-05  3.19550e-05  2.95800e-05  2.61645e-05
1.18750e+03  3.53514e-05  3.38320e-05  3.19286e-05  2.95533e-05  2.61333e-05
1.19250e+03  3.55844e-05  3.40641e-05  3.21538e-05  2.97660e-05  2.63239e-05
1.19750e+03  3.50669e-05  3.35771e-05  3.17083e-05  2.93740e-05  2.60100e-05
1.20250e+03  3.52800e-05  3.37875e-05  3.19110e-05  2.95639e-05  2.61779e-05
1.20750e+03  3.51692e-05  3.36897e-05  3.18271e-05  2.94958e-05  2.61298e-05
1.21250e+03  3.53231e-05  3.38391e-05  3.19667e-05  2.96204e-05  2.62296e-05
1.21750e+03  3.53684e-05  3.38908e-05  3.20219e-05  2.96766e-05  2.62824e-05
1.22250e+03  3.53231e-05  3.38542e-05  3.19936e-05  2.96569e-05  2.62724e-05
1.22750e+03  3.52177e-05  3.37594e-05  3.19110e-05  2.95886e-05  2.62236e-05
1.23250e+03  3.52319e-05  3.37808e-05  3.19373e-05  2.96180e-05  2.62527e-05
1.23750e+03  3.51806e-05  3.37382e-05  3.19030e-05  2.95922e-05  2.62370e-05
1.24250e+03  3.51269e-05  3.36933e-05  3.18664e-05  2.95644e-05  2.62192e-05
1.24750e+03  3.51095e-05  3.36856e-05  3.18668e-05  2.95722e-05  2.62338e-05
1.25250e+03  3.50540e-05  3.36400e-05  3.18302e-05  2.95445e-05  2.62157e-05
1.25750e+03  3.50006e-05  3.35996e-05  3.18011e-05  2.95266e-05  2.62102e-05
1.26250e+03  3.49374e-05  3.35509e-05  3.17632e-05  2.94988e-05  2.61935e-05
1.26750e+03  3.48653e-05  3.34988e-05  3.17234e-05  2.94685e-05  2.61723e-05
1.27250e+03  3.47726e-05  3.34524e-05  3.17041e-05  2.94679e-05  2.61861e-05
1.27750e+03  3.43979e-05  3.32041e-05  3.15490e-05  2.93833e-05  2.61572e-05
1.28250e+03  3.25954e-05  3.16641e-05  3.03538e-05  2.85629e-05  2.57621e-05
1.28750e+03  3.43786e-05  3.31777e-05  3.15185e-05  2.93530e-05  2.61312e-05
1.29250e+03  3.45872e-05  3.32940e-05  3.15743e-05  2.93678e-05  2.61173e-05
1.29750e+03  3.46509e-05  3.33357e-05  3.16094e-05  2.94033e-05  2.61578e-05
1.30250e+03  3.46191e-05  3.32998e-05  3.15762e-05  2.93757e-05  2.61385e-05
1.30750e+03  3.46092e-05  3.32934e-05  3.15756e-05  2.93817e-05  2.61508e-05
1.31250e+03  3.44418e-05  3.31336e-05  3.14280e-05  2.92502e-05  2.60428e-05
1.31750e+03  3.44024e-05  3.31013e-05  3.14036e-05  2.92343e-05  2.60374e-05
1.32250e+03  3.44966e-05  3.32018e-05  3.15066e-05  2.93364e-05  2.61305e-05
1.32750e+03  3.43874e-05  3.30983e-05  3.14097e-05  2.92467e-05  2.60501e-05
1.33250e+03  3.43888e-05  3.31099e-05  3.14309e-05  2.92777e-05  2.60905e-05
1.33750e+03  3.43511e-05  3.30810e-05  3.14109e-05  2.92669e-05  2.60901e-05
1.34250e+03  3.43438e-05  3.30835e-05  3.14224e-05  2.92872e-05  2.61182e-05
1.34750e+03  3.42998e-05  3.30483e-05  3.13958e-05  2.92692e-05  2.61095e-05
1.35250e+03  3.42608e-05  3.30189e-05  3.13759e-05  2.92592e-05  2.61100e-05
1.35750e+03  3.41647e-05  3.29299e-05  3.12948e-05  2.91866e-05  2.60482e-05
1.36250e+03  3.41494e-05  3.29227e-05  3.12937e-05  2.91895e-05  2.60500e-05
1.36750e+03  3.41234e-05  3.29076e-05  3.12904e-05  2.91999e-05  2.60788e-05
1.37250e+03  3.40709e-05  3.28673e-05  3.12633e-05  2.91877e-05  2.60846e-05
1.37750e+03  3.40454e-05  3.28489e-05  3.12508e-05  2.91803e-05  2.60811e-05
1.38250e+03  3.40175e-05  3.28308e-05  3.12420e-05  2.91810e-05  2.60914e-05
1.38750e+03  3.39737e-05  3.27943e-05  3.12114e-05  2.91546e-05  2.60653e-05
1.39250e+03  3.39400e-05  3.27719e-05  3.12008e-05  2.91573e-05  2.60842e-05
1.39750e+03  3.38927e-05  3.27339e-05  3.11725e-05  2.91395e-05  2.60795e-05
1.40250e+03  3.38183e-05  3.26671e-05  3.11133e-05  2.90881e-05  2.60365e-05
1.40750e+03  3.38229e-05  3.26828e-05  3.11393e-05  2.91239e-05  2.60799e-05
1.41250e+03  3.37173e-05  3.25853e-05  3.10511e-05  2.90465e-05  2.60161e-05
1.41750e+03  3.37468e-05  3.26260e-05  3.11013e-05  2.91048e-05  2.60784e-05
1.42250e+03  3.35933e-05  3.24793e-05  3.09638e-05  2.89797e-05  2.59733e-05
1.42750e+03  3.34982e-05  3.23921e-05  3.08857e-05  2.89118e-05  2.59185e-05
1.43250e+03  3.36071e-05  3.25149e-05  3.10190e-05  2.90530e-05  2.60609e-05
1.43750e+03  3.35944e-05  3.25136e-05  3.10292e-05  2.90755e-05  2.60971e-05
1.44250e+03  3.32964e-05  3.22285e-05  3.07650e-05  2.88409e-05  2.59100e-05
1.44750e+03  3.35042e-05  3.24435e-05  3.09797e-05  2.90487e-05  2.60976e-05
1.45250e+03  3.32872e-05  3.22384e-05  3.07920e-05  2.88845e-05  2.59694e-05
1.45700e+03  3.33175e-05  3.22738e-05  3.08300e-05  2.89229e-05  2.60038e-05
1.46200e+03  3.33500e-05  3.23175e-05  3.08834e-05  2.89848e-05  2.60702e-05
1.46750e+03  3.33112e-05  3.22888e-05  3.08651e-05  2.89774e-05  2.60749e-05
1.47250e+03  3.31982e-05  3.21826e-05  3.07678e-05  2.88916e-05  2.60071e-05
1.47750e+03  3.31703e-05  3.21676e-05  3.07667e-05  2.89065e-05  2.60416e-05
1.48250e+03  3.31529e-05  3.21596e-05  3.07677e-05  2.89163e-05  2.60600e-05
1.48750e+03  3.26935e-05  3.17200e-05  3.03608e-05  2.85568e-05  2.57797e-05
1.49250e+03  3.31333e-05  3.21624e-05  3.07931e-05  2.89665e-05  2.61394e-05
1.49750e+03  3.30299e-05  3.20665e-05  3.07066e-05  2.88919e-05  2.60824e-05
1.50250e+03  3.24634e-05  3.15170e-05  3.01881e-05  2.84198e-05  2.56888e-05
1.50750e+03  3.26686e-05  3.17242e-05  3.03915e-05  2.86136e-05  2.58614e-05
1.51250e+03  3.29237e-05  3.19913e-05  3.06642e-05  2.88864e-05  2.61209e-05
1.51750e+03  3.28899e-05  3.19687e-05  3.06537e-05  2.88901e-05  2.61433e-05
1.52250e+03  3.27582e-05  3.18432e-05  3.05372e-05  2.87862e-05  2.60607e-05
1.52750e+03  3.27364e-05  3.18334e-05  3.05400e-05  2.88033e-05  2.60951e-05
1.53250e+03  3.27038e-05  3.18109e-05  3.05286e-05  2.88049e-05  2.61139e-05
1.53750e+03  3.26378e-05  3.17549e-05  3.04844e-05  2.87752e-05  2.61043e-05
1.54250e+03  3.26033e-05  3.17322e-05  3.04749e-05  2.87819e-05  2.61332e-05
1.54750e+03  3.25714e-05  3.17110e-05  3.04657e-05  2.87868e-05  2.61561e-05
1.55250e+03  3.24783e-05  3.16246e-05  3.03876e-05  2.87188e-05  2.61012e-05
1.55750e+03  3.23655e-05  3.15189e-05  3.02919e-05  2.86378e-05  2.60471e-05
1.56250e+03  3.24016e-05  3.15693e-05  3.03559e-05  2.87144e-05  2.61336e-05
1.56750e+03  3.22398e-05  3.14123e-05  3.02089e-05  2.85842e-05  2.60330e-05
1.57250e+03  3.20899e-05  3.12701e-05  3.00786e-05  2.84724e-05  2.59555e-05
1.57750e+03  3.17479e-05  3.09377e-05  2.97618e-05  2.81749e-05  2.56865e-05
1.58250e+03  3.20292e-05  3.12283e-05  3.00558e-05  2.84674e-05  2.59660e-05
1.58750e+03  3.15305e-05  3.07295e-05  2.95737e-05  2.80233e-05  2.56032e-05
1.59250e+03  3.18949e-05  3.11129e-05  2.99655e-05  2.84107e-05  2.59576e-05
1.59750e+03  3.18309e-05  3.10586e-05  2.99188e-05  2.83708e-05  2.59291e-05
1.60500e+03  3.16949e-05  3.09363e-05  2.98175e-05  2.82986e-05  2.58978e-05
1.61500e+03  3.13502e-05  3.06011e-05  2.95040e-05  2.80233e-05  2.56948e-05
1.62500e+03  3.14538e-05  3.07275e-05  2.96382e-05  2.81505e-05  2.57934e-05
1.63500e+03  3.10321e-05  3.03198e-05  2.92642e-05  2.78286e-05  2.55534e-05
1.64500e+03  3.05405e-05  2.98341e-05  2.88034e-05  2.74150e-05  2.52278e-05
1.65500e+03  3.07574e-05  3.00624e-05  2.90150e-05  2.75843e-05  2.53197e-05
1.66500e+03  3.04865e-05  2.97988e-05  2.87614e-05  2.73447e-05  2.51041e-05
1.67500e+03  2.98724e-05  2.92100e-05  2.82240e-05  2.68786e-05  2.47373e-05
1.68500e+03  2.92770e-05  2.86237e-05  2.76724e-05  2.63885e-05  2.43550e-05
1.69500e+03  2.97029e-05  2.90401e-05  2.80403e-05  2.66761e-05  2.45202e-05
1.70500e+03  2.94509e-05  2.87769e-05  2.77717e-05  2.64072e-05  2.42609e-05
1.71500e+03  2.91131e-05  2.84479e-05  2.74568e-05  2.61125e-05  2.40007e-05
1.72500e+03  2.87864e-05  2.81583e-05  2.72026e-05  2.58946e-05  2.38237e-05
1.73500e+03  2.75995e-05  2.70241e-05  2.61832e-05  2.50421e-05  2.32171e-05
1.74500e+03  2.81609e-05  2.75626e-05  2.66495e-05  2.53954e-05  2.34004e-05
1.75500e+03  2.81858e-05  2.75532e-05  2.66078e-05  2.53250e-05  2.33086e-05
1.76500e+03  2.79727e-05  2.73303e-05  2.63847e-05  2.51094e-05  2.31126e-05
1.77500e+03  2.77554e-05  2.71146e-05  2.61755e-05  2.49106e-05  2.29316e-05
1.78500e+03  2.75264e-05  2.68949e-05  2.59678e-05  2.47188e-05  2.27644e-05
1.79500e+03  2.72697e-05  2.66548e-05  2.57434e-05  2.45119e-05  2.25828e-05
1.80500e+03  2.69113e-05  2.63358e-05  2.54579e-05  2.42584e-05  2.23652e-05
1.81500e+03  2.57020e-05  2.52067e-05  2.44670e-05  2.34508e-05  2.18109e-05
1.82500e+03  2.61960e-05  2.56688e-05  2.48543e-05  2.37291e-05  2.19303e-05
1.83500e+03  2.62889e-05  2.57112e-05  2.48465e-05  2.36750e-05  2.18377e-05
1.84500e+03  2.60453e-05  2.54549e-05  2.45875e-05  2.34207e-05  2.15997e-05
1.85500e+03  2.58692e-05  2.52939e-05  2.44413e-05  2.32910e-05  2.14914e-05
1.86500e+03  2.54690e-05  2.49445e-05  2.41341e-05  2.30230e-05  2.12660e-05
1.87500e+03  2.38019e-05  2.34178e-05  2.28165e-05  2.19603e-05  2.05479e-05
1.88500e+03  2.50033e-05  2.44998e-05  2.37174e-05  2.26413e-05  2.09351e-05
1.89500e+03  2.49007e-05  2.43405e-05  2.35190e-05  2.24156e-05  2.06963e-05
1.90500e+03  2.48507e-05  2.42886e-05  2.34709e-05  2.23751e-05  2.06679e-05
1.91500e+03  2.46306e-05  2.40730e-05  2.32626e-05  2.21775e-05  2.04880e-05
1.92500e+03  2.44063e-05  2.38670e-05  2.30730e-05  2.20055e-05  2.03400e-05
1.93500e+03  2.40213e-05  2.35277e-05  2.27745e-05  2.17442e-05  2.01172e-05
1.94500e+03  2.28091e-05  2.24010e-05  2.17952e-05  2.09533e-05  1.95807e-05
1.95500e+03  2.36455e-05  2.31613e-05  2.24243e-05  2.14170e-05  1.98275e-05
1.96500e+03  2.36190e-05  2.30957e-05  2.23311e-05  2.13056e-05  1.97087e-05
1.97500e+03  2.33916e-05  2.28574e-05  2.20921e-05  2.10730e-05  1.94928e-05
1.98500e+03  2.32779e-05  2.27448e-05  2.19839e-05  2.09716e-05  1.94016e-05
1.99500e+03  2.31012e-05  2.25712e-05  2.18175e-05  2.08158e-05  1.92633e-05
2.00500e+03  2.29472e-05  2.24228e-05  2.16780e-05  2.06886e-05  1.91558e-05
2.01500e+03  2.27773e-05  2.22578e-05  2.15207e-05  2.05421e-05  1.90261e-05
2.02500e+03  2.25730e-05  2.20561e-05  2.13247e-05  2.03544e-05  1.88521e-05
2.03500e+03  2.23644e-05  2.18507e-05  2.11258e-05  2.01654e-05  1.86806e-05
2.04500e+03  2.22414e-05  2.17348e-05  2.10189e-05  2.00699e-05  1.86013e-05
2.05500e+03  2.20608e-05  2.15581e-05  2.08485e-05  1.99084e-05  1.84538e-05
2.06500e+03  2.18326e-05  2.13333e-05  2.06312e-05  1.97024e-05  1.82677e-05
2.07500e+03  2.17062e-05  2.12121e-05  2.05162e-05  1.95953e-05  1.81716e-05
2.08500e+03  2.15444e-05  2.10550e-05  2.03660e-05  1.94543e-05  1.80449e-05
2.09500e+03  2.13363e-05  2.08501e-05  2.01675e-05  1.92652e-05  1.78722e-05
2.10500e+03  2.12128e-05  2.07332e-05  2.00585e-05  1.91662e-05  1.77875e-05
2.11500e+03  2.10400e-05  2.05654e-05  1.98978e-05  1.90149e-05  1.76510e-05
2.12500e+03  2.08776e-05  2.04092e-05  1.97491e-05  1.88758e-05  1.75265e-05
2.13500e+03  2.07069e-05  2.02464e-05  1.95946e-05  1.87313e-05  1.73974e-05
2.14500e+03  2.05362e-05  2.00907e-05  1.94510e-05  1.85997e-05  1.72809e-05
2.15500e+03  2.02752e-05  1.98650e-05  1.92562e-05  1.84325e-05  1.71428e-05
2.16500e+03  1.92633e-05  1.89393e-05  1.84668e-05  1.78075e-05  1.67312e-05
2.17500e+03  1.98863e-05  1.94934e-05  1.89083e-05  1.81124e-05  1.68603e-05
2.18500e+03  1.98763e-05  1.94477e-05  1.88339e-05  1.80178e-05  1.67554e-05
2.19500e+03  1.97996e-05  1.93632e-05  1.87478e-05  1.79339e-05  1.66776e-05
2.20500e+03  1.96014e-05  1.91625e-05  1.85502e-05  1.77435e-05  1.65016e-05
2.21500e+03  1.95163e-05  1.90812e-05  1.84746e-05  1.76757e-05  1.64447e-05
2.22500e+03  1.93697e-05  1.89364e-05  1.83338e-05  1.75404e-05  1.63179e-05
2.23500e+03  1.92284e-05  1.87983e-05  1.82012e-05  1.74156e-05  1.62057e-05
2.24500e+03  1.90883e-05  1.86617e-05  1.80704e-05  1.72928e-05  1.60959e-05
2.25500e+03  1.89385e-05  1.85154e-05  1.79300e-05  1.71610e-05  1.59783e-05
2.26500e+03  1.88016e-05  1.83812e-05  1.78002e-05  1.70367e-05  1.58624e-05
2.27500e+03  1.86765e-05  1.82603e-05  1.76855e-05  1.69307e-05  1.57698e-05
2.28500e+03  1.85147e-05  1.81009e-05  1.75307e-05  1.67826e-05  1.56329e-05
2.29500e+03  1.83745e-05  1.79609e-05  1.73901e-05  1.66375e-05  1.54685e-05
2.30500e+03  1.82645e-05  1.78565e-05  1.72940e-05  1.65545e-05  1.54119e-05
2.31500e+03  1.81308e-05  1.77263e-05  1.71695e-05  1.64384e-05  1.53111e-05
2.32500e+03  1.79665e-05  1.75603e-05  1.70007e-05  1.62616e-05  1.51073e-05
2.33500e+03  1.78487e-05  1.74484e-05  1.68986e-05  1.61758e-05  1.50570e-05
2.34500e+03  1.77503e-05  1.73553e-05  1.68130e-05  1.61010e-05  1.50023e-05
2.35500e+03  1.75793e-05  1.71819e-05  1.66361e-05  1.59153e-05  1.47890e-05
2.36500e+03  1.74894e-05  1.70993e-05  1.65643e-05  1.58611e-05  1.47722e-05
2.37500e+03  1.73612e-05  1.69746e-05  1.64458e-05  1.57521e-05  1.46820e-05
2.38500e+03  1.72032e-05  1.68155e-05  1.62849e-05  1.55855e-05  1.44951e-05
2.39500e+03  1.71216e-05  1.67405e-05  1.62194e-05  1.55349e-05  1.44750e-05
2.40500e+03  1.70061e-05  1.66287e-05  1.61135e-05  1.54379e-05  1.43948e-05
2.41500e+03  1.68594e-05  1.64819e-05  1.59665e-05  1.52887e-05  1.42346e-05
2.42500e+03  1.67628e-05  1.63904e-05  1.58826e-05  1.52164e-05  1.41851e-05
2.43500e+03  1.66452e-05  1.62761e-05  1.57737e-05  1.51155e-05  1.40996e-05
2.44500e+03  1.65280e-05  1.61608e-05  1.56610e-05  1.50049e-05  1.39879e-05
2.45500e+03  1.63849e-05  1.60201e-05  1.55249e-05  1.48758e-05  1.38721e-05
2.46500e+03  1.63134e-05  1.59537e-05  1.54654e-05  1.48262e-05  1.38406e-05
2.47500e+03  1.61865e-05  1.58284e-05  1.53426e-05  1.47065e-05  1.37237e-05
2.48500e+03  1.60054e-05  1.56503e-05  1.51706e-05  1.45431e-05  1.35748e-05
2.49500e+03  1.59739e-05  1.56225e-05  1.51467e-05  1.45247e-05  1.35660e-05
2.50500e+03  1.58783e-05  1.55300e-05  1.50587e-05  1.44425e-05  1.34935e-05
2.51500e+03  1.57616e-05  1.54149e-05  1.49458e-05  1.43316e-05  1.33822e-05
2.52500e+03  1.56507e-05  1.53078e-05  1.48447e-05  1.42396e-05  1.33074e-05
2.53500e+03  1.55575e-05  1.52176e-05  1.47586e-05  1.41588e-05  1.32354e-05
2.54500e+03  1.54481e-05  1.51102e-05  1.46542e-05  1.40583e-05  1.31407e-05
2.55500e+03  1.53411e-05  1.50066e-05  1.45557e-05  1.39667e-05  1.30602e-05
2.56500e+03  1.52135e-05  1.48824e-05  1.44374e-05  1.38573e-05  1.29667e-05
2.57500e+03  1.51545e-05  1.48272e-05  1.43854e-05  1.38084e-05  1.29215e-05
2.58500e+03  1.50119e-05  1.46865e-05  1.42475e-05  1.36741e-05  1.27926e-05
2.59500e+03  1.49461e-05  1.46269e-05  1.41937e-05  1.36267e-05  1.27551e-05
2.60500e+03  1.48274e-05  1.45178e-05  1.40939e-05  1.35371e-05  1.26787e-05
2.61500e+03  1.46440e-05  1.43535e-05  1.39488e-05  1.34109e-05  1.25768e-05
2.62500e+03  1.40354e-05  1.38067e-05  1.34909e-05  1.30544e-05  1.23492e-05
2.63500e+03  1.44535e-05  1.41711e-05  1.37753e-05  1.32456e-05  1.24209e-05
2.64500e+03  1.44314e-05  1.41308e-05  1.37198e-05  1.31806e-05  1.23525e-05
2.65500e+03  1.43543e-05  1.40492e-05  1.36371e-05  1.30985e-05  1.22718e-05
2.66500e+03  1.42265e-05  1.39219e-05  1.35146e-05  1.29838e-05  1.21703e-05
2.67500e+03  1.41267e-05  1.38275e-05  1.34304e-05  1.29151e-05  1.21255e-05
2.68500e+03  1.41061e-05  1.38062e-05  1.34057e-05  1.28842e-05  1.20845e-05
2.69500e+03  1.40261e-05  1.37266e-05  1.33268e-05  1.28064e-05  1.20098e-05
2.70500e+03  1.39398e-05  1.36422e-05  1.32452e-05  1.27291e-05  1.19400e-05
2.71500e+03  1.38511e-05  1.35554e-05  1.31614e-05  1.26496e-05  1.18674e-05
2.72500e+03  1.37642e-05  1.34708e-05  1.30803e-05  1.25731e-05  1.17984e-05
2.73500e+03  1.36755e-05  1.33848e-05  1.29981e-05  1.24957e-05  1.17277e-05
2.74500e+03  1.35847e-05  1.32978e-05  1.29165e-05  1.24204e-05  1.16612e-05
2.75500e+03  1.34052e-05  1.31261e-05  1.27597e-05  1.22846e-05  1.15561e-05
2.76500e+03  1.33792e-05  1.30995e-05  1.27302e-05  1.22496e-05  1.15116e-05
2.77500e+03  1.33327e-05  1.30514e-05  1.26783e-05  1.21935e-05  1.14529e-05
2.78500e+03  1.32564e-05  1.29760e-05  1.26046e-05  1.21225e-05  1.13871e-05
2.79500e+03  1.31765e-05  1.28975e-05  1.25283e-05  1.20494e-05  1.13187e-05
2.80500e+03  1.30946e-05  1.28174e-05  1.24508e-05  1.19755e-05  1.12503e-05
2.81500e+03  1.30168e-05  1.27417e-05  1.23784e-05  1.19074e-05  1.11893e-05
2.82500e+03  1.29365e-05  1.26635e-05  1.23033e-05  1.18365e-05  1.11251e-05
2.83500e+03  1.28584e-05  1.25880e-05  1.22310e-05  1.17685e-05  1.10636e-05
2.84500e+03  1.27713e-05  1.25035e-05  1.21500e-05  1.16917e-05  1.09933e-05
2.85500e+03  1.26911e-05  1.24270e-05  1.20780e-05  1.16244e-05  1.09322e-05
2.86500e+03  1.25828e-05  1.23254e-05  1.19862e-05  1.15437e-05  1.08641e-05
2.87500e+03  1.23958e-05  1.21479e-05  1.18257e-05  1.14068e-05  1.07619e-05
2.88500e+03  1.24513e-05  1.21950e-05  1.18569e-05  1.14169e-05  1.07441e-05
2.89500e+03  1.23912e-05  1.21339e-05  1.17950e-05  1.13554e-05  1.06855e-05
2.90500e+03  1.23193e-05  1.20625e-05  1.17251e-05  1.12880e-05  1.06224e-05
2.91500e+03  1.22486e-05  1.19932e-05  1.16583e-05  1.12250e-05  1.05656e-05
2.92500e+03  1.21688e-05  1.19144e-05  1.15813e-05  1.11505e-05  1.04947e-05
2.93500e+03  1.21027e-05  1.18501e-05  1.15196e-05  1.10922e-05  1.04418e-05
2.94500e+03  1.20271e-05  1.17761e-05  1.14480e-05  1.10239e-05  1.03786e-05
2.95500e+03  1.19607e-05  1.17117e-05  1.13864e-05  1.09660e-05  1.03268e-05
2.96500e+03  1.18878e-05  1.16403e-05  1.13171e-05  1.08993e-05  1.02633e-05
2.97500e+03  1.18194e-05  1.15740e-05  1.12538e-05  1.08401e-05  1.02109e-05
2.98500e+03  1.17507e-05  1.15075e-05  1.11900e-05  1.07797e-05  1.01559e-05
2.99500e+03  1.16773e-05  1.14360e-05  1.11211e-05  1.07140e-05  1.00950e-05
3.00500e+03  1.16058e-05  1.13666e-05  1.10540e-05  1.06495e-05  1.00336e-05
3.01500e+03  1.15391e-05  1.13036e-05  1.09950e-05  1.05953e-05  9.98703e-06
3.02500e+03  1.14595e-05  1.12287e-05  1.09254e-05  1.05310e-05  9.92928e-06
3.03500e+03  1.12581e-05  1.10418e-05  1.07613e-05  1.03948e-05  9.83082e-06
3.04500e+03  1.12604e-05  1.10411e-05  1.07544e-05  1.03786e-05  9.79779e-06
3.05500e+03  1.12653e-05  1.10385e-05  1.07412e-05  1.03551e-05  9.76678e-06
3.06500e+03  1.12057e-05  1.09777e-05  1.06803e-05  1.02955e-05  9.71047e-06
3.07500e+03  1.11492e-05  1.09217e-05  1.06257e-05  1.02433e-05  9.66213e-06
3.08500e+03  1.10813e-05  1.08545e-05  1.05601e-05  1.01799e-05  9.60195e-06
3.09500e+03  1.10175e-05  1.07917e-05  1.04993e-05  1.01218e-05  9.54803e-06
3.10500e+03  1.09612e-05  1.07373e-05  1.04474e-05  1.00735e-05  9.50570e-06
3.11500e+03  1.08677e-05  1.06451e-05  1.03579e-05  9.98777e-06  9.42650e-06
3.12500e+03  1.08359e-05  1.06148e-05  1.03293e-05  9.96097e-06  9.40198e-06
3.13500e+03  1.07702e-05  1.05499e-05  1.02654e-05  9.89821e-06  9.33982e-06
3.14500e+03  1.07146e-05  1.04965e-05  1.02150e-05  9.85199e-06  9.30104e-06
3.15500e+03  1.06385e-05  1.04217e-05  1.01425e-05  9.78275e-06  9.23716e-06
3.16500e+03  1.05946e-05  1.03793e-05  1.01020e-05  9.74453e-06  9.20237e-06
3.17500e+03  1.05296e-05  1.03155e-05  1.00399e-05  9.68450e-06  9.14511e-06
3.18500e+03  1.04734e-05  1.02608e-05  9.98705e-06  9.63408e-06  9.09826e-06
3.19500e+03  1.04180e-05  1.02070e-05  9.93553e-06  9.58553e-06  9.05443e-06
3.21000e+03  1.03291e-05  1.01204e-05  9.85227e-06  9.50670e-06  8.98288e-06
3.23000e+03  1.02137e-05  1.00076e-05  9.74269e-06  9.40103e-06  8.88232e-06
3.25000e+03  1.01037e-05  9.90121e-06  9.64095e-06  9.30535e-06  8.79656e-06
3.27000e+03  9.98818e-06  9.79040e-06  9.53507e-06  9.20500e-06  8.70408e-06
3.29000e+03  9.76191e-06  9.58258e-06  9.35133e-06  9.04794e-06  8.58035e-06
3.31000e+03  9.75086e-06  9.56299e-06  9.31989e-06  9.00354e-06  8.52115e-06
3.33000e+03  9.65767e-06  9.46617e-06  9.22069e-06  8.90397e-06  8.42381e-06
3.35000e+03  9.56894e-06  9.37901e-06  9.13642e-06  8.82387e-06  8.35034e-06
3.37000e+03  9.46778e-06  9.28023e-06  9.04122e-06  8.73353e-06  8.26774e-06
3.39000e+03  9.35691e-06  9.17099e-06  8.93446e-06  8.62982e-06  8.16819e-06
3.41000e+03  9.26274e-06  9.07964e-06  8.84711e-06  8.54795e-06  8.09543e-06
3.43000e+03  9.17490e-06  8.99425e-06  8.76493e-06  8.46987e-06  8.02355e-06
3.45000e+03  9.07668e-06  8.89788e-06  8.67102e-06  8.37892e-06  7.93639e-06
3.47000e+03  8.98530e-06  8.80910e-06  8.58584e-06  8.29862e-06  7.86413e-06
3.49000e+03  8.89351e-06  8.71960e-06  8.49948e-06  8.21636e-06  7.78825e-06
3.51000e+03  8.80057e-06  8.62864e-06  8.41118e-06  8.13137e-06  7.70801e-06
3.53000e+03  8.70840e-06  8.53852e-06  8.32390e-06  8.04776e-06  7.63002e-06
3.55000e+03  8.62349e-06  8.45601e-06  8.24464e-06  7.97281e-06  7.56203e-06
3.57000e+03  8.53172e-06  8.36607e-06  8.15719e-06  7.88847e-06  7.48221e-06
3.59000e+03  8.44674e-06  8.28313e-06  8.07697e-06  7.81177e-06  7.41085e-06
3.61000e+03  8.36688e-06  8.20563e-06  8.00262e-06  7.74160e-06  7.34741e-06
3.63000e+03  8.28184e-06  8.12242e-06  7.92183e-06  7.66381e-06  7.27395e-06
3.65000e+03  8.19593e-06  8.03848e-06  7.84060e-06  7.58615e-06  7.20206e-06
3.67000e+03  8.11218e-06  7.95674e-06  7.76149e-06  7.51039e-06  7.13144e-06
3.69000e+03  8.02644e-06  7.87332e-06  7.68108e-06  7.43391e-06  7.06116e-06
3.71000e+03  7.95006e-06  7.79936e-06  7.60953e-06  7.36497e-06  6.99566e-06
3.73000e+03  7.84145e-06  7.70049e-06  7.52141e-06  7.28763e-06  6.93085e-06
3.75000e+03  7.72755e-06  7.59145e-06  7.41944e-06  7.19525e-06  6.85454e-06
3.77000e+03  7.72529e-06  7.58006e-06  7.39749e-06  7.16230e-06  6.80724e-06
3.79000e+03  7.65437e-06  7.51012e-06  7.32959e-06  7.09747e-06  6.74758e-06
3.81000e+03  7.57955e-06  7.43684e-06  7.25857e-06  7.02937e-06  6.68372e-06
3.83000e+03  7.50983e-06  7.36882e-06  7.19285e-06  6.96670e-06  6.62573e-06
3.85000e+03  7.44105e-06  7.30145e-06  7.12735e-06  6.90360e-06  6.56627e-06
3.87000e+03  7.36928e-06  7.23141e-06  7.05965e-06  6.83899e-06  6.50660e-06
3.89000e+03  7.29886e-06  7.16257e-06  6.99290e-06  6.77483e-06  6.44615e-06
3.91000e+03  7.22942e-06  7.09514e-06  6.92817e-06  6.71366e-06  6.39048e-06
3.93000e+03  7.16580e-06  7.03264e-06  6.86706e-06  6.65430e-06  6.33377e-06
3.95000e+03  7.09822e-06  6.96657e-06  6.80304e-06  6.59302e-06  6.27697e-06
3.97000e+03  7.03504e-06  6.90491e-06  6.74331e-06  6.53575e-06  6.22334e-06
3.99000e+03  6.96339e-06  6.83467e-06  6.67491e-06  6.46961e-06  6.16051e-06
4.01000e+03  6.89943e-06  6.77306e-06  6.61627e-06  6.41473e-06  6.11135e-06
4.03000e+03  6.83568e-06  6.71168e-06  6.55730e-06  6.35853e-06  6.05922e-06
4.05000e+03  6.69192e-06  6.58337e-06  6.44673e-06  6.26727e-06  5.99378e-06
4.07000e+03  6.71367e-06  6.59234e-06  6.44110e-06  6.24615e-06  5.95250e-06
4.09000e+03  6.65813e-06  6.53694e-06  6.38688e-06  6.19414e-06  5.90443e-06
4.11000e+03  6.60000e-06  6.47983e-06  6.33124e-06  6.14042e-06  5.85352e-06
4.13000e+03  6.54266e-06  6.42387e-06  6.27710e-06  6.08865e-06  5.80541e-06
4.15000e+03  6.48194e-06  6.36464e-06  6.21983e-06  6.03379e-06  5.75411e-06
4.17000e+03  6.41488e-06  6.30015e-06  6.15877e-06  5.97703e-06  5.70354e-06
4.19000e+03  6.36777e-06  6.25313e-06  6.11178e-06  5.93021e-06  5.65733e-06
4.21000e+03  6.30138e-06  6.18776e-06  6.04796e-06  5.86858e-06  5.59939e-06
4.23000e+03  6.26129e-06  6.14880e-06  6.01028e-06  5.83250e-06  5.56558e-06
4.25000e+03  6.20490e-06  6.09353e-06  5.95651e-06  5.78065e-06  5.51664e-06
4.27000e+03  6.15278e-06  6.04265e-06  5.90722e-06  5.73340e-06  5.47246e-06
4.29000e+03  6.07694e-06  5.96582e-06  5.82867e-06  5.65156e-06  5.38275e-06
4.31000e+03  5.99513e-06  5.88419e-06  5.74702e-06  5.56957e-06  5.29979e-06
4.33000e+03  5.95139e-06  5.84299e-06  5.70923e-06  5.53670e-06  5.27611e-06
4.35000e+03  5.86845e-06  5.75927e-06  5.62397e-06  5.44845e-06  5.18096e-06
4.37000e+03  5.78773e-06  5.68188e-06  5.55073e-06  5.38035e-06  5.12062e-06
4.39000e+03  5.75500e-06  5.65006e-06  5.51986e-06  5.35082e-06  5.09353e-06
4.41000e+03  5.67999e-06  5.57300e-06  5.43994e-06  5.26651e-06  5.00035e-06
4.43000e+03  5.63381e-06  5.52900e-06  5.39890e-06  5.22993e-06  4.97217e-06
4.45000e+03  5.58624e-06  5.48291e-06  5.35460e-06  5.18798e-06  4.93391e-06
4.47000e+03  5.51869e-06  5.41407e-06  5.28371e-06  5.11348e-06  4.85131e-06
4.49000e+03  5.48533e-06  5.38343e-06  5.25686e-06  5.09225e-06  4.84057e-06
4.51000e+03  5.43084e-06  5.33019e-06  5.20502e-06  5.04209e-06  4.79273e-06
4.53000e+03  5.37783e-06  5.27649e-06  5.15022e-06  4.98519e-06  4.73067e-06
4.55000e+03  5.34364e-06  5.24419e-06  5.12053e-06  4.95931e-06  4.71178e-06
4.57000e+03  5.30883e-06  5.21091e-06  5.08937e-06  4.93113e-06  4.68873e-06
4.59000e+03  5.24800e-06  5.14969e-06  5.02722e-06  4.86697e-06  4.61943e-06
4.61000e+03  5.22069e-06  5.12412e-06  5.00406e-06  4.84733e-06  4.60643e-06
4.63000e+03  5.17242e-06  5.07729e-06  4.95875e-06  4.80379e-06  4.56535e-06
4.65000e+03  5.10970e-06  5.02438e-06  4.91749e-06  4.77515e-06  4.55202e-06
4.67000e+03  5.09384e-06  5.00397e-06  4.89220e-06  4.74539e-06  4.51842e-06
4.69000e+03  5.06960e-06  4.97729e-06  4.86276e-06  4.71311e-06  4.48299e-06
4.71000e+03  5.03882e-06  4.94689e-06  4.83319e-06  4.68489e-06  4.45689e-06
4.73000e+03  5.01263e-06  4.92210e-06  4.81051e-06  4.66534e-06  4.44304e-06
4.75000e+03  4.96482e-06  4.87478e-06  4.76365e-06  4.61888e-06  4.39675e-06
4.77000e+03  4.93034e-06  4.84114e-06  4.73117e-06  4.58796e-06  4.36834e-06
4.79000e+03  4.89906e-06  4.81098e-06  4.70257e-06  4.56151e-06  4.34554e-06
4.81000e+03  4.84989e-06  4.76211e-06  4.65388e-06  4.51282e-06  4.29625e-06
4.83000e+03  4.82539e-06  4.73947e-06  4.63384e-06  4.49658e-06  4.28703e-06
4.85000e+03  4.78612e-06  4.70097e-06  4.59632e-06  4.46035e-06  4.25278e-06
4.87000e+03  4.74831e-06  4.66374e-06  4.55973e-06  4.42441e-06  4.21729e-06
4.89000e+03  4.71262e-06  4.62910e-06  4.52645e-06  4.39298e-06  4.18896e-06
4.91000e+03  4.68268e-06  4.60002e-06  4.49855e-06  4.36665e-06  4.16503e-06
4.93000e+03  4.64242e-06  4.56077e-06  4.46052e-06  4.33023e-06  4.13120e-06
4.95000e+03  4.60992e-06  4.52888e-06  4.42945e-06  4.30019e-06  4.10264e-06
4.97000e+03  4.57199e-06  4.49206e-06  4.39400e-06  4.26659e-06  4.07223e-06
4.99000e+03  4.54819e-06  4.46899e-06  4.37199e-06  4.24603e-06  4.05371e-06
5.01000e+03  4.50323e-06  4.42466e-06  4.32827e-06  4.20295e-06  4.01136e-06
5.03000e+03  4.48044e-06  4.40293e-06  4.30813e-06  4.18514e-06  3.99780e-06
5.05000e+03  4.43419e-06  4.35736e-06  4.26316e-06  4.14079e-06  3.95415e-06
5.07000e+03  4.40715e-06  4.33119e-06  4.23818e-06  4.11747e-06  3.93354e-06
5.09000e+03  4.38414e-06  4.30902e-06  4.21725e-06  4.09826e-06  3.91714e-06
5.11000e+03  4.34353e-06  4.26945e-06  4.17873e-06  4.06084e-06  3.88115e-06
5.13000e+03  4.29971e-06  4.22951e-06  4.14359e-06  4.03138e-06  3.85975e-06
5.15000e+03  4.28265e-06  4.20984e-06  4.12082e-06  4.00530e-06  3.82953e-06
5.17000e+03  4.26383e-06  4.19178e-06  4.10404e-06  3.99053e-06  3.81851e-06
5.19000e+03  4.22346e-06  4.15172e-06  4.06423e-06  3.95086e-06  3.77859e-06
5.21000e+03  4.19356e-06  4.12255e-06  4.03605e-06  3.92402e-06  3.75399e-06
5.23000e+03  4.16479e-06  4.09429e-06  4.00847e-06  3.89734e-06  3.72870e-06
5.25000e+03  4.13968e-06  4.07004e-06  3.98537e-06  3.87585e-06  3.71000e-06
5.27000e+03  4.11396e-06  4.04512e-06  3.96154e-06  3.85355e-06  3.69034e-06
5.29000e+03  4.07599e-06  4.00736e-06  3.92392e-06  3.81592e-06  3.65223e-06
5.31000e+03  4.05589e-06  3.98804e-06  3.90569e-06  3.79918e-06  3.63785e-06
5.33000e+03  4.02333e-06  3.95614e-06  3.87460e-06  3.76918e-06  3.60974e-06
5.35000e+03  4.00077e-06  3.93422e-06  3.85355e-06  3.74931e-06  3.59172e-06
5.37000e+03  3.97302e-06  3.90725e-06  3.82761e-06  3.72480e-06  3.56967e-06
5.39000e+03  3.94719e-06  3.88200e-06  3.80312e-06  3.70130e-06  3.54772e-06
5.41000e+03  3.92123e-06  3.85650e-06  3.77820e-06  3.67710e-06  3.52455e-06
5.43000e+03  3.88856e-06  3.82411e-06  3.74610e-06  3.64534e-06  3.49312e-06
5.45000e+03  3.86932e-06  3.80577e-06  3.72899e-06  3.62994e-06  3.48067e-06
5.47000e+03  3.84191e-06  3.77898e-06  3.70302e-06  3.60508e-06  3.45756e-06
5.49000e+03  3.81434e-06  3.75174e-06  3.67612e-06  3.57855e-06  3.43147e-06
5.51000e+03  3.79321e-06  3.73138e-06  3.65678e-06  3.56056e-06  3.41562e-06
5.53000e+03  3.77084e-06  3.70991e-06  3.63655e-06  3.54212e-06  3.40047e-06
5.55000e+03  3.73978e-06  3.67877e-06  3.60516e-06  3.51019e-06  3.36703e-06
5.57000e+03  3.72190e-06  3.66190e-06  3.58969e-06  3.49675e-06  3.35727e-06
5.59000e+03  3.69216e-06  3.63255e-06  3.56081e-06  3.46848e-06  3.32987e-06
5.61000e+03  3.66971e-06  3.61053e-06  3.53929e-06  3.44754e-06  3.30969e-06
5.63000e+03  3.64544e-06  3.58676e-06  3.51615e-06  3.42522e-06  3.28858e-06
5.65000e+03  3.62547e-06  3.56757e-06  3.49800e-06  3.40851e-06  3.27436e-06
5.67000e+03  3.60250e-06  3.54513e-06  3.47621e-06  3.38757e-06  3.25470e-06
5.69000e+03  3.57545e-06  3.51836e-06  3.44974e-06  3.36139e-06  3.22870e-06
5.71000e+03  3.55457e-06  3.49843e-06  3.43108e-06  3.34451e-06  3.21503e-06
5.73000e+03  3.53247e-06  3.47664e-06  3.40964e-06  3.32349e-06  3.19447e-06
5.75000e+03  3.50933e-06  3.45392e-06  3.38745e-06  3.30200e-06  3.17414e-06
5.77000e+03  3.48734e-06  3.43245e-06  3.36665e-06  3.28206e-06  3.15548e-06
5.79000e+03  3.46585e-06  3.41156e-06  3.34652e-06  3.26301e-06  3.13832e-06
5.81000e+03  3.44307e-06  3.38915e-06  3.32456e-06  3.24155e-06  3.11743e-06
5.83000e+03  3.42132e-06  3.36791e-06  3.30395e-06  3.22180e-06  3.09905e-06
5.85000e+03  3.40102e-06  3.34818e-06  3.28497e-06  3.20381e-06  3.08275e-06
5.87000e+03  3.37802e-06  3.32557e-06  3.26280e-06  3.18217e-06  3.06179e-06
5.89000e+03  3.35548e-06  3.30381e-06  3.24190e-06  3.16233e-06  3.04360e-06
5.91000e+03  3.32017e-06  3.27225e-06  3.21483e-06  3.14059e-06  3.03002e-06
5.93000e+03  3.31470e-06  3.26384e-06  3.20300e-06  3.12484e-06  3.00835e-06
5.95000e+03  3.29120e-06  3.24092e-06  3.18091e-06  3.10394e-06  2.98953e-06
5.97000e+03  3.27362e-06  3.22368e-06  3.16409e-06  3.08765e-06  2.97396e-06
5.99000e+03  3.25374e-06  3.20408e-06  3.14484e-06  3.06891e-06  2.95606e-06
6.01000e+03  3.23342e-06  3.18420e-06  3.12554e-06  3.05040e-06  2.93883e-06
6.03000e+03  3.21332e-06  3.16447e-06  3.10625e-06  3.03166e-06  2.92089e-06
6.05000e+03  3.19304e-06  3.14456e-06  3.08678e-06  3.01274e-06  2.90274e-06
6.07000e+03  3.17304e-06  3.12498e-06  3.06773e-06  2.99441e-06  2.88556e-06
6.09000e+03  3.15300e-06  3.10538e-06  3.04871e-06  2.97616e-06  2.86858e-06
6.11000e+03  3.13233e-06  3.08510e-06  3.02890e-06  2.95696e-06  2.85030e-06
6.13000e+03  3.11486e-06  3.06803e-06  3.01232e-06  2.94103e-06  2.83542e-06
6.15000e+03  3.09613e-06  3.04968e-06  2.99445e-06  2.92378e-06  2.81912e-06
6.17000e+03  3.07723e-06  3.03117e-06  2.97644e-06  2.90644e-06  2.80284e-06
6.19000e+03  3.05866e-06  3.01301e-06  2.95878e-06  2.88945e-06  2.78695e-06
6.21000e+03  3.03988e-06  2.99460e-06  2.94081e-06  2.87206e-06  2.77043e-06
6.23000e+03  3.01946e-06  2.97457e-06  2.92131e-06  2.85326e-06  2.75278e-06
6.25000e+03  3.00156e-06  2.95700e-06  2.90411e-06  2.83651e-06  2.73661e-06
6.27000e+03  2.98379e-06  2.93966e-06  2.88727e-06  2.82031e-06  2.72138e-06
6.29000e+03  2.96374e-06  2.92042e-06  2.86907e-06  2.80345e-06  2.70680e-06
6.31000e+03  2.94773e-06  2.90435e-06  2.85288e-06  2.78710e-06  2.69001e-06
6.33000e+03  2.93146e-06  2.88833e-06  2.83721e-06  2.77194e-06  2.67571e-06
6.35000e+03  2.91356e-06  2.87073e-06  2.81996e-06  2.75513e-06  2.65952e-06
6.37000e+03  2.89607e-06  2.85363e-06  2.80335e-06  2.73920e-06  2.64473e-06
6.39000e+03  2.87865e-06  2.83647e-06  2.78651e-06  2.72273e-06  2.62874e-06
6.42000e+03  2.85350e-06  2.81184e-06  2.76253e-06  2.69960e-06  2.60697e-06
6.46000e+03  2.81938e-06  2.77836e-06  2.72983e-06  2.66792e-06  2.57684e-06
6.50000e+03  2.78590e-06  2.74553e-06  2.69779e-06  2.63693e-06  2.54747e-06
6.54000e+03  2.75428e-06  2.71450e-06  2.66748e-06  2.60752e-06  2.51944e-06
6.58000e+03  2.72245e-06  2.68327e-06  2.63699e-06  2.57800e-06  2.49141e-06
6.62000e+03  2.69087e-06  2.65227e-06  2.60669e-06  2.54861e-06  2.46337e-06
6.66000e+03  2.66013e-06  2.62211e-06  2.57723e-06  2.52006e-06  2.43620e-06
6.70000e+03  2.62964e-06  2.59219e-06  2.54800e-06  2.49172e-06  2.40924e-06
6.74000e+03  2.59942e-06  2.56256e-06  2.51908e-06  2.46369e-06  2.38253e-06
6.78000e+03  2.56866e-06  2.53269e-06  2.49031e-06  2.43631e-06  2.35735e-06
6.82000e+03  2.54158e-06  2.50573e-06  2.46351e-06  2.40975e-06  2.33107e-06
6.86000e+03  2.51325e-06  2.47791e-06  2.43631e-06  2.38336e-06  2.30592e-06
6.90000e+03  2.48527e-06  2.45043e-06  2.40943e-06  2.35727e-06  2.28100e-06
6.94000e+03  2.45763e-06  2.42329e-06  2.38290e-06  2.33152e-06  2.25644e-06
6.98000e+03  2.43087e-06  2.39701e-06  2.35720e-06  2.30657e-06  2.23262e-06
7.02000e+03  2.40375e-06  2.37037e-06  2.33115e-06  2.28129e-06  2.20851e-06
7.06000e+03  2.37808e-06  2.34516e-06  2.30650e-06  2.25734e-06  2.18562e-06
7.10000e+03  2.35238e-06  2.31991e-06  2.28180e-06  2.23336e-06  2.16274e-06
7.14000e+03  2.32703e-06  2.29502e-06  2.25744e-06  2.20970e-06  2.14012e-06
7.18000e+03  2.30210e-06  2.27053e-06  2.23349e-06  2.18643e-06  2.11788e-06
7.22000e+03  2.27751e-06  2.24638e-06  2.20987e-06  2.16349e-06  2.09598e-06
7.26000e+03  2.25333e-06  2.22262e-06  2.18663e-06  2.14093e-06  2.07444e-06
7.30000e+03  2.22973e-06  2.19943e-06  2.16393e-06  2.11885e-06  2.05328e-06
7.34000e+03  2.20611e-06  2.17622e-06  2.14123e-06  2.09680e-06  2.03221e-06
7.38000e+03  2.18329e-06  2.15379e-06  2.11927e-06  2.07546e-06  2.01179e-06
7.42000e+03  2.16043e-06  2.13135e-06  2.09733e-06  2.05414e-06  1.99141e-06
7.46000e+03  2.13030e-06  2.10344e-06  2.07209e-06  2.03224e-06  1.97488e-06
7.50000e+03  2.10930e-06  2.08271e-06  2.05173e-06  2.01240e-06  1.95607e-06
7.54000e+03  2.09441e-06  2.06650e-06  2.03388e-06  1.99250e-06  1.93246e-06
7.58000e+03  2.07329e-06  2.04569e-06  2.01346e-06  1.97261e-06  1.91336e-06
7.62000e+03  2.05227e-06  2.02503e-06  1.99323e-06  1.95293e-06  1.89452e-06
7.66000e+03  2.03162e-06  2.00474e-06  1.97336e-06  1.93359e-06  1.87598e-06
7.70000e+03  2.01113e-06  1.98459e-06  1.95362e-06  1.91439e-06  1.85760e-06
7.74000e+03  1.99115e-06  1.96495e-06  1.93439e-06  1.89568e-06  1.83967e-06
7.78000e+03  1.97127e-06  1.94543e-06  1.91531e-06  1.87718e-06  1.82205e-06
7.82000e+03  1.95189e-06  1.92635e-06  1.89659e-06  1.85890e-06  1.80441e-06
7.86000e+03  1.93269e-06  1.90748e-06  1.87810e-06  1.84090e-06  1.78714e-06
7.90000e+03  1.91377e-06  1.88886e-06  1.85987e-06  1.82316e-06  1.77013e-06
7.94000e+03  1.89511e-06  1.87052e-06  1.84190e-06  1.80568e-06  1.75337e-06
7.98000e+03  1.87674e-06  1.85245e-06  1.82420e-06  1.78845e-06  1.73686e-06
8.02000e+03  1.85856e-06  1.83458e-06  1.80668e-06  1.77140e-06  1.72052e-06
8.06000e+03  1.84063e-06  1.81694e-06  1.78941e-06  1.75460e-06  1.70441e-06
8.10000e+03  1.82317e-06  1.79978e-06  1.77259e-06  1.73822e-06  1.68870e-06
8.14000e+03  1.80542e-06  1.78236e-06  1.75558e-06  1.72176e-06  1.67312e-06
8.18000e+03  1.78856e-06  1.76576e-06  1.73929e-06  1.70584e-06  1.65771e-06
8.22000e+03  1.77187e-06  1.74932e-06  1.72314e-06  1.69009e-06  1.64254e-06
8.26000e+03  1.75522e-06  1.73294e-06  1.70710e-06  1.67446e-06  1.62755e-06
8.30000e+03  1.73883e-06  1.71682e-06  1.69129e-06  1.65907e-06  1.61277e-06
8.34000e+03  1.72251e-06  1.70077e-06  1.67557e-06  1.64376e-06  1.59809e-06
8.38000e+03  1.70664e-06  1.68515e-06  1.66026e-06  1.62884e-06  1.58375e-06
8.42000e+03  1.69098e-06  1.66975e-06  1.64515e-06  1.61413e-06  1.56962e-06
8.46000e+03  1.67546e-06  1.65448e-06  1.63019e-06  1.59955e-06  1.55562e-06
8.50000e+03  1.66016e-06  1.63942e-06  1.61542e-06  1.58517e-06  1.54180e-06
8.54000e+03  1.64506e-06  1.62457e-06  1.60086e-06  1.57099e-06  1.52818e-06
8.58000e+03  1.63016e-06  1.60991e-06  1.58649e-06  1.55698e-06  1.51473e-06
8.62000e+03  1.61544e-06  1.59543e-06  1.57230e-06  1.54316e-06  1.50146e-06
8.66000e+03  1.60069e-06  1.58100e-06  1.55826e-06  1.52964e-06  1.48881e-06
8.70000e+03  1.58667e-06  1.56712e-06  1.54455e-06  1.51612e-06  1.47548e-06
8.74000e+03  1.57179e-06  1.55270e-06  1.53071e-06  1.50304e-06  1.46370e-06
8.78000e+03  1.55784e-06  1.53898e-06  1.51726e-06  1.48993e-06  1.45114e-06
8.82000e+03  1.54480e-06  1.52591e-06  1.50412e-06  1.47670e-06  1.43759e-06
8.86000e+03  1.53112e-06  1.51245e-06  1.49093e-06  1.46385e-06  1.42525e-06
8.90000e+03  1.51776e-06  1.49929e-06  1.47802e-06  1.45126e-06  1.41313e-06
8.94000e+03  1.50466e-06  1.48640e-06  1.46537e-06  1.43893e-06  1.40126e-06
8.98000e+03  1.49148e-06  1.47343e-06  1.45265e-06  1.42653e-06  1.38935e-06
9.02000e+03  1.47873e-06  1.46088e-06  1.44033e-06  1.41451e-06  1.37778e-06
9.06000e+03  1.46609e-06  1.44844e-06  1.42813e-06  1.40261e-06  1.36633e-06
9.10000e+03  1.45339e-06  1.43593e-06  1.41586e-06  1.39064e-06  1.35482e-06
9.14000e+03  1.44090e-06  1.42364e-06  1.40379e-06  1.37887e-06  1.34349e-06
9.18000e+03  1.42882e-06  1.41174e-06  1.39212e-06  1.36749e-06  1.33254e-06
9.22000e+03  1.41676e-06  1.39987e-06  1.38047e-06  1.35612e-06  1.32159e-06
9.26000e+03  1.40479e-06  1.38808e-06  1.36890e-06  1.34484e-06  1.31074e-06
9.30000e+03  1.39313e-06  1.37661e-06  1.35765e-06  1.33387e-06  1.30018e-06
9.34000e+03  1.38133e-06  1.36498e-06  1.34623e-06  1.32272e-06  1.28941e-06
9.38000e+03  1.36947e-06  1.35341e-06  1.33503e-06  1.31203e-06  1.27963e-06
9.42000e+03  1.35863e-06  1.34266e-06  1.32435e-06  1.30142e-06  1.26898e-06
9.46000e+03  1.34719e-06  1.33136e-06  1.31321e-06  1.29049e-06  1.25836e-06
9.50000e+03  1.33638e-06  1.32073e-06  1.30280e-06  1.28036e-06  1.24865e-06
9.54000e+03  1.32541e-06  1.30993e-06  1.29221e-06  1.27003e-06  1.23871e-06
9.58000e+03  1.31432e-06  1.29898e-06  1.28143e-06  1.25947e-06  1.22844e-06
9.62000e+03  1.30392e-06  1.28876e-06  1.27143e-06  1.24974e-06  1.21915e-06
9.66000e+03  1.29298e-06  1.27795e-06  1.26078e-06  1.23929e-06  1.20898e-06
9.70000e+03  1.28296e-06  1.26811e-06  1.25114e-06  1.22992e-06  1.20004e-06
9.74000e+03  1.27248e-06  1.25779e-06  1.24101e-06  1.22004e-06  1.19052e-06
9.78000e+03  1.26195e-06  1.24738e-06  1.23076e-06  1.20997e-06  1.18072e-06
9.82000e+03  1.25245e-06  1.23806e-06  1.22164e-06  1.20113e-06  1.17229e-06
9.86000e+03  1.24250e-06  1.22826e-06  1.21202e-06  1.19174e-06  1.16326e-06
9.90000e+03  1.23249e-06  1.21839e-06  1.20230e-06  1.18221e-06  1.15400e-06
9.94000e+03  1.22264e-06  1.20867e-06  1.19276e-06  1.17288e-06  1.14499e-06
9.98000e+03  1.21347e-06  1.19966e-06  1.18393e-06  1.16430e-06  1.13678e-06
1.00200e+04  1.20399e-06  1.19033e-06  1.17476e-06  1.15535e-06  1.12814e-06
2.00000e+04  3.06665e-07  3.04557e-07  3.02454e-07  3.00081e-07  2.97347e-07
4.00000e+04  7.69479e-08  7.66997e-08  7.65458e-08  7.64511e-08  7.65208e-08
6.00000e+04  3.42018e-08  3.41412e-08  3.41361e-08  3.41776e-08  3.43228e-08
8.00000e+04  1.92140e-08  1.91953e-08  1.92101e-08  1.92559e-08  1.93646e-08
1.00000e+05  1.22740e-08  1.22681e-08  1.22841e-08  1.23210e-08  1.23976e-08
1.20000e+05  8.50602e-09  8.50445e-09  8.51828e-09  8.54670e-09  8.60111e-09
1.40000e+05  6.23620e-09  6.23619e-09  6.24748e-09  6.26920e-09  6.30889e-09
1.60000e+05  4.76481e-09  4.76524e-09  4.77434e-09  4.79110e-09  4.82084e-09
