9.09000e+00  1.00000e-38  1.00000e-38  1.00000e-38  1.00000e-38  1.00000e-38
9.35000e+00  1.00000e-38  1.00000e-38  1.00000e-38  1.00000e-38  1.00000e-38
9.61000e+00  1.00000e-38  1.00000e-38  1.00000e-38  1.00000e-38  1.00000e-38
9.77000e+00  1.00000e-38  1.00000e-38  1.00000e-38  1.00000e-38  1.00000e-38
9.96000e+00  1.00000e-38  1.00000e-38  1.00000e-38  1.00000e-38  1.00000e-38
1.02000e+01  1.00000e-38  1.00000e-38  1.00000e-38  1.00000e-38  1.00000e-38
1.03800e+01  1.00000e-38  1.00000e-38  1.00000e-38  1.00000e-38  1.00000e-38
1.05600e+01  1.00000e-38  1.00000e-38  1.00000e-38  1.00000e-38  1.00000e-38
1.07700e+01  1.00000e-38  1.00000e-38  1.00000e-38  1.00000e-38  1.00000e-38
1.10400e+01  1.00000e-38  1.00000e-38  1.00000e-38  1.00000e-38  1.00000e-38
1.14000e+01  1.00000e-38  1.00000e-38  1.00000e-38  1.00000e-38  1.00000e-38
1.17800e+01  1.00000e-38  1.00000e-38  1.00000e-38  1.00000e-38  1.00000e-38
1.21300e+01  1.00000e-38  1.00000e-38  1.00000e-38  1.00000e-38  1.00000e-38
1.24800e+01  1.00000e-38  1.00000e-38  1.00000e-38  1.00000e-38  1.00000e-38
1.27100e+01  1.00000e-38  1.00000e-38  1.00000e-38  1.00000e-38  1.00000e-38
1.28400e+01  1.00000e-38  1.00000e-38  1.00000e-38  1.00000e-38  1.00000e-38
1.30500e+01  1.00000e-38  1.00000e-38  1.00000e-38  1.00000e-38  1.00000e-38
1.32400e+01  1.00000e-38  1.00000e-38  1.00000e-38  1.00000e-38  1.00000e-38
1.33900e+01  1.00000e-38  1.00000e-38  1.00000e-38  1.00000e-38  1.00000e-38
1.36600e+01  1.00000e-38  1.00000e-38  1.00000e-38  1.00000e-38  1.00000e-38
1.39800e+01  1.00000e-38  1.00000e-38  1.00000e-38  1.00000e-38  1.00000e-38
1.43300e+01  1.00000e-38  1.00000e-38  1.00000e-38  1.00000e-38  1.00000e-38
1.47200e+01  1.00000e-38  1.00000e-38  1.00000e-38  1.00000e-38  1.00000e-38
1.51000e+01  1.00000e-38  1.00000e-38  1.00000e-38  1.00000e-38  1.00000e-38
1.55200e+01  1.00000e-38  1.00000e-38  1.00000e-38  1.00000e-38  1.00000e-38
1.58800e+01  1.00000e-38  1.00000e-38  1.00000e-38  1.00000e-38  1.00000e-38
1.62000e+01  1.00000e-38  1.00000e-38  1.00000e-38  1.00000e-38  1.00000e-38
1.66000e+01  1.00000e-38  1.00000e-38  1.00000e-38  1.00000e-38  1.00000e-38
1.70300e+01  1.00000e-38  1.00000e-38  1.00000e-38  1.00000e-38  1.00000e-38
1.73400e+01  1.00000e-38  1.00000e-38  1.00000e-38  1.00000e-38  1.00000e-38
1.76800e+01  1.00000e-38  1.00000e-38  1.00000e-38  1.00000e-38  1.00000e-38
1.80200e+01  1.00000e-38  1.00000e-38  1.00000e-38  1.00000e-38  1.00000e-38
1.81700e+01  1.00000e-38  1.00000e-38  1.00000e-38  1.00000e-38  1.00000e-38
1.86100e+01  1.00000e-38  1.00000e-38  1.00000e-38  1.00000e-38  1.00000e-38
1.91000e+01  1.00000e-38  1.00000e-38  1.00000e-38  1.00000e-38  1.00000e-38
1.93900e+01  1.00000e-38  1.00000e-38  1.00000e-38  1.00000e-38  1.00000e-38
1.98400e+01  1.00000e-38  1.00000e-38  1.00000e-38  1.00000e-38  1.00000e-38
2.01800e+01  1.00000e-38  1.00000e-38  1.00000e-38  1.00000e-38  1.00000e-38
2.05000e+01  1.00000e-38  1.00000e-38  1.00000e-38  1.00000e-38  1.00000e-38
2.10500e+01  1.00000e-38  1.00000e-38  1.00000e-38  1.00000e-38  1.00000e-38
2.16200e+01  1.00000e-38  1.00000e-38  1.00000e-38  1.00000e-38  1.00000e-38
2.19800e+01  1.00000e-38  1.00000e-38  1.00000e-38  1.00000e-38  1.00000e-38
2.23000e+01  1.00000e-38  1.00000e-38  1.00000e-38  1.00000e-38  1.00000e-38
2.26800e+01  1.00000e-38  1.00000e-38  1.00000e-38  1.00000e-38  1.00000e-38
2.30000e+01  1.00000e-38  1.00000e-38  1.00000e-38  1.00000e-38  1.00000e-38
2.34000e+01  1.00000e-38  1.00000e-38  1.00000e-38  1.00000e-38  1.00000e-38
2.40000e+01  1.00000e-38  1.00000e-38  1.00000e-38  1.00000e-38  1.00000e-38
2.46500e+01  1.00000e-38  1.00000e-38  1.00000e-38  1.00000e-38  1.00000e-38
2.52400e+01  1.00000e-38  1.00000e-38  1.00000e-38  1.00000e-38  1.00000e-38
2.56800e+01  1.00000e-38  1.00000e-38  1.00000e-38  1.00000e-38  1.00000e-38
2.60000e+01  1.00000e-38  1.00000e-38  1.00000e-38  1.00000e-38  1.00000e-38
2.64000e+01  1.00000e-38  1.00000e-38  1.00000e-38  1.00000e-38  1.00000e-38
2.68500e+01  1.00001e-38  1.00000e-38  1.00000e-38  1.00001e-38  1.00001e-38
2.73500e+01  1.00009e-38  1.00005e-38  1.00005e-38  1.00008e-38  1.00006e-38
2.78500e+01  1.00048e-38  1.00027e-38  1.00031e-38  1.00042e-38  1.00035e-38
2.84000e+01  1.00251e-38  1.00145e-38  1.00167e-38  1.00224e-38  1.00188e-38
2.90000e+01  1.01376e-38  1.00798e-38  1.00921e-38  1.01228e-38  1.01034e-38
2.96000e+01  1.06995e-38  1.04057e-38  1.04689e-38  1.06238e-38  1.05252e-38
3.01000e+01  1.25770e-38  1.14943e-38  1.17289e-38  1.22974e-38  1.19324e-38
3.08000e+01  2.48761e-38  1.86330e-38  1.99975e-38  2.32548e-38  2.11419e-38
3.18000e+01  1.68917e-37  1.02321e-37  1.16987e-37  1.51395e-37  1.28708e-37
3.28000e+01  1.47652e-36  8.63956e-37  9.99125e-37  1.31304e-36  1.10332e-36
3.38000e+01  1.18495e-35  6.92422e-36  8.00968e-36  1.05211e-35  8.81221e-36
3.48000e+01  8.46415e-35  4.96193e-35  5.73232e-35  7.50564e-35  6.28291e-35
3.57000e+01  4.51474e-34  2.65748e-34  3.06372e-34  4.00148e-34  3.34461e-34
3.66000e+01  2.21505e-33  1.30968e-33  1.50655e-33  1.96276e-33  1.63996e-33
3.75000e+01  1.00556e-32  5.97302e-33  6.85443e-33  8.90722e-33  7.43746e-33
3.85000e+01  4.96260e-32  2.96594e-32  3.39186e-32  4.39727e-32  3.66900e-32
3.95000e+01  2.25553e-31  1.35612e-31  1.54630e-31  1.99897e-31  1.66732e-31
4.05000e+01  9.50003e-31  5.74964e-31  6.53054e-31  8.42194e-31  7.02382e-31
4.14000e+01  3.26134e-30  1.98535e-30  2.24802e-30  2.89336e-30  2.41215e-30
4.22000e+01  9.33239e-30  5.71158e-30  6.44735e-30  8.28451e-30  6.90731e-30
4.30000e+01  2.56576e-29  1.57892e-29  1.77691e-29  2.27953e-29  1.90049e-29
4.41000e+01  9.69486e-29  6.01076e-29  6.73695e-29  8.62348e-29  7.19198e-29
4.51000e+01  3.06524e-28  1.91332e-28  2.13639e-28  2.72948e-28  2.27688e-28
4.60000e+01  8.26697e-28  5.19143e-28  5.77750e-28  7.36919e-28  6.15011e-28
4.70000e+01  2.37815e-27  1.50353e-27  1.66730e-27  2.12308e-27  1.77258e-27
4.80000e+01  6.53989e-27  4.16273e-27  4.59900e-27  5.84578e-27  4.88474e-27
4.90000e+01  1.72403e-26  1.10435e-26  1.21592e-26  1.54327e-26  1.29032e-26
5.00000e+01  4.36711e-26  2.81534e-26  3.08978e-26  3.91502e-26  3.27630e-26
5.06000e+01  7.49099e-26  4.90417e-26  5.39966e-26  6.77500e-26  5.74241e-26
5.12000e+01  1.26848e-25  8.36468e-26  9.22508e-26  1.15130e-25  9.81195e-26
5.20000e+01  2.51047e-25  1.66083e-25  1.82790e-25  2.27896e-25  1.94166e-25
5.30000e+01  5.72064e-25  3.80068e-25  4.17305e-25  5.19602e-25  4.42766e-25
5.40000e+01  1.26325e-24  8.42643e-25  9.22438e-25  1.14756e-24  9.77534e-25
5.50000e+01  2.70836e-24  1.81435e-24  1.98153e-24  2.46233e-24  2.09782e-24
5.60000e+01  5.64550e-24  3.79847e-24  4.13711e-24  5.13547e-24  4.37626e-24
5.70000e+01  1.14595e-23  7.74295e-24  8.41263e-24  1.04332e-23  8.89022e-24
5.80000e+01  2.26835e-23  1.53897e-23  1.66695e-23  2.06629e-23  1.76102e-23
5.90000e+01  4.38382e-23  2.98711e-23  3.22907e-23  3.99748e-23  3.40901e-23
6.00000e+01  8.28345e-23  5.66733e-23  6.11229e-23  7.55942e-23  6.44858e-23
6.10000e+01  1.53161e-22  1.05229e-22  1.13244e-22  1.39897e-22  1.19428e-22
6.20000e+01  2.77493e-22  1.91366e-22  2.05526e-22  2.53681e-22  2.16683e-22
6.30000e+01  4.92984e-22  3.41400e-22  3.65822e-22  4.51131e-22  3.85586e-22
6.40000e+01  8.59764e-22  5.97607e-22  6.39227e-22  7.87431e-22  6.73508e-22
6.50000e+01  1.47304e-21  1.02788e-21  1.09743e-21  1.35038e-21  1.15594e-21
6.58000e+01  2.23873e-21  1.56672e-21  1.67044e-21  2.05362e-21  1.75919e-21
6.65000e+01  3.20147e-21  2.24611e-21  2.39194e-21  2.93870e-21  2.51844e-21
6.75000e+01  5.26602e-21  3.70765e-21  3.94242e-21  4.83805e-21  4.15019e-21
6.85000e+01  8.53224e-21  6.02800e-21  6.40032e-21  7.84639e-21  6.73672e-21
6.95000e+01  1.36274e-20  9.66051e-21  1.02422e-20  1.25429e-20  1.07783e-20
7.05000e+01  2.14679e-20  1.52688e-20  1.61667e-20  1.97759e-20  1.70094e-20
7.16000e+01  3.48592e-20  2.48806e-20  2.63102e-20  3.21426e-20  2.76770e-20
7.26000e+01  5.34527e-20  3.82681e-20  4.04254e-20  4.93236e-20  4.25146e-20
7.35000e+01  7.77308e-20  5.57997e-20  5.88873e-20  7.17810e-20  6.19206e-20
7.45000e+01  1.16538e-19  8.39111e-20  8.84669e-20  1.07716e-19  9.30129e-20
7.55000e+01  1.72835e-19  1.24782e-19  1.31440e-19  1.59853e-19  1.38160e-19
7.65000e+01  2.53562e-19  1.83606e-19  1.93227e-19  2.34675e-19  2.03052e-19
7.75000e+01  3.68278e-19  2.67353e-19  2.81137e-19  3.41074e-19  2.95436e-19
7.85000e+01  5.29614e-19  3.85514e-19  4.05098e-19  4.90903e-19  4.25552e-19
7.95000e+01  7.54556e-19  5.50592e-19  5.78102e-19  6.99755e-19  6.07209e-19
8.05000e+01  1.06532e-18  7.79355e-19  8.17774e-19  9.88617e-19  8.58772e-19
8.15000e+01  1.49120e-18  1.09348e-18  1.14668e-18  1.38461e-18  1.20391e-18
8.25000e+01  2.06983e-18  1.52159e-18  1.59461e-18  1.92309e-18  1.67371e-18
8.35000e+01  2.85028e-18  2.09981e-18  2.19977e-18  2.64970e-18  2.30848e-18
8.45000e+01  3.89484e-18  2.87585e-18  3.01074e-18  3.62265e-18  3.15903e-18
8.55000e+01  5.28282e-18  3.90950e-18  4.09103e-18  4.91652e-18  4.29126e-18
8.65000e+01  7.11587e-18  5.27658e-18  5.51874e-18  6.62462e-18  5.78737e-18
8.75000e+01  9.51864e-18  7.07330e-18  7.39397e-18  8.86545e-18  7.75220e-18
8.85000e+01  1.26500e-17  9.41920e-18  9.84185e-18  1.17861e-17  1.03157e-17
8.95000e+01  1.67064e-17  1.24647e-17  1.30160e-17  1.55704e-17  1.36405e-17
9.05000e+01  2.19285e-17  1.63922e-17  1.71097e-17  2.04454e-17  1.79251e-17
9.15000e+01  5.98858e-17  2.88206e-17  3.05707e-17  3.68629e-17  4.23968e-17
9.25000e+01  1.16239e-16  3.76677e-17  3.67670e-17  4.18661e-17  5.15518e-17
9.35000e+01  1.44959e-16  4.70629e-17  4.50788e-17  5.05121e-17  6.11251e-17
9.45000e+01  1.90318e-16  6.02395e-17  5.70319e-17  6.32489e-17  7.57197e-17
9.55000e+01  2.42684e-16  7.54151e-17  7.05226e-17  7.69590e-17  9.16847e-17
9.65000e+01  3.13976e-16  9.76859e-17  9.10687e-17  9.91149e-17  1.17868e-16
9.75000e+01  3.99030e-16  1.28345e-16  1.20184e-16  1.30369e-16  1.54870e-16
9.85000e+01  5.04472e-16  1.59972e-16  1.47466e-16  1.57722e-16  1.85491e-16
9.95000e+01  6.52389e-16  2.11866e-16  1.96167e-16  2.10250e-16  2.47293e-16
1.00500e+02  8.29187e-16  2.64402e-16  2.42039e-16  2.56408e-16  3.00548e-16
1.01500e+02  1.03895e-15  3.32480e-16  3.02341e-16  3.17901e-16  3.68651e-16
1.02500e+02  1.30117e-15  4.33604e-16  3.99820e-16  4.22077e-16  4.86062e-16
1.03500e+02  1.66302e-15  5.42542e-16  4.96191e-16  5.21749e-16  6.01765e-16
1.04500e+02  2.10827e-15  6.84337e-16  6.21801e-16  6.47313e-16  7.32387e-16
1.05500e+02  2.54664e-15  8.51964e-16  7.71127e-16  8.04732e-16  9.01641e-16
1.06500e+02  3.21505e-15  1.08310e-15  9.83854e-16  1.02574e-15  1.14060e-15
1.07500e+02  3.91536e-15  1.32557e-15  1.19794e-15  1.23602e-15  1.36814e-15
1.08500e+02  4.82599e-15  1.65162e-15  1.48830e-15  1.53133e-15  1.69216e-15
1.09500e+02  5.75792e-15  2.02566e-15  1.82032e-15  1.86587e-15  2.05172e-15
1.10500e+02  1.08710e-14  3.34880e-15  2.22634e-15  1.85064e-15  1.90096e-15
1.11500e+02  2.76488e-14  7.80652e-15  3.45027e-15  1.79610e-15  1.32533e-15
1.12500e+02  3.84398e-14  1.09558e-14  4.66848e-15  2.28839e-15  1.52423e-15
1.13500e+02  5.12538e-14  1.46148e-14  6.01253e-15  2.73789e-15  1.60159e-15
1.14500e+02  6.32005e-14  1.80131e-14  7.35814e-15  3.24823e-15  1.81443e-15
1.15500e+02  7.06424e-14  2.02628e-14  8.67711e-15  4.12695e-15  2.62108e-15
1.16500e+02  9.17863e-14  2.60520e-14  1.05426e-14  4.50843e-15  2.40902e-15
1.17500e+02  1.10461e-13  3.12203e-14  1.25777e-14  5.24428e-15  2.59500e-15
1.18500e+02  1.21642e-13  3.45973e-14  1.44552e-14  6.53729e-15  3.63303e-15
1.19500e+02  9.65077e-14  2.89784e-14  1.49440e-14  9.28774e-15  7.62232e-15
1.20500e+02  1.16346e-13  3.35728e-14  1.61710e-14  8.85156e-15  6.38984e-15
1.21500e+02  5.07416e-14  2.03057e-14  1.64917e-14  1.58200e-14  1.72404e-14
1.22500e+02  1.46078e-13  4.26317e-14  2.13596e-14  1.24244e-14  9.46643e-15
1.23500e+02  2.39861e-13  6.81117e-14  2.93186e-14  1.35837e-14  7.66729e-15
1.24500e+02  3.68301e-13  9.77291e-14  3.65497e-14  1.48795e-14  6.92179e-15
1.25500e+02  5.09678e-13  1.26302e-13  4.27934e-14  1.63077e-14  6.81517e-15
1.26500e+02  5.08280e-13  1.30655e-13  4.92851e-14  2.27861e-14  1.35043e-14
1.27500e+02  6.46848e-13  1.61683e-13  5.79574e-14  2.52146e-14  1.35736e-14
1.28500e+02  7.59670e-13  1.83028e-13  6.21979e-14  2.49777e-14  1.17571e-14
1.29500e+02  8.94555e-13  2.14135e-13  7.15414e-14  2.74919e-14  1.15690e-14
1.30500e+02  8.93891e-13  2.18811e-13  7.87115e-14  3.42510e-14  1.82398e-14
1.31500e+02  1.12627e-12  2.69245e-13  9.33350e-14  3.84494e-14  1.87452e-14
1.32500e+02  1.21264e-12  2.83260e-13  9.76811e-14  4.08995e-14  2.02039e-14
1.33500e+02  1.34083e-12  3.12213e-13  1.08389e-13  4.57245e-14  2.30470e-14
1.34500e+02  1.52160e-12  3.52547e-13  1.22063e-13  5.08347e-14  2.46693e-14
1.35500e+02  1.73927e-12  4.10441e-13  1.47708e-13  6.51121e-14  3.45745e-14
1.36500e+02  1.85522e-12  4.33879e-13  1.55565e-13  6.80343e-14  3.54893e-14
1.37500e+02  2.01557e-12  4.74006e-13  1.72817e-13  7.70654e-14  4.10548e-14
1.38500e+02  2.16828e-12  5.13976e-13  1.89658e-13  8.57345e-14  4.58970e-14
1.39500e+02  2.38188e-12  5.65671e-13  2.10914e-13  9.61247e-14  5.23974e-14
1.40500e+02  2.85245e-12  6.87633e-13  2.60193e-13  1.20322e-13  6.60364e-14
1.41500e+02  3.12843e-12  7.67890e-13  2.96801e-13  1.40268e-13  7.87703e-14
1.42500e+02  3.49848e-12  8.69859e-13  3.40290e-13  1.62209e-13  9.14257e-14
1.43500e+02  3.96637e-12  1.00420e-12  4.00732e-13  1.94825e-13  1.12342e-13
1.44200e+02  4.79152e-12  1.23125e-12  4.87766e-13  2.30265e-13  1.25426e-13
1.44700e+02  4.47377e-12  1.14028e-12  4.56088e-13  2.20491e-13  1.24959e-13
1.45500e+02  5.13723e-12  1.31615e-12  5.28039e-13  2.54834e-13  1.43193e-13
1.46500e+02  5.94629e-12  1.56511e-12  6.43052e-13  3.16614e-13  1.82240e-13
1.47500e+02  5.88400e-12  1.53166e-12  6.36906e-13  3.21182e-13  1.90875e-13
1.48500e+02  6.85285e-12  1.81772e-12  7.61971e-13  3.84562e-13  2.26646e-13
1.49500e+02  8.69132e-12  2.33646e-12  9.76480e-13  4.83511e-13  2.75308e-13
1.50500e+02  1.02124e-11  2.78856e-12  1.17486e-12  5.80751e-13  3.26178e-13
1.51200e+02  8.49919e-12  2.28251e-12  9.72846e-13  4.99241e-13  2.99231e-13
1.51700e+02  1.11820e-11  3.11511e-12  1.32262e-12  6.54768e-13  3.66286e-13
1.52500e+02  1.83703e-11  5.80960e-12  2.47629e-12  1.13299e-12  5.24018e-13
1.53500e+02  6.24353e-11  3.00566e-11  1.58624e-11  7.72094e-12  2.57948e-12
1.54500e+02  6.77881e-11  3.21719e-11  1.71088e-11  8.51571e-12  2.89045e-12
1.55500e+02  9.78285e-11  5.02556e-11  2.80619e-11  1.44276e-11  4.98620e-12
1.56500e+02  9.44923e-11  4.85559e-11  2.71828e-11  1.40388e-11  4.94819e-12
1.57500e+02  1.52844e-10  8.35468e-11  4.92541e-11  2.69445e-11  1.02610e-11
1.58500e+02  1.83062e-10  1.01383e-10  6.02192e-11  3.30949e-11  1.25728e-11
1.59500e+02  2.07454e-10  1.15196e-10  6.84725e-11  3.76057e-11  1.41863e-11
1.60500e+02  2.27876e-10  1.27950e-10  7.63418e-11  4.18874e-11  1.57214e-11
1.61500e+02  2.47736e-10  1.39299e-10  8.30013e-11  4.53257e-11  1.68219e-11
1.62500e+02  2.67130e-10  1.53520e-10  9.29482e-11  5.14563e-11  1.93545e-11
1.63500e+02  3.19720e-10  1.81718e-10  1.09902e-10  6.13946e-11  2.38033e-11
1.64500e+02  4.20583e-10  2.44832e-10  1.51151e-10  8.61734e-11  3.41862e-11
1.65500e+02  2.91226e-10  1.67444e-10  1.02897e-10  5.83326e-11  2.34394e-11
1.66500e+02  4.79365e-10  2.82755e-10  1.76991e-10  1.02321e-10  4.13226e-11
1.67200e+02  3.46705e-10  2.02854e-10  1.25850e-10  7.16925e-11  2.87603e-11
1.67700e+02  5.04996e-10  2.99130e-10  1.89073e-10  1.10981e-10  4.63907e-11
1.68500e+02  7.95149e-10  4.83540e-10  3.11546e-10  1.88099e-10  8.38349e-11
1.69500e+02  1.23523e-09  7.69925e-10  5.01607e-10  3.06408e-10  1.45479e-10
1.70500e+02  1.78817e-09  1.05215e-09  6.56064e-10  3.85229e-10  1.79264e-10
1.71500e+02  2.38098e-09  1.25210e-09  7.25690e-10  4.01448e-10  1.81942e-10
1.72500e+02  2.89153e-09  1.53729e-09  9.02842e-10  5.08265e-10  2.36282e-10
1.73500e+02  3.60614e-09  1.87373e-09  1.08220e-09  5.96398e-10  2.75695e-10
1.74500e+02  4.11573e-09  2.26257e-09  1.35502e-09  7.67762e-10  3.63424e-10
1.75500e+02  5.59758e-09  3.04095e-09  1.79492e-09  9.91606e-10  4.63703e-10
1.76500e+02  4.37474e-09  2.52824e-09  1.56951e-09  9.21274e-10  4.50652e-10
1.77500e+02  5.45247e-09  2.99994e-09  1.79753e-09  1.01833e-09  4.79926e-10
1.78500e+02  6.70334e-09  3.82382e-09  2.33721e-09  1.33521e-09  6.47032e-10
1.79500e+02  8.52740e-09  4.66387e-09  2.74922e-09  1.50251e-09  7.01460e-10
1.80500e+02  7.85596e-09  4.57523e-09  2.84763e-09  1.65537e-09  8.17514e-10
1.81500e+02  7.98526e-09  4.51972e-09  2.77530e-09  1.61653e-09  7.87002e-10
1.82500e+02  8.62326e-09  5.10823e-09  3.23496e-09  1.92715e-09  9.72811e-10
1.83500e+02  9.31319e-09  5.56703e-09  3.52380e-09  2.09321e-09  1.04115e-09
1.84500e+02  7.39250e-09  4.43319e-09  2.84288e-09  1.72870e-09  8.74567e-10
1.85500e+02  1.01099e-08  6.02835e-09  3.81534e-09  2.26432e-09  1.12932e-09
1.86500e+02  1.26306e-08  7.39707e-09  4.61477e-09  2.69186e-09  1.34993e-09
1.87500e+02  1.30021e-08  7.79249e-09  4.93599e-09  2.91573e-09  1.46952e-09
1.88500e+02  1.40161e-08  8.40027e-09  5.32942e-09  3.15738e-09  1.60420e-09
1.89500e+02  1.67647e-08  1.01898e-08  6.52740e-09  3.89682e-09  2.00471e-09
1.90500e+02  1.61327e-08  9.87193e-09  6.37008e-09  3.84258e-09  1.98568e-09
1.91500e+02  1.79814e-08  1.10684e-08  7.17519e-09  4.35563e-09  2.27679e-09
1.92500e+02  1.70231e-08  1.07486e-08  7.13991e-09  4.46877e-09  2.36480e-09
1.93500e+02  1.07022e-08  7.22314e-09  5.04663e-09  3.31439e-09  1.75297e-09
1.94500e+02  2.18722e-08  1.37243e-08  9.03443e-09  5.57370e-09  2.94668e-09
1.95500e+02  2.35646e-08  1.47503e-08  9.70724e-09  6.00245e-09  3.21116e-09
1.96700e+02  2.84655e-08  1.79454e-08  1.18471e-08  7.31817e-09  3.91592e-09
1.97600e+02  2.79299e-08  1.76932e-08  1.17857e-08  7.38820e-09  4.00874e-09
1.98400e+02  2.80793e-08  1.80640e-08  1.21853e-08  7.73421e-09  4.25084e-09
1.99500e+02  3.00316e-08  1.93192e-08  1.29938e-08  8.19342e-09  4.46125e-09
2.00500e+02  2.96646e-08  1.93572e-08  1.31507e-08  8.36781e-09  4.59379e-09
2.01500e+02  3.19246e-08  2.11115e-08  1.44539e-08  9.24945e-09  5.10343e-09
2.02500e+02  2.80925e-08  1.84589e-08  1.26277e-08  8.11396e-09  4.46013e-09
2.03500e+02  3.70207e-08  2.42730e-08  1.65120e-08  1.05132e-08  5.80076e-09
2.04500e+02  4.15638e-08  2.72820e-08  1.85538e-08  1.17973e-08  6.49664e-09
2.05500e+02  4.17050e-08  2.77480e-08  1.91204e-08  1.23512e-08  6.90263e-09
2.06500e+02  4.14904e-08  2.77882e-08  1.92506e-08  1.25016e-08  6.99430e-09
2.07400e+02  4.46138e-08  2.95103e-08  2.03371e-08  1.32364e-08  7.37823e-09
2.07800e+02  5.34361e-08  3.52286e-08  2.40406e-08  1.53362e-08  8.50715e-09
2.08500e+02  5.31056e-08  3.54636e-08  2.45244e-08  1.58594e-08  8.92881e-09
2.09500e+02  6.18981e-08  4.30022e-08  3.04182e-08  1.97577e-08  1.10791e-08
2.10500e+02  8.63236e-08  9.37350e-08  4.36120e-08  2.73030e-08  1.41365e-08
2.11500e+02  1.09462e-07  7.89368e-08  5.58880e-08  3.41713e-08  1.68750e-08
2.12500e+02  1.01311e-07  7.25309e-08  5.12095e-08  3.13169e-08  1.56128e-08
2.13500e+02  1.01904e-07  7.44452e-08  5.34485e-08  3.34145e-08  1.71025e-08
2.14500e+02  1.31355e-07  9.58753e-08  6.81317e-08  4.13218e-08  1.98835e-08
2.15500e+02  1.31632e-07  9.58261e-08  6.80395e-08  4.12911e-08  2.00629e-08
2.16500e+02  1.20523e-07  8.76104e-08  6.25457e-08  3.89144e-08  1.96744e-08
2.17500e+02  1.22955e-07  8.93442e-08  6.38787e-08  3.99501e-08  2.04635e-08
2.18500e+02  1.57263e-07  1.16099e-07  8.28698e-08  5.01734e-08  2.38795e-08
2.19500e+02  1.62469e-07  1.19404e-07  8.55081e-08  5.26714e-08  2.62276e-08
2.20500e+02  1.55541e-07  1.14393e-07  8.21591e-08  5.12019e-08  2.58798e-08
2.21500e+02  1.25023e-07  9.19627e-08  6.66733e-08  4.28228e-08  2.27952e-08
2.22500e+02  1.50941e-07  1.12553e-07  8.19665e-08  5.23866e-08  2.72086e-08
2.23500e+02  1.99922e-07  1.48715e-07  1.07563e-07  6.75315e-08  3.41645e-08
2.24500e+02  1.91426e-07  1.42991e-07  1.04069e-07  6.61593e-08  3.42802e-08
2.25500e+02  1.55756e-07  6.94314e-07  8.57510e-08  5.64232e-08  3.09211e-08
2.26500e+02  1.43072e-07  1.06076e-07  7.77454e-08  5.13072e-08  2.82018e-08
2.27500e+02  1.66891e-07  1.23717e-07  9.07340e-08  5.98090e-08  3.32064e-08
2.28500e+02  2.11960e-07  1.57888e-07  1.15112e-07  7.42179e-08  3.94593e-08
2.29500e+02  1.75842e-07  1.31332e-07  9.69937e-08  6.45980e-08  3.65156e-08
2.30500e+02  2.15274e-07  1.60667e-07  1.16866e-07  7.48887e-08  3.88230e-08
2.31500e+02  1.99512e-07  1.50054e-07  1.11015e-07  7.37063e-08  4.12527e-08
2.32500e+02  1.92988e-07  1.45356e-07  1.08185e-07  7.29790e-08  4.18728e-08
2.33500e+02  1.64510e-07  1.27040e-07  9.73989e-08  6.90228e-08  4.22202e-08
2.34500e+02  1.17981e-07  9.25402e-08  7.23235e-08  5.27389e-08  3.29932e-08
2.35500e+02  2.05756e-07  1.57294e-07  1.18613e-07  8.15863e-08  4.74297e-08
2.36500e+02  1.37952e-07  1.08686e-07  8.51209e-08  6.21424e-08  3.89490e-08
2.37500e+02  1.74895e-07  1.35876e-07  1.04814e-07  7.49788e-08  4.59809e-08
2.38500e+02  1.14471e-07  9.18719e-08  7.35380e-08  5.53303e-08  3.60765e-08
2.39500e+02  1.47548e-07  1.17065e-07  9.25388e-08  6.85125e-08  4.39158e-08
2.40500e+02  1.52482e-07  1.21795e-07  9.69594e-08  7.25011e-08  4.72579e-08
2.41500e+02  1.65247e-07  1.30301e-07  1.02198e-07  7.47088e-08  4.71994e-08
2.42500e+02  2.59276e-07  2.00688e-07  1.53226e-07  1.07068e-07  6.41500e-08
2.43500e+02  2.64417e-07  2.05617e-07  1.58040e-07  1.11801e-07  6.84520e-08
2.44500e+02  3.13229e-07  2.42871e-07  1.85548e-07  1.29796e-07  7.84130e-08
2.45500e+02  3.33910e-07  2.59144e-07  1.97820e-07  1.37903e-07  8.30235e-08
2.46500e+02  2.98590e-07  2.32216e-07  1.78243e-07  1.25607e-07  7.64370e-08
2.47500e+02  2.76698e-07  2.15990e-07  1.66821e-07  1.18847e-07  7.36945e-08
2.48500e+02  1.88966e-07  1.43288e-07  1.08896e-07  7.71427e-08  4.69291e-08
2.49500e+02  2.28643e-07  1.77331e-07  1.36659e-07  9.75367e-08  5.99472e-08
2.50500e+02  3.24402e-07  2.51244e-07  1.92853e-07  1.36479e-07  8.40737e-08
2.51300e+02  2.10181e-07  1.65278e-07  1.30491e-07  9.70212e-08  6.30171e-08
2.51800e+02  1.73451e-07  1.35026e-07  1.06319e-07  7.91830e-08  5.11677e-08
2.52500e+02  1.62192e-07  1.27962e-07  1.01810e-07  7.66286e-08  5.00965e-08
2.53500e+02  1.91828e-07  1.57366e-07  1.29151e-07  1.00286e-07  6.87951e-08
2.54500e+02  2.29645e-07  1.88820e-07  1.54505e-07  1.19369e-07  8.15267e-08
2.55500e+02  4.13730e-07  3.34334e-07  2.65276e-07  1.97367e-07  1.28494e-07
2.56500e+02  3.91837e-07  3.16216e-07  2.51174e-07  1.87175e-07  1.21786e-07
2.57500e+02  5.72012e-07  4.55136e-07  3.52393e-07  2.52730e-07  1.54544e-07
2.58500e+02  5.50068e-07  4.38088e-07  3.40431e-07  2.46006e-07  1.52493e-07
2.59500e+02  5.02279e-07  4.02153e-07  3.15641e-07  2.31479e-07  1.46783e-07
2.60500e+02  4.20611e-07  3.41425e-07  2.73715e-07  2.06747e-07  1.36962e-07
2.61500e+02  3.91988e-07  3.19791e-07  2.57876e-07  1.96194e-07  1.31128e-07
2.62500e+02  5.51616e-07  4.42519e-07  3.49266e-07  2.58781e-07  1.67643e-07
2.63500e+02  1.06962e-06  8.53487e-07  6.52660e-07  4.56811e-07  2.65005e-07
2.64500e+02  1.44215e-06  1.15063e-06  8.74859e-07  6.02250e-07  3.35009e-07
2.65500e+02  2.12050e-06  1.71245e-06  1.30820e-06  8.99784e-07  4.84691e-07
2.66500e+02  1.20595e-06  9.69679e-07  7.48962e-07  5.31471e-07  3.14872e-07
2.67500e+02  1.42583e-06  1.14369e-06  8.86729e-07  6.12812e-07  3.50788e-07
2.68500e+02  1.74945e-06  1.41315e-06  1.08680e-06  7.59494e-07  1.29012e-06
2.69500e+02  1.25968e-06  1.01286e-06  7.80092e-07  5.49411e-07  3.20136e-07
2.70500e+02  1.59258e-06  1.28617e-06  9.90417e-07  6.93834e-07  3.95278e-07
2.71500e+02  1.09569e-06  8.81382e-07  6.83033e-07  4.87425e-07  2.92478e-07
2.72500e+02  8.19763e-07  6.54951e-07  5.11949e-07  3.73082e-07  2.37280e-07
2.73500e+02  1.02563e-06  8.20900e-07  6.38870e-07  4.61747e-07  2.87964e-07
2.74500e+02  5.96517e-07  4.94177e-07  4.04359e-07  3.13427e-07  2.15940e-07
2.75500e+02  8.36170e-07  6.84044e-07  5.48010e-07  4.12723e-07  2.72606e-07
2.76500e+02  1.15718e-06  9.39154e-07  7.40121e-07  5.44225e-07  3.46656e-07
2.77500e+02  1.17834e-06  9.53926e-07  7.54020e-07  5.58720e-07  3.62831e-07
2.78500e+02  6.98962e-07  5.85623e-07  4.85813e-07  3.82743e-07  2.69670e-07
2.79500e+02  3.04311e-07  2.64315e-07  2.27572e-07  1.86414e-07  1.34887e-07
2.80500e+02  3.83163e-07  3.30434e-07  2.82419e-07  2.29683e-07  1.65579e-07
2.81500e+02  1.10425e-06  9.05132e-07  7.29462e-07  5.54786e-07  3.74382e-07
2.82500e+02  1.65176e-06  1.32545e-06  1.02974e-06  7.42243e-07  4.62405e-07
2.83500e+02  1.50411e-06  1.20981e-06  9.43231e-07  6.82278e-07  4.29273e-07
2.84500e+02  9.49699e-07  7.67985e-07  6.14240e-07  4.61773e-07  3.09388e-07
2.85500e+02  5.41521e-07  4.38543e-07  3.54981e-07  2.71407e-07  1.81752e-07
2.86500e+02  1.32814e-06  1.33666e-06  8.37909e-07  6.12198e-07  3.93983e-07
2.87500e+02  2.13841e-06  1.72864e-06  1.33526e-06  9.44536e-07  5.64035e-07
2.88500e+02  2.01176e-06  1.64142e-06  1.28546e-06  9.27743e-07  5.67782e-07
2.89500e+02  2.67054e-06  2.19973e-06  1.73521e-06  1.23519e-06  7.29294e-07
2.91000e+02  3.59130e-06  2.96679e-06  2.32281e-06  1.65402e-06  9.51181e-07
2.93000e+02  3.26186e-06  2.70790e-06  2.13963e-06  1.54769e-06  9.16846e-07
2.95000e+02  3.13345e-06  2.59624e-06  2.04780e-06  1.47805e-06  8.76808e-07
2.97000e+02  3.41391e-06  2.82684e-06  2.22476e-06  1.59769e-06  9.38427e-07
2.99000e+02  3.37050e-06  2.79154e-06  2.20005e-06  1.58425e-06  9.37070e-07
3.01000e+02  3.36137e-06  2.77177e-06  2.17306e-06  1.55228e-06  9.10928e-07
3.03000e+02  3.81667e-06  3.17632e-06  2.51090e-06  1.81087e-06  1.06629e-06
3.05000e+02  3.97241e-06  3.30464e-06  2.61237e-06  1.98575e-06  1.11831e-06
3.07000e+02  4.47490e-06  3.75041e-06  2.99041e-06  2.18583e-06  1.31351e-06
3.09000e+02  4.29909e-06  3.59756e-06  2.87279e-06  2.11207e-06  1.29543e-06
3.11000e+02  5.01839e-06  4.24405e-06  3.41993e-06  2.53726e-06  1.55505e-06
3.13000e+02  4.95775e-06  4.17378e-06  3.34826e-06  2.47366e-06  1.52141e-06
3.15000e+02  4.87089e-06  4.12221e-06  3.39434e-06  2.49714e-06  1.56783e-06
3.17000e+02  5.28477e-06  4.48084e-06  3.63365e-06  2.72844e-06  1.72383e-06
3.19000e+02  4.65306e-06  3.94174e-06  3.22497e-06  2.41033e-06  1.53891e-06
3.21000e+02  5.19976e-06  4.40158e-06  3.56237e-06  2.67052e-06  1.69069e-06
3.23000e+02  4.27555e-06  3.61510e-06  2.93733e-06  2.22275e-06  1.44265e-06
3.25000e+02  5.86513e-06  5.00486e-06  4.08315e-06  3.08848e-06  1.96676e-06
3.27000e+02  7.03429e-06  6.03513e-06  4.94327e-06  3.75067e-06  2.38115e-06
3.29000e+02  6.81166e-06  5.84493e-06  4.79922e-06  3.66253e-06  2.36143e-06
3.31000e+02  6.60177e-06  5.64740e-06  4.62394e-06  3.51658e-06  2.26491e-06
3.33000e+02  6.77133e-06  5.80127e-06  4.75641e-06  3.62245e-06  2.33583e-06
3.35000e+02  6.65869e-06  5.69704e-06  4.66766e-06  3.55497e-06  2.30267e-06
3.37000e+02  5.44592e-06  4.63803e-06  3.79981e-06  2.90604e-06  1.92067e-06
3.39000e+02  6.14250e-06  5.23588e-06  4.28339e-06  3.26428e-06  2.13830e-06
3.41000e+02  6.25831e-06  5.34531e-06  4.38317e-06  3.35136e-06  2.20697e-06
3.43000e+02  6.41853e-06  5.49967e-06  4.53217e-06  3.49198e-06  2.33044e-06
3.45000e+02  6.81659e-06  5.84344e-06  4.80547e-06  3.68249e-06  2.42536e-06
3.47000e+02  7.12792e-06  6.12482e-06  5.04672e-06  3.87490e-06  2.55523e-06
3.49000e+02  7.83587e-06  6.76313e-06  5.59522e-06  4.31294e-06  2.84257e-06
3.51000e+02  8.21001e-06  7.09390e-06  5.87508e-06  4.53320e-06  2.98793e-06
3.53000e+02  7.70444e-06  6.64623e-06  5.49404e-06  4.22541e-06  2.77257e-06
3.55000e+02  8.80414e-06  7.59602e-06  6.26910e-06  4.80293e-06  3.12412e-06
3.57000e+02  6.40329e-06  5.47715e-06  4.50506e-06  3.45547e-06  2.29954e-06
3.59000e+02  6.74872e-06  5.81133e-06  4.81528e-06  3.72811e-06  2.50259e-06
3.61000e+02  7.89205e-06  6.84646e-06  5.71439e-06  4.46602e-06  3.02361e-06
3.63000e+02  8.22919e-06  7.16700e-06  6.00848e-06  4.72294e-06  3.22076e-06
3.64000e+02  8.28007e-06  7.21283e-06  6.05445e-06  4.77312e-06  3.27863e-06
3.65000e+02  9.68987e-06  8.44831e-06  7.07974e-06  5.55583e-06  3.76401e-06
3.67000e+02  1.00875e-05  8.82496e-06  7.42217e-06  5.85013e-06  3.98167e-06
3.69000e+02  9.65078e-06  8.42363e-06  7.07586e-06  5.57579e-06  3.81393e-06
3.71000e+02  1.01287e-05  8.86345e-06  7.45733e-06  5.87822e-06  4.00719e-06
3.73000e+02  7.46538e-06  6.47132e-06  5.41412e-06  4.25728e-06  2.95107e-06
3.75000e+02  8.40730e-06  7.27496e-06  6.05093e-06  4.71486e-06  3.21456e-06
3.77000e+02  1.02687e-05  8.92889e-06  7.43708e-06  5.78982e-06  3.90701e-06
3.79000e+02  1.05538e-05  1.02621e-05  7.55087e-06  5.82065e-06  3.88257e-06
3.81000e+02  1.03302e-05  8.86440e-06  7.26844e-06  5.55489e-06  3.68621e-06
3.83000e+02  6.22802e-06  5.33571e-06  4.45792e-06  3.54414e-06  2.56371e-06
3.85000e+02  8.56130e-06  7.25322e-06  5.90313e-06  4.48581e-06  3.00815e-06
3.87000e+02  8.88230e-06  7.55528e-06  6.17313e-06  4.70459e-06  3.15404e-06
3.89000e+02  1.04087e-05  9.06533e-06  7.57731e-06  5.94913e-06  4.10432e-06
3.91000e+02  1.30230e-05  1.11875e-05  9.23306e-06  7.15748e-06  4.86421e-06
3.93000e+02  6.85233e-06  5.92946e-06  5.02883e-06  4.08269e-06  3.02221e-06
3.95000e+02  1.14718e-05  9.84769e-06  8.18400e-06  6.44159e-06  4.52737e-06
3.97000e+02  7.85678e-06  6.86757e-06  5.85205e-06  4.76376e-06  3.52557e-06
3.99000e+02  1.61625e-05  1.40187e-05  1.16538e-05  9.08769e-06  6.16617e-06
4.01000e+02  1.78992e-05  1.54695e-05  1.28458e-05  1.00004e-05  6.73656e-06
4.03000e+02  1.79358e-05  1.54773e-05  1.28376e-05  9.97316e-06  6.69020e-06
4.05000e+02  1.71347e-05  1.47778e-05  1.22628e-05  9.54710e-06  6.45791e-06
4.07000e+02  1.67823e-05  1.45006e-05  1.20354e-05  9.36728e-06  6.34225e-06
4.09000e+02  1.87937e-05  1.65449e-05  1.39102e-05  1.09482e-05  7.44044e-06
4.11000e+02  1.79306e-05  1.59423e-05  1.35559e-05  1.08128e-05  7.47487e-06
4.13000e+02  1.89869e-05  1.64909e-05  1.37131e-05  1.06598e-05  7.14906e-06
4.15000e+02  1.94095e-05  1.67441e-05  1.38451e-05  1.06767e-05  7.07234e-06
4.17000e+02  1.96867e-05  1.69945e-05  1.40887e-05  1.09110e-05  7.27361e-06
4.19000e+02  1.90999e-05  1.64851e-05  1.36886e-05  1.06481e-05  7.18737e-06
4.21000e+02  1.99356e-05  1.72634e-05  1.43938e-05  1.12599e-05  7.64698e-06
4.23000e+02  1.89963e-05  1.64952e-05  1.38276e-05  1.09276e-05  7.57841e-06
4.25000e+02  2.02218e-05  1.75503e-05  1.46887e-05  1.15807e-05  8.00753e-06
4.27000e+02  1.89487e-05  1.64598e-05  1.38136e-05  1.09536e-05  7.68625e-06
4.29000e+02  1.77564e-05  1.54406e-05  1.29800e-05  1.03187e-05  7.28341e-06
4.31000e+02  1.51218e-05  1.31981e-05  1.11785e-05  9.00526e-06  6.53725e-06
4.33000e+02  2.02732e-05  1.79786e-05  1.53115e-05  1.23009e-05  8.72364e-06
4.35000e+02  1.94114e-05  1.73012e-05  1.48294e-05  1.20258e-05  8.66470e-06
4.37000e+02  2.29278e-05  2.01334e-05  1.69861e-05  1.35077e-05  9.44628e-06
4.39000e+02  2.11228e-05  1.84586e-05  1.55693e-05  1.24164e-05  8.77380e-06
4.41000e+02  2.27089e-05  1.98636e-05  1.67607e-05  1.33538e-05  9.37938e-06
4.43000e+02  2.36383e-05  2.07529e-05  1.75903e-05  1.40897e-05  9.93461e-06
4.45000e+02  2.40575e-05  2.11307e-05  1.79171e-05  1.43505e-05  1.01017e-05
4.47000e+02  2.55149e-05  2.24475e-05  1.90596e-05  1.52816e-05  1.07411e-05
4.49000e+02  2.58303e-05  2.27597e-05  1.93644e-05  1.55715e-05  1.09951e-05
4.51000e+02  2.89684e-05  2.55556e-05  2.17484e-05  1.74765e-05  1.22809e-05
4.53000e+02  2.62488e-05  2.31591e-05  1.97327e-05  1.58933e-05  1.12387e-05
4.55000e+02  2.72430e-05  2.40455e-05  2.06256e-05  1.65213e-05  1.17006e-05
4.57000e+02  2.91112e-05  2.57169e-05  2.19293e-05  1.76728e-05  1.24901e-05
4.59000e+02  2.76811e-05  2.44962e-05  2.09498e-05  1.69641e-05  1.21020e-05
4.61000e+02  2.85167e-05  2.52312e-05  2.15679e-05  1.74508e-05  1.24345e-05
4.63000e+02  2.79871e-05  2.47625e-05  2.11762e-05  1.71512e-05  1.22652e-05
4.65000e+02  2.86248e-05  2.53430e-05  2.16797e-05  1.75594e-05  1.25435e-05
4.67000e+02  2.95068e-05  2.61340e-05  2.23605e-05  1.81115e-05  1.29373e-05
4.69000e+02  2.89722e-05  2.57075e-05  2.20475e-05  1.79153e-05  1.28622e-05
4.71000e+02  2.76752e-05  2.46171e-05  2.11867e-05  1.73128e-05  1.25695e-05
4.73000e+02  2.97244e-05  2.63985e-05  2.26643e-05  1.84490e-05  1.32909e-05
4.75000e+02  3.05326e-05  2.71652e-05  2.33693e-05  1.90750e-05  1.37940e-05
4.77000e+02  3.08499e-05  2.74858e-05  2.36742e-05  1.93507e-05  1.40148e-05
4.79000e+02  3.09267e-05  2.75772e-05  2.37656e-05  1.94395e-05  1.41055e-05
4.81000e+02  3.03963e-05  2.71538e-05  2.34441e-05  1.92306e-05  1.40398e-05
4.83000e+02  3.11557e-05  2.79610e-05  2.41904e-05  1.98652e-05  1.45044e-05
4.85000e+02  2.83040e-05  2.56426e-05  2.24154e-05  1.86385e-05  1.38701e-05
4.87000e+02  2.50906e-05  2.28852e-05  2.02182e-05  1.70542e-05  1.29842e-05
4.89000e+02  2.98640e-05  2.68835e-05  2.33554e-05  1.92958e-05  1.42483e-05
4.91000e+02  3.04904e-05  2.73425e-05  2.37094e-05  1.95606e-05  1.44199e-05
4.93000e+02  3.01110e-05  2.69640e-05  2.33820e-05  1.93058e-05  1.42628e-05
4.95000e+02  3.18920e-05  2.85649e-05  2.47670e-05  2.04339e-05  1.50455e-05
4.97000e+02  3.20520e-05  2.86787e-05  2.48469e-05  2.04829e-05  1.50781e-05
4.99000e+02  3.00581e-05  2.69120e-05  2.33585e-05  1.93149e-05  1.43108e-05
5.01000e+02  2.88186e-05  2.58153e-05  2.24342e-05  1.85887e-05  1.38356e-05
5.03000e+02  3.07935e-05  2.75864e-05  2.39592e-05  1.98245e-05  1.47002e-05
5.05000e+02  3.10364e-05  2.78147e-05  2.41598e-05  1.99865e-05  1.48079e-05
5.07000e+02  3.26020e-05  2.92186e-05  2.53655e-05  2.09610e-05  1.54899e-05
5.09000e+02  3.14351e-05  2.81590e-05  2.44429e-05  2.02016e-05  1.49571e-05
5.11000e+02  3.22440e-05  2.88889e-05  2.50726e-05  2.07111e-05  1.53117e-05
5.13000e+02  3.14322e-05  2.81647e-05  2.44619e-05  2.02373e-05  1.50234e-05
5.15000e+02  3.04807e-05  2.73340e-05  2.37744e-05  1.97136e-05  1.47021e-05
5.17000e+02  2.66510e-05  2.38568e-05  2.07738e-05  1.73139e-05  1.31479e-05
5.19000e+02  2.74286e-05  2.46190e-05  2.15079e-05  1.80055e-05  1.37514e-05
5.21000e+02  3.14712e-05  2.82785e-05  2.46546e-05  2.05135e-05  1.53739e-05
5.23000e+02  3.21174e-05  2.88972e-05  2.52464e-05  2.10753e-05  1.58875e-05
5.25000e+02  3.33517e-05  3.00477e-05  2.62869e-05  2.19735e-05  1.65714e-05
5.27000e+02  2.91316e-05  2.62795e-05  2.30790e-05  1.94287e-05  1.48912e-05
5.29000e+02  3.35181e-05  3.02345e-05  2.64920e-05  2.21956e-05  1.68061e-05
5.31000e+02  3.50142e-05  3.16266e-05  2.77458e-05  2.32769e-05  1.76389e-05
5.33000e+02  3.10928e-05  2.80840e-05  2.46838e-05  2.07918e-05  1.59326e-05
5.35000e+02  3.40663e-05  3.07848e-05  2.70377e-05  2.27277e-05  1.73037e-05
5.37000e+02  3.44539e-05  3.11407e-05  2.73482e-05  2.29822e-05  1.74881e-05
5.39000e+02  3.42514e-05  3.09502e-05  2.71741e-05  2.28278e-05  1.73654e-05
5.41000e+02  3.29663e-05  2.98383e-05  2.62733e-05  2.21702e-05  1.70072e-05
5.43000e+02  3.44744e-05  3.11780e-05  2.74022e-05  2.30498e-05  1.75686e-05
5.45000e+02  3.58127e-05  3.24149e-05  2.85024e-05  2.39819e-05  1.82689e-05
5.47000e+02  3.51395e-05  3.18115e-05  2.79925e-05  2.35851e-05  1.80254e-05
5.49000e+02  3.46842e-05  3.14132e-05  2.76712e-05  2.33565e-05  1.79197e-05
5.51000e+02  3.50157e-05  3.17116e-05  2.79282e-05  2.35631e-05  1.80612e-05
5.53000e+02  3.55354e-05  3.22139e-05  2.83990e-05  2.39913e-05  1.84225e-05
5.55000e+02  3.63320e-05  3.29596e-05  2.90757e-05  2.45790e-05  1.88785e-05
5.57000e+02  3.55943e-05  3.23066e-05  2.85241e-05  2.41460e-05  1.85988e-05
5.59000e+02  3.48712e-05  3.16471e-05  2.79523e-05  2.36848e-05  1.82967e-05
5.61000e+02  3.64818e-05  3.31399e-05  2.92817e-05  2.48080e-05  1.91249e-05
5.63000e+02  3.65682e-05  3.32075e-05  2.93351e-05  2.48483e-05  1.91592e-05
5.65000e+02  3.66406e-05  3.33014e-05  2.94543e-05  2.49958e-05  1.93338e-05
5.67000e+02  3.58850e-05  3.26364e-05  2.89019e-05  2.45743e-05  1.90779e-05
5.69000e+02  3.68330e-05  3.35212e-05  2.96976e-05  2.52571e-05  1.95995e-05
5.71000e+02  3.64294e-05  3.31484e-05  2.93602e-05  2.49589e-05  1.93560e-05
5.73000e+02  3.91572e-05  3.56614e-05  3.15862e-05  2.68320e-05  2.07390e-05
5.75000e+02  3.77039e-05  3.43421e-05  3.04485e-05  2.59173e-05  2.01311e-05
5.77000e+02  3.84582e-05  3.50410e-05  3.10701e-05  2.64417e-05  2.05205e-05
5.79000e+02  3.72460e-05  3.39284e-05  3.00935e-05  2.56345e-05  1.99529e-05
5.81000e+02  3.85673e-05  3.51655e-05  3.12124e-05  2.66033e-05  2.07034e-05
5.83000e+02  3.94873e-05  3.60318e-05  3.20010e-05  2.72910e-05  2.12402e-05
5.85000e+02  3.87077e-05  3.53233e-05  3.13829e-05  2.67819e-05  2.08818e-05
5.87000e+02  3.89799e-05  3.55840e-05  3.16260e-05  2.70003e-05  2.10638e-05
5.89000e+02  3.54948e-05  3.23449e-05  2.87277e-05  2.45391e-05  1.92512e-05
5.91000e+02  3.89014e-05  3.55239e-05  3.15892e-05  2.69913e-05  2.10950e-05
5.93000e+02  3.90466e-05  3.56758e-05  3.17471e-05  2.71531e-05  2.12535e-05
5.95000e+02  3.93338e-05  3.59509e-05  3.20023e-05  2.73805e-05  2.14380e-05
5.97000e+02  3.97275e-05  3.63307e-05  3.23585e-05  2.77035e-05  2.17085e-05
5.99000e+02  3.93575e-05  3.59965e-05  3.20729e-05  2.74780e-05  2.15673e-05
6.01000e+02  3.88324e-05  3.55393e-05  3.16981e-05  2.71954e-05  2.13960e-05
6.03000e+02  3.92576e-05  3.59585e-05  3.21043e-05  2.75809e-05  2.17400e-05
6.05000e+02  4.02581e-05  3.68719e-05  3.29037e-05  2.82427e-05  2.22205e-05
6.07000e+02  4.03403e-05  3.69531e-05  3.29795e-05  2.83099e-05  2.22755e-05
6.09000e+02  3.91621e-05  3.58592e-05  3.20108e-05  2.75028e-05  2.17084e-05
6.11000e+02  3.91007e-05  3.58273e-05  3.20111e-05  2.75372e-05  2.17779e-05
6.13000e+02  3.77156e-05  3.45546e-05  3.08875e-05  2.65978e-05  2.10972e-05
6.15000e+02  3.84070e-05  3.52350e-05  3.15418e-05  2.72096e-05  2.16280e-05
6.17000e+02  3.73339e-05  3.42526e-05  3.06754e-05  2.64838e-05  2.10952e-05
6.19000e+02  3.98465e-05  3.65522e-05  3.26974e-05  2.81677e-05  2.23193e-05
6.21000e+02  4.01312e-05  3.68286e-05  3.29568e-05  2.84005e-05  2.25062e-05
6.23000e+02  3.91224e-05  3.59050e-05  3.21485e-05  2.77357e-05  2.20431e-05
6.25000e+02  3.80497e-05  3.49492e-05  3.13386e-05  2.70973e-05  2.16231e-05
6.27000e+02  4.00765e-05  3.67976e-05  3.29531e-05  2.84271e-05  2.25735e-05
6.29000e+02  4.04810e-05  3.71894e-05  3.33230e-05  2.87654e-05  2.28606e-05
6.31000e+02  3.92510e-05  3.60656e-05  3.23424e-05  2.79615e-05  2.23022e-05
6.33000e+02  3.95397e-05  3.63446e-05  3.26059e-05  2.82058e-05  2.25176e-05
6.35000e+02  3.94039e-05  3.62227e-05  3.25103e-05  2.81445e-05  2.25113e-05
6.37000e+02  3.94340e-05  3.62536e-05  3.25418e-05  2.81779e-05  2.25499e-05
6.39000e+02  4.05204e-05  3.72861e-05  3.34802e-05  2.89860e-05  2.31508e-05
6.41000e+02  3.96517e-05  3.65107e-05  3.28234e-05  2.84721e-05  2.28255e-05
6.43000e+02  4.03345e-05  3.71396e-05  3.33764e-05  2.89314e-05  2.31592e-05
6.45000e+02  3.97285e-05  3.66110e-05  3.29458e-05  2.86184e-05  2.30022e-05
6.47000e+02  3.98821e-05  3.67603e-05  3.30799e-05  2.87315e-05  2.30867e-05
6.49000e+02  3.96516e-05  3.65724e-05  3.29262e-05  2.86089e-05  2.29930e-05
6.51000e+02  4.06212e-05  3.75042e-05  3.37789e-05  2.93534e-05  2.35812e-05
6.53000e+02  4.03944e-05  3.73651e-05  3.37098e-05  2.93492e-05  2.36481e-05
6.55000e+02  3.89843e-05  3.62615e-05  3.29296e-05  2.88790e-05  2.34775e-05
6.57000e+02  3.49953e-05  3.28699e-05  3.02662e-05  2.70193e-05  2.25290e-05
6.59000e+02  4.00985e-05  3.71855e-05  3.36388e-05  2.93795e-05  2.37735e-05
6.61000e+02  4.11112e-05  3.80247e-05  3.43130e-05  2.98902e-05  2.41054e-05
6.63000e+02  4.08886e-05  3.77789e-05  3.40826e-05  2.96954e-05  2.39763e-05
6.65000e+02  4.11642e-05  3.80288e-05  3.43085e-05  2.98921e-05  2.41276e-05
6.67000e+02  4.07777e-05  3.76664e-05  3.39893e-05  2.96282e-05  2.39420e-05
6.69000e+02  4.15648e-05  3.84027e-05  3.46601e-05  3.02180e-05  2.44174e-05
6.71000e+02  4.08118e-05  3.77028e-05  3.40360e-05  2.96895e-05  2.40251e-05
6.73000e+02  4.15746e-05  3.84333e-05  3.47196e-05  3.03112e-05  2.45492e-05
6.75000e+02  4.11990e-05  3.81008e-05  3.44419e-05  3.00952e-05  2.44090e-05
6.77000e+02  4.13206e-05  3.82038e-05  3.45282e-05  3.01695e-05  2.44822e-05
6.79000e+02  4.12097e-05  3.81035e-05  3.44450e-05  3.01082e-05  2.44532e-05
6.81000e+02  4.11224e-05  3.80384e-05  3.44053e-05  3.00966e-05  2.44726e-05
6.83000e+02  4.17187e-05  3.86097e-05  3.49331e-05  3.05625e-05  2.48390e-05
6.85000e+02  4.08065e-05  3.77641e-05  3.41819e-05  2.99330e-05  2.43868e-05
6.87000e+02  4.15244e-05  3.84364e-05  3.47863e-05  3.04484e-05  2.47739e-05
6.89000e+02  4.15984e-05  3.85199e-05  3.48847e-05  3.05661e-05  2.49156e-05
6.91000e+02  4.14617e-05  3.83972e-05  3.47814e-05  3.04857e-05  2.48677e-05
6.93000e+02  4.14662e-05  3.84063e-05  3.47931e-05  3.04973e-05  2.48744e-05
6.95000e+02  4.15831e-05  3.85199e-05  3.48953e-05  3.05806e-05  2.49238e-05
6.97000e+02  4.15530e-05  3.85030e-05  3.48988e-05  3.06102e-05  2.49897e-05
6.99000e+02  4.17513e-05  3.86891e-05  3.50624e-05  3.07411e-05  2.50715e-05
7.01000e+02  4.02284e-05  3.73033e-05  3.38671e-05  2.97833e-05  2.44402e-05
7.03000e+02  4.13810e-05  3.83646e-05  3.48004e-05  3.05581e-05  2.49996e-05
7.05000e+02  4.17352e-05  3.87086e-05  3.51257e-05  3.08569e-05  2.52540e-05
7.07000e+02  4.13883e-05  3.83866e-05  3.48403e-05  3.06181e-05  2.50842e-05
7.09000e+02  4.13367e-05  3.83442e-05  3.48104e-05  3.06035e-05  2.50896e-05
7.11000e+02  4.15695e-05  3.86008e-05  3.50762e-05  3.08622e-05  2.53070e-05
7.13000e+02  4.11780e-05  3.82114e-05  3.47033e-05  3.05199e-05  2.50275e-05
7.15000e+02  4.10560e-05  3.81069e-05  3.46191e-05  3.04613e-05  2.50049e-05
7.17000e+02  4.10826e-05  3.81481e-05  3.46829e-05  3.05515e-05  2.51280e-05
7.19000e+02  4.00097e-05  3.71587e-05  3.38085e-05  2.98230e-05  2.46050e-05
7.21000e+02  4.13128e-05  3.83775e-05  3.48996e-05  3.07466e-05  2.52843e-05
7.23000e+02  4.12677e-05  3.83521e-05  3.49070e-05  3.07976e-05  2.53966e-05
7.25000e+02  4.16716e-05  3.87391e-05  3.52611e-05  3.11034e-05  2.56242e-05
7.27000e+02  4.17407e-05  3.87950e-05  3.53025e-05  3.11288e-05  2.56335e-05
7.29000e+02  4.04987e-05  3.76572e-05  3.43070e-05  3.03111e-05  2.50604e-05
7.31000e+02  4.15948e-05  3.86784e-05  3.52181e-05  3.10797e-05  2.56248e-05
7.33000e+02  4.15504e-05  3.86451e-05  3.51983e-05  3.10757e-05  2.56417e-05
7.35000e+02  4.18394e-05  3.89096e-05  3.54305e-05  3.12680e-05  2.57818e-05
7.37000e+02  4.18779e-05  3.89669e-05  3.55129e-05  3.13818e-05  2.59346e-05
7.39000e+02  4.09147e-05  3.80896e-05  3.47491e-05  3.07568e-05  2.54982e-05
7.41000e+02  4.07623e-05  3.79671e-05  3.46579e-05  3.06999e-05  2.54783e-05
7.43000e+02  4.11925e-05  3.83707e-05  3.50297e-05  3.10318e-05  2.57562e-05
7.45000e+02  4.14501e-05  3.86112e-05  3.52441e-05  3.12122e-05  2.58887e-05
7.47000e+02  4.19809e-05  3.91163e-05  3.57043e-05  3.16084e-05  2.61839e-05
7.49000e+02  4.16663e-05  3.88196e-05  3.54367e-05  3.13830e-05  2.60272e-05
7.51000e+02  4.19213e-05  3.90647e-05  3.56670e-05  3.15950e-05  2.62134e-05
7.53000e+02  4.21313e-05  3.92750e-05  3.58732e-05  3.17916e-05  2.63873e-05
7.55000e+02  4.22367e-05  3.93725e-05  3.59645e-05  3.18788e-05  2.64762e-05
7.57000e+02  4.18386e-05  3.90128e-05  3.56577e-05  3.16384e-05  2.63263e-05
7.59000e+02  4.20461e-05  3.92071e-05  3.58283e-05  3.17755e-05  2.64144e-05
7.61000e+02  4.16459e-05  3.88459e-05  3.55269e-05  3.15530e-05  2.63062e-05
7.63000e+02  4.23977e-05  3.95584e-05  3.61694e-05  3.20972e-05  2.66967e-05
7.65000e+02  4.21505e-05  3.93457e-05  3.60047e-05  3.19919e-05  2.66698e-05
7.67000e+02  4.11117e-05  3.83856e-05  3.51486e-05  3.12635e-05  2.61188e-05
7.69000e+02  4.20658e-05  3.92955e-05  3.59932e-05  3.20430e-05  2.67421e-05
7.71000e+02  4.19576e-05  3.91796e-05  3.58669e-05  3.18847e-05  2.66000e-05
7.73000e+02  4.18989e-05  3.91242e-05  3.58241e-05  3.18621e-05  2.66136e-05
7.75000e+02  4.16040e-05  3.88700e-05  3.56161e-05  3.17062e-05  2.65203e-05
7.77000e+02  4.22289e-05  3.94947e-05  3.62211e-05  3.22737e-05  2.70130e-05
7.79000e+02  4.26518e-05  3.98575e-05  3.65127e-05  3.24843e-05  2.71253e-05
7.81000e+02  4.21891e-05  3.94390e-05  3.61603e-05  3.22173e-05  2.69780e-05
7.83000e+02  4.19957e-05  3.92744e-05  3.60261e-05  3.21140e-05  2.69086e-05
7.85000e+02  4.20400e-05  3.93152e-05  3.60636e-05  3.21480e-05  2.69404e-05
7.87000e+02  4.25085e-05  3.97537e-05  3.64549e-05  3.24763e-05  2.71762e-05
7.89000e+02  4.22993e-05  3.95542e-05  3.62670e-05  3.22983e-05  2.70078e-05
7.91000e+02  4.18318e-05  3.91153e-05  3.58680e-05  3.19482e-05  2.67257e-05
7.93000e+02  4.09755e-05  3.83461e-05  3.52166e-05  3.14434e-05  2.64190e-05
7.95000e+02  4.13031e-05  3.86309e-05  3.54434e-05  3.15989e-05  2.64849e-05
7.97000e+02  4.22664e-05  3.95296e-05  3.62563e-05  3.23086e-05  2.70552e-05
7.99000e+02  4.24055e-05  3.96744e-05  3.63972e-05  3.24373e-05  2.71572e-05
8.01000e+02  4.19800e-05  3.92815e-05  3.60551e-05  3.21631e-05  2.69826e-05
8.03000e+02  4.19568e-05  3.92787e-05  3.60773e-05  3.22130e-05  2.70622e-05
8.05000e+02  4.16656e-05  3.90066e-05  3.58332e-05  3.20056e-05  2.69093e-05
8.07000e+02  4.21503e-05  3.94530e-05  3.62249e-05  3.23258e-05  2.71281e-05
8.09000e+02  4.14754e-05  3.88246e-05  3.56587e-05  3.18363e-05  2.67445e-05
8.11000e+02  4.19432e-05  3.92576e-05  3.60411e-05  3.21520e-05  2.69648e-05
8.13000e+02  4.24050e-05  3.96931e-05  3.64383e-05  3.25000e-05  2.72433e-05
8.15000e+02  4.21546e-05  3.94632e-05  3.62400e-05  3.23447e-05  2.71537e-05
8.17000e+02  4.22503e-05  3.95683e-05  3.63514e-05  3.24606e-05  2.72668e-05
8.19000e+02  4.09355e-05  3.83743e-05  3.53156e-05  3.16210e-05  2.66950e-05
8.21000e+02  4.10251e-05  3.84656e-05  3.54124e-05  3.17237e-05  2.68010e-05
8.23000e+02  4.13804e-05  3.88004e-05  3.57115e-05  3.19761e-05  2.69880e-05
8.25000e+02  4.18094e-05  3.92127e-05  3.60977e-05  3.23257e-05  2.72783e-05
8.27000e+02  4.23856e-05  3.97325e-05  3.65475e-05  3.26937e-05  2.75430e-05
8.29000e+02  4.22570e-05  3.96208e-05  3.64553e-05  3.26238e-05  2.74988e-05
8.31000e+02  4.11606e-05  3.85921e-05  3.55279e-05  3.18275e-05  2.68958e-05
8.33000e+02  4.14160e-05  3.88497e-05  3.57719e-05  3.20456e-05  2.70629e-05
8.35000e+02  4.14842e-05  3.89117e-05  3.58347e-05  3.21131e-05  2.71434e-05
8.37000e+02  4.20758e-05  3.94628e-05  3.63263e-05  3.25285e-05  2.74504e-05
8.39000e+02  4.13261e-05  3.87557e-05  3.56799e-05  3.19629e-05  2.70073e-05
8.41000e+02  4.21615e-05  3.95575e-05  3.64323e-05  3.26476e-05  2.75843e-05
8.43000e+02  4.13929e-05  3.88490e-05  3.58050e-05  3.21199e-05  2.71913e-05
8.45000e+02  4.16569e-05  3.91295e-05  3.60957e-05  3.24153e-05  2.74771e-05
8.47000e+02  4.15720e-05  3.90308e-05  3.59900e-05  3.23093e-05  2.73863e-05
8.49000e+02  4.11717e-05  3.86786e-05  3.57069e-05  3.21139e-05  2.73103e-05
8.51000e+02  3.93452e-05  3.69904e-05  3.42034e-05  3.08369e-05  2.63356e-05
8.53000e+02  4.05927e-05  3.81346e-05  3.52243e-05  3.17186e-05  2.70527e-05
8.55000e+02  3.45305e-05  3.25951e-05  3.03646e-05  2.76815e-05  2.40963e-05
8.57000e+02  4.20748e-05  3.95241e-05  3.64643e-05  3.27577e-05  2.77959e-05
8.59000e+02  4.12578e-05  3.87969e-05  3.58521e-05  3.22768e-05  2.74737e-05
8.61000e+02  4.14110e-05  3.89528e-05  3.60058e-05  3.24240e-05  2.76027e-05
8.63000e+02  4.20639e-05  3.95377e-05  3.65000e-05  3.28141e-05  2.78708e-05
8.65000e+02  4.13200e-05  3.88612e-05  3.59251e-05  3.23706e-05  2.76126e-05
8.67000e+02  3.52878e-05  3.33420e-05  3.10802e-05  2.83412e-05  2.46575e-05
8.69000e+02  4.06326e-05  3.82292e-05  3.53551e-05  3.18720e-05  2.72078e-05
8.71000e+02  4.15334e-05  3.90563e-05  3.60851e-05  3.24888e-05  2.76784e-05
8.73000e+02  4.14147e-05  3.89841e-05  3.60628e-05  3.25131e-05  2.77444e-05
8.75000e+02  4.04425e-05  3.82057e-05  3.55100e-05  3.21835e-05  2.76164e-05
8.77000e+02  4.18238e-05  3.93929e-05  3.64567e-05  3.28714e-05  2.80283e-05
8.79000e+02  4.17454e-05  3.92674e-05  3.62879e-05  3.26816e-05  2.78584e-05
8.81000e+02  4.06766e-05  3.82632e-05  3.53794e-05  3.19022e-05  2.72723e-05
8.83000e+02  4.16489e-05  3.92088e-05  3.62614e-05  3.26820e-05  2.78786e-05
8.85000e+02  4.14150e-05  3.90863e-05  3.62573e-05  3.27777e-05  2.80424e-05
8.87000e+02  3.99561e-05  3.78381e-05  3.52673e-05  3.20654e-05  2.76318e-05
8.89000e+02  4.18706e-05  3.94453e-05  3.65146e-05  3.29459e-05  2.81444e-05
8.91000e+02  4.23037e-05  3.98406e-05  3.68570e-05  3.32352e-05  2.83689e-05
8.93000e+02  4.14040e-05  3.89901e-05  3.60877e-05  3.25769e-05  2.78764e-05
8.95000e+02  4.18323e-05  3.93758e-05  3.64132e-05  3.28292e-05  2.80327e-05
8.97000e+02  4.18209e-05  3.93871e-05  3.64450e-05  3.28790e-05  2.80998e-05
8.99000e+02  4.18191e-05  3.94176e-05  3.65014e-05  3.29516e-05  2.81822e-05
9.01000e+02  3.92203e-05  3.71889e-05  3.47122e-05  3.16263e-05  2.73591e-05
9.03000e+02  4.09793e-05  3.87561e-05  3.60358e-05  3.26704e-05  2.80678e-05
9.05000e+02  4.23634e-05  3.99441e-05  3.69922e-05  3.33947e-05  2.85495e-05
9.07000e+02  4.16151e-05  3.92549e-05  3.63962e-05  3.29225e-05  2.82459e-05
9.09000e+02  4.05563e-05  3.82644e-05  3.55074e-05  3.21609e-05  2.76565e-05
9.11000e+02  4.10835e-05  3.87083e-05  3.58630e-05  3.24227e-05  2.78137e-05
9.13000e+02  4.22496e-05  3.98008e-05  3.68467e-05  3.32658e-05  2.84530e-05
9.15000e+02  4.17325e-05  3.92742e-05  3.63122e-05  3.27229e-05  2.79144e-05
9.17000e+02  4.14746e-05  3.90424e-05  3.60996e-05  3.25271e-05  2.77380e-05
9.19000e+02  4.17215e-05  3.93126e-05  3.63673e-05  3.27750e-05  2.79440e-05
9.21000e+02  4.03450e-05  3.80872e-05  3.53293e-05  3.19492e-05  2.73837e-05
9.23000e+02  3.87376e-05  3.68601e-05  3.45354e-05  3.15798e-05  2.74013e-05
9.25000e+02  3.98954e-05  3.77207e-05  3.50647e-05  3.17989e-05  2.73687e-05
9.27000e+02  4.10196e-05  3.87152e-05  3.59005e-05  3.24627e-05  2.78261e-05
9.29000e+02  4.13782e-05  3.89822e-05  3.60773e-05  3.25486e-05  2.78189e-05
9.31000e+02  4.17834e-05  3.93598e-05  3.64326e-05  3.28823e-05  2.81218e-05
9.33000e+02  4.16399e-05  3.92266e-05  3.63230e-05  3.28040e-05  2.80848e-05
9.35000e+02  4.16612e-05  3.92413e-05  3.63306e-05  3.28016e-05  2.80651e-05
9.37000e+02  4.16521e-05  3.92341e-05  3.63275e-05  3.28028e-05  2.80699e-05
9.39000e+02  4.14925e-05  3.90785e-05  3.61793e-05  3.26628e-05  2.79429e-05
9.41000e+02  3.95265e-05  3.73227e-05  3.46868e-05  3.14832e-05  2.71646e-05
9.43000e+02  4.10465e-05  3.86933e-05  3.58632e-05  3.24248e-05  2.77988e-05
9.45000e+02  4.05390e-05  3.82166e-05  3.54279e-05  3.20439e-05  2.74996e-05
9.47000e+02  4.14709e-05  3.90970e-05  3.62224e-05  3.27277e-05  2.80301e-05
9.49000e+02  4.16498e-05  3.92864e-05  3.63992e-05  3.28792e-05  2.81380e-05
9.51000e+02  4.12689e-05  3.89804e-05  3.61715e-05  3.27402e-05  2.81148e-05
9.53000e+02  4.06970e-05  3.85192e-05  3.58275e-05  3.25052e-05  2.79845e-05
9.55000e+02  3.85341e-05  3.67635e-05  3.45541e-05  3.17256e-05  2.76924e-05
9.57000e+02  4.06386e-05  3.84600e-05  3.57730e-05  3.24653e-05  2.79745e-05
9.59000e+02  4.14534e-05  3.91714e-05  3.63654e-05  3.29334e-05  2.82971e-05
9.61000e+02  4.10375e-05  3.87689e-05  3.60109e-05  3.26497e-05  2.81116e-05
9.63000e+02  4.08527e-05  3.85959e-05  3.58609e-05  3.25257e-05  2.80168e-05
9.65000e+02  4.09423e-05  3.86484e-05  3.58789e-05  3.25082e-05  2.79604e-05
9.67000e+02  4.07637e-05  3.84875e-05  3.57466e-05  3.24103e-05  2.79057e-05
9.69000e+02  4.13009e-05  3.90056e-05  3.62353e-05  3.28568e-05  2.82792e-05
9.71000e+02  4.13155e-05  3.89838e-05  3.61779e-05  3.27684e-05  2.81750e-05
9.73000e+02  4.14404e-05  3.91139e-05  3.63089e-05  3.28948e-05  2.82842e-05
9.75000e+02  4.09824e-05  3.86996e-05  3.59535e-05  3.26117e-05  2.80957e-05
9.77000e+02  4.12290e-05  3.89214e-05  3.61441e-05  3.27668e-05  2.82093e-05
9.79000e+02  4.09174e-05  3.86243e-05  3.58699e-05  3.25227e-05  2.80113e-05
9.81000e+02  4.15001e-05  3.91904e-05  3.64025e-05  3.30075e-05  2.84165e-05
9.83000e+02  4.11860e-05  3.89010e-05  3.61494e-05  3.28022e-05  2.82822e-05
9.85000e+02  4.14196e-05  3.91398e-05  3.63840e-05  3.30232e-05  2.84691e-05
9.87000e+02  4.11852e-05  3.89321e-05  3.62095e-05  3.28898e-05  2.83894e-05
9.89000e+02  4.11615e-05  3.89333e-05  3.62334e-05  3.29365e-05  2.84578e-05
9.91000e+02  4.08566e-05  3.86503e-05  3.59840e-05  3.27286e-05  2.83061e-05
9.93000e+02  4.15456e-05  3.92851e-05  3.65359e-05  3.31789e-05  2.86239e-05
9.95000e+02  4.14394e-05  3.91940e-05  3.64588e-05  3.31168e-05  2.85790e-05
9.97000e+02  4.14336e-05  3.92051e-05  3.64810e-05  3.31510e-05  2.86297e-05
9.99000e+02  4.12424e-05  3.90496e-05  3.63546e-05  3.30555e-05  2.85755e-05
1.00250e+03  4.06876e-05  3.86451e-05  3.60934e-05  3.29213e-05  2.85502e-05
1.00750e+03  4.00088e-05  3.80713e-05  3.56476e-05  3.26164e-05  2.84057e-05
1.01250e+03  4.11207e-05  3.89674e-05  3.63168e-05  3.30641e-05  2.86281e-05
1.01750e+03  4.06557e-05  3.85123e-05  3.59079e-05  3.27234e-05  2.83888e-05
1.02250e+03  4.10114e-05  3.88347e-05  3.61907e-05  3.29592e-05  2.85614e-05
1.02750e+03  4.13066e-05  3.91185e-05  3.64537e-05  3.31932e-05  2.87482e-05
1.03250e+03  4.08571e-05  3.87069e-05  3.60919e-05  3.28927e-05  2.85302e-05
1.03750e+03  4.08263e-05  3.86850e-05  3.60794e-05  3.28903e-05  2.85395e-05
1.04250e+03  4.09906e-05  3.88528e-05  3.62469e-05  3.30538e-05  2.86894e-05
1.04750e+03  4.05511e-05  3.84725e-05  3.59383e-05  3.28274e-05  2.85623e-05
1.05250e+03  4.07913e-05  3.86964e-05  3.61368e-05  3.29936e-05  2.86837e-05
1.05750e+03  4.05899e-05  3.85130e-05  3.59748e-05  3.28585e-05  2.85876e-05
1.06250e+03  4.05420e-05  3.84759e-05  3.59478e-05  3.28437e-05  2.85865e-05
1.06750e+03  3.96378e-05  3.76735e-05  3.52709e-05  3.23127e-05  2.82411e-05
1.07250e+03  4.00597e-05  3.80524e-05  3.55936e-05  3.25695e-05  2.84155e-05
1.07750e+03  3.99065e-05  3.79165e-05  3.54748e-05  3.24717e-05  2.83453e-05
1.08250e+03  3.91137e-05  3.71877e-05  3.48288e-05  3.19315e-05  2.79619e-05
1.08750e+03  3.92704e-05  3.73666e-05  3.49998e-05  3.20771e-05  2.80570e-05
1.09250e+03  3.82370e-05  3.65966e-05  3.45078e-05  3.18406e-05  2.80324e-05
1.09750e+03  3.82515e-05  3.64358e-05  3.41572e-05  3.13125e-05  2.73698e-05
1.10250e+03  3.91258e-05  3.71712e-05  3.47405e-05  3.17338e-05  2.76039e-05
1.10750e+03  3.94703e-05  3.74793e-05  3.50190e-05  3.19825e-05  2.78169e-05
1.11250e+03  3.93438e-05  3.73751e-05  3.49449e-05  3.19431e-05  2.78135e-05
1.11750e+03  3.93551e-05  3.74059e-05  3.50004e-05  3.20295e-05  2.79350e-05
1.12250e+03  3.94783e-05  3.75186e-05  3.50987e-05  3.21096e-05  2.79912e-05
1.12750e+03  3.87007e-05  3.68193e-05  3.45003e-05  3.16327e-05  2.76723e-05
1.13250e+03  3.90512e-05  3.71713e-05  3.48444e-05  3.19609e-05  2.79607e-05
1.13750e+03  3.89884e-05  3.70910e-05  3.47426e-05  3.18343e-05  2.78087e-05
1.14250e+03  3.87072e-05  3.68526e-05  3.45595e-05  3.17184e-05  2.77789e-05
1.14750e+03  3.95027e-05  3.76006e-05  3.52312e-05  3.22908e-05  2.82045e-05
1.15250e+03  3.94104e-05  3.75201e-05  3.51664e-05  3.22462e-05  2.81879e-05
1.15750e+03  3.90865e-05  3.72223e-05  3.49032e-05  3.20257e-05  2.80256e-05
1.16250e+03  3.87076e-05  3.68935e-05  3.46304e-05  3.18155e-05  2.78865e-05
1.16750e+03  3.87193e-05  3.69265e-05  3.46845e-05  3.18889e-05  2.79742e-05
1.17250e+03  3.93832e-05  3.75351e-05  3.52184e-05  3.23342e-05  2.83027e-05
1.17750e+03  3.85724e-05  3.68166e-05  3.46118e-05  3.18570e-05  2.79848e-05
1.18250e+03  3.83986e-05  3.66344e-05  3.44281e-05  3.16810e-05  2.78378e-05
1.18750e+03  3.83905e-05  3.66438e-05  3.44502e-05  3.17101e-05  2.78598e-05
1.19250e+03  3.93258e-05  3.75148e-05  3.52272e-05  3.23689e-05  2.83505e-05
1.19750e+03  3.78021e-05  3.60817e-05  3.39299e-05  3.12512e-05  2.75038e-05
1.20250e+03  3.84921e-05  3.67474e-05  3.45508e-05  3.18082e-05  2.79530e-05
1.20750e+03  3.81033e-05  3.63869e-05  3.42281e-05  3.15328e-05  2.77443e-05
1.21250e+03  3.84943e-05  3.67666e-05  3.45819e-05  3.18464e-05  2.79875e-05
1.21750e+03  3.89835e-05  3.72351e-05  3.50099e-05  3.22175e-05  2.82644e-05
1.22250e+03  3.88855e-05  3.71540e-05  3.49467e-05  3.21736e-05  2.82412e-05
1.22750e+03  3.86442e-05  3.69403e-05  3.47654e-05  3.20310e-05  2.81489e-05
1.23250e+03  3.86086e-05  3.69052e-05  3.47309e-05  3.19971e-05  2.81160e-05
1.23750e+03  3.86392e-05  3.69444e-05  3.47734e-05  3.20407e-05  2.81524e-05
1.24250e+03  3.83835e-05  3.67020e-05  3.45507e-05  3.18461e-05  2.80040e-05
1.24750e+03  3.86368e-05  3.69608e-05  3.48032e-05  3.20825e-05  2.81992e-05
1.25250e+03  3.83340e-05  3.66775e-05  3.45500e-05  3.18680e-05  2.80431e-05
1.25750e+03  3.82890e-05  3.66624e-05  3.45605e-05  3.19027e-05  2.80946e-05
1.26250e+03  3.83096e-05  3.66921e-05  3.45918e-05  3.19332e-05  2.81195e-05
1.26750e+03  3.79717e-05  3.63693e-05  3.42886e-05  3.16581e-05  2.78958e-05
1.27250e+03  3.81518e-05  3.65749e-05  3.44963e-05  3.18549e-05  2.80599e-05
1.27750e+03  3.79108e-05  3.64303e-05  3.44380e-05  3.18735e-05  2.81390e-05
1.28250e+03  3.50937e-05  3.39181e-05  3.23608e-05  3.02987e-05  2.71846e-05
1.28750e+03  3.75226e-05  3.60461e-05  3.40708e-05  3.15388e-05  2.78687e-05
1.29250e+03  3.76044e-05  3.60768e-05  3.40594e-05  3.14919e-05  2.77889e-05
1.29750e+03  3.80008e-05  3.64540e-05  3.44132e-05  3.18156e-05  2.80559e-05
1.30250e+03  3.75478e-05  3.60054e-05  3.39926e-05  3.14407e-05  2.77645e-05
1.30750e+03  3.79265e-05  3.63815e-05  3.43498e-05  3.17665e-05  2.80241e-05
1.31250e+03  3.72906e-05  3.57770e-05  3.37961e-05  3.12813e-05  2.76456e-05
1.31750e+03  3.72757e-05  3.57806e-05  3.38170e-05  3.13190e-05  2.76928e-05
1.32250e+03  3.77097e-05  3.61912e-05  3.41872e-05  3.16345e-05  2.79229e-05
1.32750e+03  3.71924e-05  3.57010e-05  3.37401e-05  3.12447e-05  2.76206e-05
1.33250e+03  3.74393e-05  3.59540e-05  3.39887e-05  3.14819e-05  2.78256e-05
1.33750e+03  3.72984e-05  3.58241e-05  3.38730e-05  3.13838e-05  2.77515e-05
1.34250e+03  3.75012e-05  3.60300e-05  3.40747e-05  3.15766e-05  2.79199e-05
1.34750e+03  3.73632e-05  3.59035e-05  3.39609e-05  3.14785e-05  2.78429e-05
1.35250e+03  3.73423e-05  3.58999e-05  3.39734e-05  3.15063e-05  2.78811e-05
1.35750e+03  3.68223e-05  3.54033e-05  3.35150e-05  3.13700e-05  2.75586e-05
1.36250e+03  3.69520e-05  3.55314e-05  3.36337e-05  3.12046e-05  2.76357e-05
1.36750e+03  3.68691e-05  3.54678e-05  3.35921e-05  3.11908e-05  2.76548e-05
1.37250e+03  3.68399e-05  3.54649e-05  3.36162e-05  3.12418e-05  2.77282e-05
1.37750e+03  3.68339e-05  3.54569e-05  3.36023e-05  3.12214e-05  2.76990e-05
1.38250e+03  3.69030e-05  3.55322e-05  3.36787e-05  3.12960e-05  2.77631e-05
1.38750e+03  3.69222e-05  3.55545e-05  3.36967e-05  3.13052e-05  2.77529e-05
1.39250e+03  3.67969e-05  3.54538e-05  3.36280e-05  3.12750e-05  2.77687e-05
1.39750e+03  3.67158e-05  3.53819e-05  3.35641e-05  3.12195e-05  2.77212e-05
1.40250e+03  3.64197e-05  3.50965e-05  3.32954e-05  3.09747e-05  2.75183e-05
1.40750e+03  3.65515e-05  3.52220e-05  3.34026e-05  3.10517e-05  2.75350e-05
1.41250e+03  3.59529e-05  3.46366e-05  3.28448e-05  3.05305e-05  2.70739e-05
1.41750e+03  3.64045e-05  3.50890e-05  3.32766e-05  3.09246e-05  2.73852e-05
1.42250e+03  3.57832e-05  3.45003e-05  3.27386e-05  3.04582e-05  2.73256e-05
1.42750e+03  3.52477e-05  3.39856e-05  3.22622e-05  3.00352e-05  2.67049e-05
1.43250e+03  3.59321e-05  3.46525e-05  3.28892e-05  3.06039e-05  2.71703e-05
1.43750e+03  3.62382e-05  3.49671e-05  3.31959e-05  3.08945e-05  2.74173e-05
1.44250e+03  3.48231e-05  3.36229e-05  3.19784e-05  2.98472e-05  2.66370e-05
1.44750e+03  3.58673e-05  3.46205e-05  3.28898e-05  3.06447e-05  2.72592e-05
1.45250e+03  3.51602e-05  3.39628e-05  3.23038e-05  3.01478e-05  2.68804e-05
1.45700e+03  3.55745e-05  3.43571e-05  3.26530e-05  3.04351e-05  2.70702e-05
1.46200e+03  3.54132e-05  3.42026e-05  3.25137e-05  3.03152e-05  2.69764e-05
1.46750e+03  3.54375e-05  3.42307e-05  3.25377e-05  3.07088e-05  2.69718e-05
1.47250e+03  3.47724e-05  3.35972e-05  3.19631e-05  2.98383e-05  2.66131e-05
1.47750e+03  3.48954e-05  3.37352e-05  3.21920e-05  2.99939e-05  2.67701e-05
1.48250e+03  3.50226e-05  3.38571e-05  3.22163e-05  3.00769e-05  2.68159e-05
1.48750e+03  3.40117e-05  3.28953e-05  3.13453e-05  2.93367e-05  2.62958e-05
1.49250e+03  3.54160e-05  3.42700e-05  3.26297e-05  3.04881e-05  2.72039e-05
1.49750e+03  3.49967e-05  3.38770e-05  3.22769e-05  3.01873e-05  2.69804e-05
1.50250e+03  3.38279e-05  3.27253e-05  3.11814e-05  2.91806e-05  2.61527e-05
1.50750e+03  3.40928e-05  3.30047e-05  3.14646e-05  2.94601e-05  2.63984e-05
1.51250e+03  3.48306e-05  3.37263e-05  3.21396e-05  3.00665e-05  2.68771e-05
1.51750e+03  3.50188e-05  3.39322e-05  3.23540e-05  3.02872e-05  2.70917e-05
1.52250e+03  3.43876e-05  3.33134e-05  3.17751e-05  2.97697e-05  2.66893e-05
1.52750e+03  3.48888e-05  3.38272e-05  3.22743e-05  3.02380e-05  2.70791e-05
1.53250e+03  3.46023e-05  3.35537e-05  3.20277e-05  3.00329e-05  2.69474e-05
1.53750e+03  3.46733e-05  3.36427e-05  3.21279e-05  3.01453e-05  2.70682e-05
1.54250e+03  3.45627e-05  3.35398e-05  3.20432e-05  3.00822e-05  2.70331e-05
1.54750e+03  3.45204e-05  3.35063e-05  3.20127e-05  3.00577e-05  2.70179e-05
1.55250e+03  3.40932e-05  3.30817e-05  3.16038e-05  2.96742e-05  2.66882e-05
1.55750e+03  3.39861e-05  3.29790e-05  3.15114e-05  2.95957e-05  2.66346e-05
1.56250e+03  3.44929e-05  3.35166e-05  3.20499e-05  3.01249e-05  2.71111e-05
1.56750e+03  3.35118e-05  3.25324e-05  3.11077e-05  2.92527e-05  2.63876e-05
1.57250e+03  3.39794e-05  3.30264e-05  3.16087e-05  2.97528e-05  2.68533e-05
1.57750e+03  3.24674e-05  3.15259e-05  3.01682e-05  2.84058e-05  2.56995e-05
1.58250e+03  3.33882e-05  3.24489e-05  3.10577e-05  2.92334e-05  2.63985e-05
1.58750e+03  3.21559e-05  3.12278e-05  2.99118e-05  2.82073e-05  2.55911e-05
1.59250e+03  3.29139e-05  3.19752e-05  3.06033e-05  2.88176e-05  2.60574e-05
1.59750e+03  3.32550e-05  3.23453e-05  3.09809e-05  2.91999e-05  2.64263e-05
1.60500e+03  3.31552e-05  3.22619e-05  3.09196e-05  2.91641e-05  2.64152e-05
1.61500e+03  3.27175e-05  3.18422e-05  3.05460e-05  2.88548e-05  2.62108e-05
1.62500e+03  3.31171e-05  3.22483e-05  3.09119e-05  2.91639e-05  2.64305e-05
1.63500e+03  3.24569e-05  3.16251e-05  3.03661e-05  2.87190e-05  2.61304e-05
1.64500e+03  3.19773e-05  3.11628e-05  2.99551e-05  2.83749e-05  2.58811e-05
1.65500e+03  3.25042e-05  3.16648e-05  3.03748e-05  2.86870e-05  2.60492e-05
1.66500e+03  3.22969e-05  3.14674e-05  3.01865e-05  2.85081e-05  2.58809e-05
1.67500e+03  3.14133e-05  3.06361e-05  2.94566e-05  2.79054e-05  2.54519e-05
1.68500e+03  3.07056e-05  2.99551e-05  2.88472e-05  2.73890e-05  2.50735e-05
1.69500e+03  3.17389e-05  3.09402e-05  2.97022e-05  2.80773e-05  2.55277e-05
1.70500e+03  3.10213e-05  3.02202e-05  2.90056e-05  2.74190e-05  2.49491e-05
1.71500e+03  3.08881e-05  3.01009e-05  2.88972e-05  2.73237e-05  2.48730e-05
1.72500e+03  3.01911e-05  2.94263e-05  2.82736e-05  2.67638e-05  2.44121e-05
1.73500e+03  2.87772e-05  2.81135e-05  2.71538e-05  2.58797e-05  2.40179e-05
1.74500e+03  2.95434e-05  2.88215e-05  2.77345e-05  2.63044e-05  2.40599e-05
1.75500e+03  2.97671e-05  2.90091e-05  2.78680e-05  2.63757e-05  2.40520e-05
1.76500e+03  2.95543e-05  2.87995e-05  2.76715e-05  2.61986e-05  2.39069e-05
1.77500e+03  2.91951e-05  2.84281e-05  2.72977e-05  2.58261e-05  2.35484e-05
1.78500e+03  2.91716e-05  2.84218e-05  2.73058e-05  2.58483e-05  2.35804e-05
1.79500e+03  2.89447e-05  2.81998e-05  2.70874e-05  2.56341e-05  2.33786e-05
1.80500e+03  2.84364e-05  2.77255e-05  2.66592e-05  2.52589e-05  2.30767e-05
1.81500e+03  2.71546e-05  2.65572e-05  2.56837e-05  2.45152e-05  2.26407e-05
1.82500e+03  2.75788e-05  2.69153e-05  2.59289e-05  2.46246e-05  2.25763e-05
1.83500e+03  2.76806e-05  2.69699e-05  2.59232e-05  2.45545e-05  2.24360e-05
1.84500e+03  2.72452e-05  2.65335e-05  2.55016e-05  2.41585e-05  2.20930e-05
1.85500e+03  2.72428e-05  2.65461e-05  2.55281e-05  2.41979e-05  2.21409e-05
1.86500e+03  2.65981e-05  2.59218e-05  2.49367e-05  2.36480e-05  2.16626e-05
1.87500e+03  2.50325e-05  2.45055e-05  2.37483e-05  2.27282e-05  2.10996e-05
1.88500e+03  2.63120e-05  2.56642e-05  2.47124e-05  2.34607e-05  2.15181e-05
1.89500e+03  2.55613e-05  2.48849e-05  2.39353e-05  2.27045e-05  2.08304e-05
1.90500e+03  2.62351e-05  2.55598e-05  2.45846e-05  2.33138e-05  2.13545e-05
1.91500e+03  2.58655e-05  2.51944e-05  2.42339e-05  2.29838e-05  2.10610e-05
1.92500e+03  2.56601e-05  2.50046e-05  2.40620e-05  2.28336e-05  2.09441e-05
1.93500e+03  2.50997e-05  2.44700e-05  2.35649e-05  2.23792e-05  2.05535e-05
1.94500e+03  2.38247e-05  2.33181e-05  2.26036e-05  2.16422e-05  2.01052e-05
1.95500e+03  2.49662e-05  2.43574e-05  2.34706e-05  2.23048e-05  2.04971e-05
1.96500e+03  2.47619e-05  2.41262e-05  2.32221e-05  2.20447e-05  2.02366e-05
1.97500e+03  2.44618e-05  2.38259e-05  2.29303e-05  2.17653e-05  1.99776e-05
1.98500e+03  2.44823e-05  2.38471e-05  2.29505e-05  2.17829e-05  1.99875e-05
1.99500e+03  2.42876e-05  2.36573e-05  2.27704e-05  2.16167e-05  1.98438e-05
2.00500e+03  2.42387e-05  2.36132e-05  2.27329e-05  2.15877e-05  1.98255e-05
2.01500e+03  2.41883e-05  2.35664e-05  2.26889e-05  2.15456e-05  1.97819e-05
2.02500e+03  2.36989e-05  2.30815e-05  2.22215e-05  2.11036e-05  1.93899e-05
2.03500e+03  2.33516e-05  2.27453e-05  2.19064e-05  2.08183e-05  1.91553e-05
2.04500e+03  2.35841e-05  2.29779e-05  2.21277e-05  2.10203e-05  1.93155e-05
2.05500e+03  2.32171e-05  2.26084e-05  2.17661e-05  2.06716e-05  1.89978e-05
2.06500e+03  2.29311e-05  2.23394e-05  2.15200e-05  2.04546e-05  1.88209e-05
2.07500e+03  2.28780e-05  2.22885e-05  2.14705e-05  2.04054e-05  1.87687e-05
2.08500e+03  2.26149e-05  2.20243e-05  2.12124e-05  2.01585e-05  1.85501e-05
2.09500e+03  2.23282e-05  2.17499e-05  2.09551e-05  1.99234e-05  1.83483e-05
2.10500e+03  2.24203e-05  2.18479e-05  2.10543e-05  2.00204e-05  1.84322e-05
2.11500e+03  2.21473e-05  2.15819e-05  2.08021e-05  1.97867e-05  1.82305e-05
2.12500e+03  2.19062e-05  2.13435e-05  2.05717e-05  1.95677e-05  1.80336e-05
2.13500e+03  2.18737e-05  2.13234e-05  2.05604e-05  1.95655e-05  1.80373e-05
2.14500e+03  2.17176e-05  2.11718e-05  2.04124e-05  1.94206e-05  1.78990e-05
2.15500e+03  2.14648e-05  2.09398e-05  2.02051e-05  1.92392e-05  1.77520e-05
2.16500e+03  2.02201e-05  1.98101e-05  1.92470e-05  1.84852e-05  1.72674e-05
2.17500e+03  2.08378e-05  2.03294e-05  1.96294e-05  1.87100e-05  1.73001e-05
2.18500e+03  2.08958e-05  2.03734e-05  1.96546e-05  1.87176e-05  1.72863e-05
2.19500e+03  2.09496e-05  2.04193e-05  1.96903e-05  1.87406e-05  1.72883e-05
2.20500e+03  2.05349e-05  2.00134e-05  1.93058e-05  1.83858e-05  1.69839e-05
2.21500e+03  2.06126e-05  2.00936e-05  1.93859e-05  1.84644e-05  1.70555e-05
2.22500e+03  2.04199e-05  1.98995e-05  1.91920e-05  1.82719e-05  1.68682e-05
2.23500e+03  2.02554e-05  1.97384e-05  1.90376e-05  1.81435e-05  1.67393e-05
2.24500e+03  2.01077e-05  1.95945e-05  1.89007e-05  1.79991e-05  1.66259e-05
2.25500e+03  1.99084e-05  1.94061e-05  1.87288e-05  1.78486e-05  1.65069e-05
2.26500e+03  1.97200e-05  1.92168e-05  1.85407e-05  1.77291e-05  1.63301e-05
2.27500e+03  1.97226e-05  1.92250e-05  1.85533e-05  1.76799e-05  1.63483e-05
2.28500e+03  1.93528e-05  1.88606e-05  1.82033e-05  1.73514e-05  1.60610e-05
2.29500e+03  1.91491e-05  1.86402e-05  1.79586e-05  1.70668e-05  1.57037e-05
2.30500e+03  1.91993e-05  1.87025e-05  1.80352e-05  1.71649e-05  1.58375e-05
2.31500e+03  1.90080e-05  1.85192e-05  1.78654e-05  1.70149e-05  1.57207e-05
2.32500e+03  1.86643e-05  1.81575e-05  1.74809e-05  1.65956e-05  1.52498e-05
2.33500e+03  1.86143e-05  1.81279e-05  1.74796e-05  1.66344e-05  1.53505e-05
2.34500e+03  1.86480e-05  1.81664e-05  1.75231e-05  1.66843e-05  1.54076e-05
2.35500e+03  1.81745e-05  1.76755e-05  1.70134e-05  1.61470e-05  1.48348e-05
2.36500e+03  1.83159e-05  1.78366e-05  1.71979e-05  1.63640e-05  1.50952e-05
2.37500e+03  1.78998e-05  1.74307e-05  1.68186e-05  1.60271e-05  1.48370e-05
2.38500e+03  1.76653e-05  1.71825e-05  1.65473e-05  1.57174e-05  1.44624e-05
2.39500e+03  1.78815e-05  1.74113e-05  1.67875e-05  1.59727e-05  1.47331e-05
2.40500e+03  1.77406e-05  1.72792e-05  1.66700e-05  1.58768e-05  1.46738e-05
2.41500e+03  1.72575e-05  1.67888e-05  1.61782e-05  1.53837e-05  1.41870e-05
2.42500e+03  1.74175e-05  1.69570e-05  1.63508e-05  1.55602e-05  1.43619e-05
2.43500e+03  1.72984e-05  1.68485e-05  1.62580e-05  1.54899e-05  1.43283e-05
2.44500e+03  1.71295e-05  1.66706e-05  1.60677e-05  1.52805e-05  1.40887e-05
2.45500e+03  1.67547e-05  1.63066e-05  1.57265e-05  1.49742e-05  1.38465e-05
2.46500e+03  1.69802e-05  1.65409e-05  1.59657e-05  1.52175e-05  1.40864e-05
2.47500e+03  1.66993e-05  1.62613e-05  1.56911e-05  1.49500e-05  1.38334e-05
2.48500e+03  1.64559e-05  1.60219e-05  1.54574e-05  1.47225e-05  1.36140e-05
2.49500e+03  1.65865e-05  1.61553e-05  1.55934e-05  1.48624e-05  1.37590e-05
2.50500e+03  1.64542e-05  1.60260e-05  1.54707e-05  1.47512e-05  1.36721e-05
2.51500e+03  1.63197e-05  1.58898e-05  1.53284e-05  1.45955e-05  1.34864e-05
2.52500e+03  1.63554e-05  1.59330e-05  1.53812e-05  1.46621e-05  1.35743e-05
2.53500e+03  1.61917e-05  1.57767e-05  1.52363e-05  1.45339e-05  1.34749e-05
2.54500e+03  1.59021e-05  1.54916e-05  1.49622e-05  1.42760e-05  1.32469e-05
2.55500e+03  1.58905e-05  1.54839e-05  1.49566e-05  1.42711e-05  1.32375e-05
2.56500e+03  1.57814e-05  1.53800e-05  1.48616e-05  1.41887e-05  1.31769e-05
2.57500e+03  1.58251e-05  1.54254e-05  1.49052e-05  1.42286e-05  1.32078e-05
2.58500e+03  1.53831e-05  1.49839e-05  1.44726e-05  1.38111e-05  1.28244e-05
2.59500e+03  1.55262e-05  1.51313e-05  1.46193e-05  1.39546e-05  1.29561e-05
2.60500e+03  1.54837e-05  1.50975e-05  1.45948e-05  1.39400e-05  1.29525e-05
2.61500e+03  1.52895e-05  1.49169e-05  1.44323e-05  1.37982e-05  1.28378e-05
2.62500e+03  1.45390e-05  1.42484e-05  1.38675e-05  1.33528e-05  1.25431e-05
2.63500e+03  1.50297e-05  1.46659e-05  1.41928e-05  1.35744e-05  1.26419e-05
2.64500e+03  1.49207e-05  1.45486e-05  1.40698e-05  1.34511e-05  1.25291e-05
2.65500e+03  1.48940e-05  1.45205e-05  1.40395e-05  1.34165e-05  1.24846e-05
2.66500e+03  1.47090e-05  1.43436e-05  1.38745e-05  1.32664e-05  1.23550e-05
2.67500e+03  1.47606e-05  1.44018e-05  1.39420e-05  1.33447e-05  1.24443e-05
2.68500e+03  1.47488e-05  1.43853e-05  1.39166e-05  1.33077e-05  1.23922e-05
2.69500e+03  1.46444e-05  1.42772e-05  1.38046e-05  1.31925e-05  1.22760e-05
2.70500e+03  1.45752e-05  1.42128e-05  1.37466e-05  1.31434e-05  1.22410e-05
2.71500e+03  1.44544e-05  1.40947e-05  1.36339e-05  1.30386e-05  1.21506e-05
2.72500e+03  1.43701e-05  1.40139e-05  1.35575e-05  1.29682e-05  1.20898e-05
2.73500e+03  1.42928e-05  1.39392e-05  1.34855e-05  1.28984e-05  1.20203e-05
2.74500e+03  1.42339e-05  1.38859e-05  1.34389e-05  1.28593e-05  1.19909e-05
2.75500e+03  1.39783e-05  1.36497e-05  1.32313e-05  1.26870e-05  1.18671e-05
2.76500e+03  1.39251e-05  1.35939e-05  1.31708e-05  1.26208e-05  1.17948e-05
2.77500e+03  1.38911e-05  1.35499e-05  1.31148e-05  1.25528e-05  1.17162e-05
2.78500e+03  1.38223e-05  1.34817e-05  1.30483e-05  1.24901e-05  1.16609e-05
2.79500e+03  1.38050e-05  1.34662e-05  1.30336e-05  1.24755e-05  1.16457e-05
2.80500e+03  1.37052e-05  1.33691e-05  1.29407e-05  1.23886e-05  1.15684e-05
2.81500e+03  1.36350e-05  1.33008e-05  1.28748e-05  1.23253e-05  1.15081e-05
2.82500e+03  1.35347e-05  1.32035e-05  1.27822e-05  1.22392e-05  1.14335e-05
2.83500e+03  1.34904e-05  1.31625e-05  1.27446e-05  1.22057e-05  1.14049e-05
2.84500e+03  1.33184e-05  1.29950e-05  1.25851e-05  1.20574e-05  1.12763e-05
2.85500e+03  1.32806e-05  1.29598e-05  1.25518e-05  1.20254e-05  1.12438e-05
2.86500e+03  1.31425e-05  1.28349e-05  1.24430e-05  1.19336e-05  1.11716e-05
2.87500e+03  1.29263e-05  1.26383e-05  1.22737e-05  1.17972e-05  1.10774e-05
2.88500e+03  1.30004e-05  1.26914e-05  1.22996e-05  1.17932e-05  1.10411e-05
2.89500e+03  1.29681e-05  1.26564e-05  1.22613e-05  1.17522e-05  1.09982e-05
2.90500e+03  1.28953e-05  1.25847e-05  1.21914e-05  1.16854e-05  1.09367e-05
2.91500e+03  1.28165e-05  1.25092e-05  1.21205e-05  1.16202e-05  1.08799e-05
2.92500e+03  1.26481e-05  1.23435e-05  1.19603e-05  1.14685e-05  1.07442e-05
2.93500e+03  1.26566e-05  1.23515e-05  1.19667e-05  1.14723e-05  1.07431e-05
2.94500e+03  1.25563e-05  1.22545e-05  1.18744e-05  1.13862e-05  1.06662e-05
2.95500e+03  1.25063e-05  1.22055e-05  1.18267e-05  1.13402e-05  1.06228e-05
2.96500e+03  1.24436e-05  1.21452e-05  1.17694e-05  1.12865e-05  1.05743e-05
2.97500e+03  1.23657e-05  1.20703e-05  1.16985e-05  1.12210e-05  1.05171e-05
2.98500e+03  1.22896e-05  1.19956e-05  1.16259e-05  1.11510e-05  1.04516e-05
2.99500e+03  1.21729e-05  1.18823e-05  1.15179e-05  1.10505e-05  1.03636e-05
3.00500e+03  1.20991e-05  1.18112e-05  1.14502e-05  1.09872e-05  1.03066e-05
3.01500e+03  1.20674e-05  1.17821e-05  1.14235e-05  1.09627e-05  1.02839e-05
3.02500e+03  1.19598e-05  1.16796e-05  1.13272e-05  1.08735e-05  1.02050e-05
3.03500e+03  1.17177e-05  1.14651e-05  1.11469e-05  1.07312e-05  1.01068e-05
3.04500e+03  1.17473e-05  1.14876e-05  1.11594e-05  1.07313e-05  1.00905e-05
3.05500e+03  1.17625e-05  1.14871e-05  1.11416e-05  1.06973e-05  1.00436e-05
3.06500e+03  1.16760e-05  1.14017e-05  1.10586e-05  1.06187e-05  9.97302e-06
3.07500e+03  1.16600e-05  1.13852e-05  1.10412e-05  1.05997e-05  9.95105e-06
3.08500e+03  1.15191e-05  1.12472e-05  1.09085e-05  1.04750e-05  9.84038e-06
3.09500e+03  1.14840e-05  1.12136e-05  1.08764e-05  1.04444e-05  9.81110e-06
3.10500e+03  1.14572e-05  1.11886e-05  1.08530e-05  1.04226e-05  9.79066e-06
3.11500e+03  1.12623e-05  1.10007e-05  1.06759e-05  1.02603e-05  9.65225e-06
3.12500e+03  1.13039e-05  1.10394e-05  1.07099e-05  1.02877e-05  9.66891e-06
3.13500e+03  1.12502e-05  1.09868e-05  1.06585e-05  1.02377e-05  9.62033e-06
3.14500e+03  1.11934e-05  1.09322e-05  1.06066e-05  1.01893e-05  9.57732e-06
3.15500e+03  1.10781e-05  1.08200e-05  1.04995e-05  1.00895e-05  9.48992e-06
3.16500e+03  1.10197e-05  1.07601e-05  1.04385e-05  1.00276e-05  9.42883e-06
3.17500e+03  1.09828e-05  1.07275e-05  1.04103e-05  1.00042e-05  9.40955e-06
3.18500e+03  1.09258e-05  1.06706e-05  1.03538e-05  9.94872e-06  9.35668e-06
3.19500e+03  1.08868e-05  1.06331e-05  1.03180e-05  9.91466e-06  9.32458e-06
3.21000e+03  1.07670e-05  1.05172e-05  1.02077e-05  9.81173e-06  9.23343e-06
3.23000e+03  1.06500e-05  1.04022e-05  1.00953e-05  9.70284e-06  9.13032e-06
3.25000e+03  1.05148e-05  1.02709e-05  9.96960e-06  9.58487e-06  9.02482e-06
3.27000e+03  1.03934e-05  1.01540e-05  9.85809e-06  9.47998e-06  8.92942e-06
3.29000e+03  1.01368e-05  9.92483e-06  9.66054e-06  9.31679e-06  8.80569e-06
3.31000e+03  1.01136e-05  9.88853e-06  9.60991e-06  9.25192e-06  8.72830e-06
3.33000e+03  1.00167e-05  9.78862e-06  9.50793e-06  9.14960e-06  8.62876e-06
3.35000e+03  9.94804e-06  9.72065e-06  9.44106e-06  9.08443e-06  8.56651e-06
3.37000e+03  9.81448e-06  9.59229e-06  9.31960e-06  8.97177e-06  8.46670e-06
3.39000e+03  9.70187e-06  9.48195e-06  9.21232e-06  8.86851e-06  8.36973e-06
3.41000e+03  9.57827e-06  9.36211e-06  9.09775e-06  8.76109e-06  8.27361e-06
3.43000e+03  9.52812e-06  9.31231e-06  9.04802e-06  8.71131e-06  8.22351e-06
3.45000e+03  9.45101e-06  9.23620e-06  8.97298e-06  8.63755e-06  8.15155e-06
3.47000e+03  9.33178e-06  9.12051e-06  8.86232e-06  8.53370e-06  8.05857e-06
3.49000e+03  9.24034e-06  9.03170e-06  8.77682e-06  8.45250e-06  7.98373e-06
3.51000e+03  9.15655e-06  8.95031e-06  8.69832e-06  8.37753e-06  7.91358e-06
3.53000e+03  9.03641e-06  8.83356e-06  8.58623e-06  8.27168e-06  7.81742e-06
3.55000e+03  8.96197e-06  8.76123e-06  8.51645e-06  8.20511e-06  7.75548e-06
3.57000e+03  8.85911e-06  8.66146e-06  8.42066e-06  8.11439e-06  7.67220e-06
3.59000e+03  8.75752e-06  8.56228e-06  8.32488e-06  8.02327e-06  7.58859e-06
3.61000e+03  8.70258e-06  8.50911e-06  8.27347e-06  7.97374e-06  7.54112e-06
3.63000e+03  8.61197e-06  8.42083e-06  8.18824e-06  7.89252e-06  7.46605e-06
3.65000e+03  8.44666e-06  8.26014e-06  8.03486e-06  7.74971e-06  7.34108e-06
3.67000e+03  8.38272e-06  8.19918e-06  7.97681e-06  7.69462e-06  7.28877e-06
3.69000e+03  8.23173e-06  8.05334e-06  7.83830e-06  7.56604e-06  7.17581e-06
3.71000e+03  8.13457e-06  7.95740e-06  7.74440e-06  7.47525e-06  7.09098e-06
3.73000e+03  8.08193e-06  7.91438e-06  7.70993e-06  7.44796e-06  7.06805e-06
3.75000e+03  7.87106e-06  7.71221e-06  7.52021e-06  7.27529e-06  6.92207e-06
3.77000e+03  7.95552e-06  7.78328e-06  7.57570e-06  7.31295e-06  6.93685e-06
3.79000e+03  7.87549e-06  7.70513e-06  7.50017e-06  7.24096e-06  6.87034e-06
3.81000e+03  7.80858e-06  7.63966e-06  7.43645e-06  7.17946e-06  6.81209e-06
3.83000e+03  7.77703e-06  7.60913e-06  7.40655e-06  7.14983e-06  6.78170e-06
3.85000e+03  7.71637e-06  7.54961e-06  7.34834e-06  7.09329e-06  6.72764e-06
3.87000e+03  7.61103e-06  7.44789e-06  7.25137e-06  7.00250e-06  6.64611e-06
3.89000e+03  7.51570e-06  7.35534e-06  7.16278e-06  6.91938e-06  6.57172e-06
3.91000e+03  7.49429e-06  7.33423e-06  7.14133e-06  6.89681e-06  6.54628e-06
3.93000e+03  7.42405e-06  7.26533e-06  7.07422e-06  6.83225e-06  6.48593e-06
3.95000e+03  7.30014e-06  7.14451e-06  6.95814e-06  6.72300e-06  6.38819e-06
3.97000e+03  7.26781e-06  7.11246e-06  6.92606e-06  6.69057e-06  6.35477e-06
3.99000e+03  7.13735e-06  6.98677e-06  6.80675e-06  6.57960e-06  6.25630e-06
4.01000e+03  7.09975e-06  6.95142e-06  6.77362e-06  6.54874e-06  6.22759e-06
4.03000e+03  7.06965e-06  6.92164e-06  6.74375e-06  6.51848e-06  6.19635e-06
4.05000e+03  6.89897e-06  6.77014e-06  6.61275e-06  6.40949e-06  6.11267e-06
4.07000e+03  6.91320e-06  6.76939e-06  6.59721e-06  6.37974e-06  6.06989e-06
4.09000e+03  6.87098e-06  6.72789e-06  6.55656e-06  6.34010e-06  6.03139e-06
4.11000e+03  6.82106e-06  6.67831e-06  6.50741e-06  6.29162e-06  5.98418e-06
4.13000e+03  6.77813e-06  6.63633e-06  6.46644e-06  6.25181e-06  5.94580e-06
4.15000e+03  6.68054e-06  6.54237e-06  6.37725e-06  6.16881e-06  5.87214e-06
4.17000e+03  6.63511e-06  6.49948e-06  6.33683e-06  6.13072e-06  5.83583e-06
4.19000e+03  6.57758e-06  6.44224e-06  6.28020e-06  6.07533e-06  5.78317e-06
4.21000e+03  6.47507e-06  6.34309e-06  6.18571e-06  5.98721e-06  5.70493e-06
4.23000e+03  6.49233e-06  6.35776e-06  6.19681e-06  5.99363e-06  5.70430e-06
4.25000e+03  6.40551e-06  6.27335e-06  6.11574e-06  5.91708e-06  5.63480e-06
4.27000e+03  6.37076e-06  6.23917e-06  6.08207e-06  5.88397e-06  5.60234e-06
4.29000e+03  6.22388e-06  6.09323e-06  5.93776e-06  5.74164e-06  5.46307e-06
4.31000e+03  6.12402e-06  5.99435e-06  5.84030e-06  5.64583e-06  5.36860e-06
4.33000e+03  6.10250e-06  5.97574e-06  5.82519e-06  5.63533e-06  5.36494e-06
4.35000e+03  5.95039e-06  5.82527e-06  5.67731e-06  5.49073e-06  5.22516e-06
4.37000e+03  5.88209e-06  5.76115e-06  5.61748e-06  5.43517e-06  5.17330e-06
4.39000e+03  5.88187e-06  5.75966e-06  5.61446e-06  5.43026e-06  5.16552e-06
4.41000e+03  5.70390e-06  5.58220e-06  5.43910e-06  5.25841e-06  5.00019e-06
4.43000e+03  5.71857e-06  5.59679e-06  5.45319e-06  5.27183e-06  5.01225e-06
4.45000e+03  5.69217e-06  5.57085e-06  5.42748e-06  5.24595e-06  4.98508e-06
4.47000e+03  5.54469e-06  5.42460e-06  5.28358e-06  5.10513e-06  4.84930e-06
4.49000e+03  5.57247e-06  5.45288e-06  5.31200e-06  5.13389e-06  4.87838e-06
4.51000e+03  5.52181e-06  5.40287e-06  5.26280e-06  5.08556e-06  4.83075e-06
4.53000e+03  5.39949e-06  5.28218e-06  5.14455e-06  4.97036e-06  4.72044e-06
4.55000e+03  5.40762e-06  5.29175e-06  5.15556e-06  4.98329e-06  4.73591e-06
4.57000e+03  5.38408e-06  5.26952e-06  5.13467e-06  4.96404e-06  4.71877e-06
4.59000e+03  5.26687e-06  5.15294e-06  5.01924e-06  4.84992e-06  4.60639e-06
4.61000e+03  5.27682e-06  5.16483e-06  5.03313e-06  4.86649e-06  4.62705e-06
4.63000e+03  5.23315e-06  5.12220e-06  4.99154e-06  4.82587e-06  4.58693e-06
4.65000e+03  5.13576e-06  5.03706e-06  4.91835e-06  4.76514e-06  4.54107e-06
4.67000e+03  5.13993e-06  5.03707e-06  4.91458e-06  4.75784e-06  4.53033e-06
4.69000e+03  5.13134e-06  5.02485e-06  4.89904e-06  4.73944e-06  4.50946e-06
4.71000e+03  5.07960e-06  4.97314e-06  4.84782e-06  4.68925e-06  4.46165e-06
4.73000e+03  5.07587e-06  4.97066e-06  4.84669e-06  4.68994e-06  4.46538e-06
4.75000e+03  5.02876e-06  4.92450e-06  4.80161e-06  4.64609e-06  4.42290e-06
4.77000e+03  4.98259e-06  4.87952e-06  4.75824e-06  4.60495e-06  4.38538e-06
4.79000e+03  4.95138e-06  4.84896e-06  4.72845e-06  4.57614e-06  4.35827e-06
4.81000e+03  4.89583e-06  4.79487e-06  4.67620e-06  4.52617e-06  4.31117e-06
4.83000e+03  4.89903e-06  4.79914e-06  4.68153e-06  4.53289e-06  4.32024e-06
4.85000e+03  4.84089e-06  4.74184e-06  4.62549e-06  4.47859e-06  4.26872e-06
4.87000e+03  4.80426e-06  4.70617e-06  4.59091e-06  4.44531e-06  4.23716e-06
4.89000e+03  4.77773e-06  4.68066e-06  4.56662e-06  4.42260e-06  4.21689e-06
4.91000e+03  4.74016e-06  4.64370e-06  4.53028e-06  4.38696e-06  4.18214e-06
4.93000e+03  4.70807e-06  4.61249e-06  4.50020e-06  4.35833e-06  4.15554e-06
4.95000e+03  4.66478e-06  4.57082e-06  4.46057e-06  4.32142e-06  4.12281e-06
4.97000e+03  4.63942e-06  4.54607e-06  4.43656e-06  4.29832e-06  4.10092e-06
4.99000e+03  4.61412e-06  4.52106e-06  4.41168e-06  4.27351e-06  4.07624e-06
5.01000e+03  4.56183e-06  4.46991e-06  4.36211e-06  4.22597e-06  4.03148e-06
5.03000e+03  4.55398e-06  4.46325e-06  4.35668e-06  4.22215e-06  4.03015e-06
5.05000e+03  4.50169e-06  4.41164e-06  4.30606e-06  4.17275e-06  3.98215e-06
5.07000e+03  4.47596e-06  4.38674e-06  4.28211e-06  4.15002e-06  3.96129e-06
5.09000e+03  4.45187e-06  4.36382e-06  4.26043e-06  4.12992e-06  3.94364e-06
5.11000e+03  4.40221e-06  4.31595e-06  4.21458e-06  4.08644e-06  3.90319e-06
5.13000e+03  4.36778e-06  4.28647e-06  4.18961e-06  4.06567e-06  3.88626e-06
5.15000e+03  4.35349e-06  4.26827e-06  4.16813e-06  4.04158e-06  3.86063e-06
5.17000e+03  4.34372e-06  4.25908e-06  4.15972e-06  4.03441e-06  3.85588e-06
5.19000e+03  4.29735e-06  4.21339e-06  4.11494e-06  3.99073e-06  3.81340e-06
5.21000e+03  4.26093e-06  4.17797e-06  4.08077e-06  3.95814e-06  3.78295e-06
5.23000e+03  4.23034e-06  4.14845e-06  4.05252e-06  3.93155e-06  3.75898e-06
5.25000e+03  4.21661e-06  4.13531e-06  4.03999e-06  3.91979e-06  3.74835e-06
5.27000e+03  4.19684e-06  4.11645e-06  4.02221e-06  3.90350e-06  3.73449e-06
5.29000e+03  4.14567e-06  4.06591e-06  3.97249e-06  3.85464e-06  3.68647e-06
5.31000e+03  4.12699e-06  4.04789e-06  3.95516e-06  3.83824e-06  3.67157e-06
5.33000e+03  4.09919e-06  4.02110e-06  3.92964e-06  3.81437e-06  3.65000e-06
5.35000e+03  4.07206e-06  3.99478e-06  3.90423e-06  3.79010e-06  3.62752e-06
5.37000e+03  4.03044e-06  3.95490e-06  3.86663e-06  3.75555e-06  3.59759e-06
5.39000e+03  4.02026e-06  3.94475e-06  3.85633e-06  3.74495e-06  3.58647e-06
5.41000e+03  3.99560e-06  3.92051e-06  3.83256e-06  3.72181e-06  3.56433e-06
5.43000e+03  3.95037e-06  3.87654e-06  3.79017e-06  3.68140e-06  3.52667e-06
5.45000e+03  3.94451e-06  3.87087e-06  3.78464e-06  3.67612e-06  3.52197e-06
5.47000e+03  3.90844e-06  3.83598e-06  3.75118e-06  3.64439e-06  3.49257e-06
5.49000e+03  3.88428e-06  3.81230e-06  3.72805e-06  3.62198e-06  3.47123e-06
5.51000e+03  3.86582e-06  3.79422e-06  3.71036e-06  3.60476e-06  3.45475e-06
5.53000e+03  3.84963e-06  3.77916e-06  3.69668e-06  3.59292e-06  3.44587e-06
5.55000e+03  3.80797e-06  3.73772e-06  3.65549e-06  3.55194e-06  3.40490e-06
5.57000e+03  3.80248e-06  3.73293e-06  3.65150e-06  3.54910e-06  3.40405e-06
5.59000e+03  3.74539e-06  3.67791e-06  3.59919e-06  3.50026e-06  3.36006e-06
5.61000e+03  3.74273e-06  3.67460e-06  3.59494e-06  3.49478e-06  3.35297e-06
5.63000e+03  3.71287e-06  3.64537e-06  3.56646e-06  3.46723e-06  3.32663e-06
5.65000e+03  3.70451e-06  3.63732e-06  3.55870e-06  3.45987e-06  3.32002e-06
5.67000e+03  3.68044e-06  3.61387e-06  3.53598e-06  3.43806e-06  3.29950e-06
5.69000e+03  3.63816e-06  3.57262e-06  3.49605e-06  3.39977e-06  3.26350e-06
5.71000e+03  3.63075e-06  3.56585e-06  3.48992e-06  3.39443e-06  3.25929e-06
5.73000e+03  3.61044e-06  3.54578e-06  3.47013e-06  3.37500e-06  3.24051e-06
5.75000e+03  3.58543e-06  3.52134e-06  3.44641e-06  3.35225e-06  3.21917e-06
5.77000e+03  3.56058e-06  3.49700e-06  3.42270e-06  3.32935e-06  3.19744e-06
5.79000e+03  3.54048e-06  3.47773e-06  3.40444e-06  3.31242e-06  3.18252e-06
5.81000e+03  3.51502e-06  3.45258e-06  3.37966e-06  3.28808e-06  3.15879e-06
5.83000e+03  3.49655e-06  3.43454e-06  3.36208e-06  3.27107e-06  3.14260e-06
5.85000e+03  3.47850e-06  3.41699e-06  3.34515e-06  3.25495e-06  3.12768e-06
5.87000e+03  3.44892e-06  3.38808e-06  3.31703e-06  3.22780e-06  3.10181e-06
5.89000e+03  3.41312e-06  3.35436e-06  3.28565e-06  3.19924e-06  3.07710e-06
5.91000e+03  3.39475e-06  3.33979e-06  3.27424e-06  3.19043e-06  3.06997e-06
5.93000e+03  3.38922e-06  3.33033e-06  3.26139e-06  3.17470e-06  3.05227e-06
5.95000e+03  3.35379e-06  3.29636e-06  3.22927e-06  3.14488e-06  3.02549e-06
5.97000e+03  3.34958e-06  3.29164e-06  3.22393e-06  3.13888e-06  3.01881e-06
5.99000e+03  3.32959e-06  3.27182e-06  3.20440e-06  3.11980e-06  3.00053e-06
6.01000e+03  3.30311e-06  3.24627e-06  3.18004e-06  3.09702e-06  2.98004e-06
6.03000e+03  3.28927e-06  3.23238e-06  3.16603e-06  3.08280e-06  2.96551e-06
6.05000e+03  3.26882e-06  3.21223e-06  3.14622e-06  3.06339e-06  2.94664e-06
6.07000e+03  3.24571e-06  3.18988e-06  3.12481e-06  3.04321e-06  2.92821e-06
6.09000e+03  3.22244e-06  3.16734e-06  3.10313e-06  3.02257e-06  2.90898e-06
6.11000e+03  3.19602e-06  3.14189e-06  3.07883e-06  2.99967e-06  2.88794e-06
6.13000e+03  3.18839e-06  3.13390e-06  3.07041e-06  2.99077e-06  2.87851e-06
6.15000e+03  3.17271e-06  3.11844e-06  3.05519e-06  2.97586e-06  2.86412e-06
6.17000e+03  3.15266e-06  3.09899e-06  3.03648e-06  2.95812e-06  2.84781e-06
6.19000e+03  3.13551e-06  3.08230e-06  3.02030e-06  2.94258e-06  2.83314e-06
6.21000e+03  3.11820e-06  3.06540e-06  3.00388e-06  2.92676e-06  2.81820e-06
6.23000e+03  3.08312e-06  3.03194e-06  2.97236e-06  2.89761e-06  2.79220e-06
6.25000e+03  3.07285e-06  3.02125e-06  2.96113e-06  2.88571e-06  2.77941e-06
6.27000e+03  3.05535e-06  3.00437e-06  2.94490e-06  2.87023e-06  2.76493e-06
6.29000e+03  3.03956e-06  2.98922e-06  2.93036e-06  2.85633e-06  2.75171e-06
6.31000e+03  3.01006e-06  2.96048e-06  2.90273e-06  2.83024e-06  2.72799e-06
6.33000e+03  3.01037e-06  2.96009e-06  2.90150e-06  2.82801e-06  2.72451e-06
6.35000e+03  2.98919e-06  2.93927e-06  2.88112e-06  2.80820e-06  2.70550e-06
6.37000e+03  2.97256e-06  2.92335e-06  2.86605e-06  2.79424e-06  2.69315e-06
6.39000e+03  2.95283e-06  2.90380e-06  2.84673e-06  2.77518e-06  2.67441e-06
6.42000e+03  2.93005e-06  2.88154e-06  2.82507e-06  2.75431e-06  2.65469e-06
6.46000e+03  2.89060e-06  2.84319e-06  2.78806e-06  2.71894e-06  2.62163e-06
6.50000e+03  2.85611e-06  2.80959e-06  2.75550e-06  2.68769e-06  2.59221e-06
6.54000e+03  2.82904e-06  2.78280e-06  2.72902e-06  2.66162e-06  2.56674e-06
6.58000e+03  2.79816e-06  2.75267e-06  2.69975e-06  2.63343e-06  2.54009e-06
6.62000e+03  2.76346e-06  2.71878e-06  2.66682e-06  2.60169e-06  2.51002e-06
6.66000e+03  2.73506e-06  2.69095e-06  2.63965e-06  2.57535e-06  2.48485e-06
6.70000e+03  2.70077e-06  2.65757e-06  2.60737e-06  2.54444e-06  2.45588e-06
6.74000e+03  2.66717e-06  2.62488e-06  2.57569e-06  2.51398e-06  2.42705e-06
6.78000e+03  2.63921e-06  2.59789e-06  2.54966e-06  2.48898e-06  2.40331e-06
6.82000e+03  2.61166e-06  2.57032e-06  2.52227e-06  2.46202e-06  2.37724e-06
6.86000e+03  2.58314e-06  2.54241e-06  2.49508e-06  2.43577e-06  2.35230e-06
6.90000e+03  2.55431e-06  2.51417e-06  2.46756e-06  2.40911e-06  2.32684e-06
6.94000e+03  2.52455e-06  2.48512e-06  2.43934e-06  2.38193e-06  2.30111e-06
6.98000e+03  2.49972e-06  2.46072e-06  2.41542e-06  2.35863e-06  2.27869e-06
7.02000e+03  2.46680e-06  2.42877e-06  2.38463e-06  2.32925e-06  2.25123e-06
7.06000e+03  2.44429e-06  2.40647e-06  2.36259e-06  2.30755e-06  2.23006e-06
7.10000e+03  2.41876e-06  2.38141e-06  2.33808e-06  2.28374e-06  2.20724e-06
7.14000e+03  2.39219e-06  2.35545e-06  2.31283e-06  2.25938e-06  2.18411e-06
7.18000e+03  2.36660e-06  2.33036e-06  2.28832e-06  2.23559e-06  2.16132e-06
7.22000e+03  2.34074e-06  2.30515e-06  2.26386e-06  2.21203e-06  2.13899e-06
7.26000e+03  2.31519e-06  2.28010e-06  2.23941e-06  2.18835e-06  2.11639e-06
7.30000e+03  2.29330e-06  2.25851e-06  2.21817e-06  2.16755e-06  2.09624e-06
7.34000e+03  2.26610e-06  2.23205e-06  2.19258e-06  2.14302e-06  2.07315e-06
7.38000e+03  2.24521e-06  2.21142e-06  2.17223e-06  2.12306e-06  2.05375e-06
7.42000e+03  2.21841e-06  2.18529e-06  2.14689e-06  2.09866e-06  2.03065e-06
7.46000e+03  2.18350e-06  2.15332e-06  2.11779e-06  2.07251e-06  2.00768e-06
7.50000e+03  2.16635e-06  2.13630e-06  2.10082e-06  2.05558e-06  1.99080e-06
7.54000e+03  2.15142e-06  2.11973e-06  2.08294e-06  2.03667e-06  1.97132e-06
7.58000e+03  2.13169e-06  2.10017e-06  2.06365e-06  2.01776e-06  1.95301e-06
7.62000e+03  2.11012e-06  2.07900e-06  2.04295e-06  1.99766e-06  1.93374e-06
7.66000e+03  2.08898e-06  2.05826e-06  2.02267e-06  1.97794e-06  1.91481e-06
7.70000e+03  2.06436e-06  2.03424e-06  1.99939e-06  1.95558e-06  1.89371e-06
7.74000e+03  2.04729e-06  2.01738e-06  1.98272e-06  1.93916e-06  1.87760e-06
7.78000e+03  2.02713e-06  1.99762e-06  1.96343e-06  1.92042e-06  1.85962e-06
7.82000e+03  2.00703e-06  1.97788e-06  1.94412e-06  1.90164e-06  1.84160e-06
7.86000e+03  1.98759e-06  1.95879e-06  1.92543e-06  1.88348e-06  1.82413e-06
7.90000e+03  1.96784e-06  1.93943e-06  1.90653e-06  1.86514e-06  1.80658e-06
7.94000e+03  1.94828e-06  1.92025e-06  1.88780e-06  1.84697e-06  1.78918e-06
7.98000e+03  1.92969e-06  1.90203e-06  1.87000e-06  1.82968e-06  1.77260e-06
8.02000e+03  1.90886e-06  1.88165e-06  1.85016e-06  1.81053e-06  1.75440e-06
8.06000e+03  1.89010e-06  1.86330e-06  1.83228e-06  1.79321e-06  1.73785e-06
8.10000e+03  1.87447e-06  1.84784e-06  1.81702e-06  1.77821e-06  1.72326e-06
8.14000e+03  1.85230e-06  1.82632e-06  1.79628e-06  1.75841e-06  1.70472e-06
8.18000e+03  1.83729e-06  1.81153e-06  1.78172e-06  1.74414e-06  1.69084e-06
8.22000e+03  1.82180e-06  1.79617e-06  1.76650e-06  1.72914e-06  1.67620e-06
8.26000e+03  1.80384e-06  1.77856e-06  1.74932e-06  1.71248e-06  1.66027e-06
8.30000e+03  1.78762e-06  1.76261e-06  1.73369e-06  1.69725e-06  1.64559e-06
8.34000e+03  1.76810e-06  1.74359e-06  1.71527e-06  1.67955e-06  1.62887e-06
8.38000e+03  1.75309e-06  1.72880e-06  1.70072e-06  1.66530e-06  1.61505e-06
8.42000e+03  1.73829e-06  1.71422e-06  1.68638e-06  1.65126e-06  1.60143e-06
8.46000e+03  1.72242e-06  1.69861e-06  1.67109e-06  1.63637e-06  1.58711e-06
8.50000e+03  1.70678e-06  1.68325e-06  1.65604e-06  1.62172e-06  1.57301e-06
8.54000e+03  1.69094e-06  1.66772e-06  1.64087e-06  1.60700e-06  1.55890e-06
8.58000e+03  1.67606e-06  1.65310e-06  1.62656e-06  1.59305e-06  1.54545e-06
8.62000e+03  1.66005e-06  1.63743e-06  1.61128e-06  1.57826e-06  1.53132e-06
8.66000e+03  1.64578e-06  1.62346e-06  1.59763e-06  1.56497e-06  1.51851e-06
8.70000e+03  1.63143e-06  1.60930e-06  1.58370e-06  1.55136e-06  1.50537e-06
8.74000e+03  1.61542e-06  1.59394e-06  1.56897e-06  1.53730e-06  1.49210e-06
8.78000e+03  1.60113e-06  1.57989e-06  1.55520e-06  1.52387e-06  1.47914e-06
8.82000e+03  1.58580e-06  1.56458e-06  1.54006e-06  1.50907e-06  1.46495e-06
8.86000e+03  1.57272e-06  1.55171e-06  1.52744e-06  1.49675e-06  1.45302e-06
8.90000e+03  1.55876e-06  1.53800e-06  1.51401e-06  1.48367e-06  1.44045e-06
8.94000e+03  1.54642e-06  1.52582e-06  1.50201e-06  1.47191e-06  1.42902e-06
8.98000e+03  1.53107e-06  1.51083e-06  1.48746e-06  1.45788e-06  1.41570e-06
9.02000e+03  1.51874e-06  1.49865e-06  1.47546e-06  1.44613e-06  1.40432e-06
9.06000e+03  1.50755e-06  1.48759e-06  1.46454e-06  1.43537e-06  1.39380e-06
9.10000e+03  1.49240e-06  1.47279e-06  1.45016e-06  1.42149e-06  1.38060e-06
9.14000e+03  1.48026e-06  1.46085e-06  1.43844e-06  1.41006e-06  1.36957e-06
9.18000e+03  1.46875e-06  1.44949e-06  1.42724e-06  1.39908e-06  1.35891e-06
9.22000e+03  1.45700e-06  1.43791e-06  1.41587e-06  1.38796e-06  1.34814e-06
9.26000e+03  1.44437e-06  1.42552e-06  1.40375e-06  1.37618e-06  1.33683e-06
9.30000e+03  1.43275e-06  1.41408e-06  1.39252e-06  1.36521e-06  1.32624e-06
9.34000e+03  1.41994e-06  1.40153e-06  1.38027e-06  1.35332e-06  1.31483e-06
9.38000e+03  1.40805e-06  1.38997e-06  1.36904e-06  1.34246e-06  1.30442e-06
9.42000e+03  1.39698e-06  1.37900e-06  1.35821e-06  1.33182e-06  1.29411e-06
9.46000e+03  1.38524e-06  1.36740e-06  1.34680e-06  1.32067e-06  1.28334e-06
9.50000e+03  1.37395e-06  1.35630e-06  1.33593e-06  1.31008e-06  1.27315e-06
9.54000e+03  1.36243e-06  1.34502e-06  1.32493e-06  1.29943e-06  1.26295e-06
9.58000e+03  1.35170e-06  1.33442e-06  1.31448e-06  1.28918e-06  1.25299e-06
9.62000e+03  1.34018e-06  1.32316e-06  1.30351e-06  1.27856e-06  1.24286e-06
9.66000e+03  1.32985e-06  1.31293e-06  1.29341e-06  1.26863e-06  1.23316e-06
9.70000e+03  1.31954e-06  1.30279e-06  1.28347e-06  1.25893e-06  1.22382e-06
9.74000e+03  1.30618e-06  1.28980e-06  1.27091e-06  1.24689e-06  1.21244e-06
9.78000e+03  1.29646e-06  1.28018e-06  1.26140e-06  1.23754e-06  1.20333e-06
9.82000e+03  1.28778e-06  1.27160e-06  1.25293e-06  1.22920e-06  1.19520e-06
9.86000e+03  1.27784e-06  1.26180e-06  1.24330e-06  1.21978e-06  1.18607e-06
9.90000e+03  1.26792e-06  1.25202e-06  1.23369e-06  1.21038e-06  1.17697e-06
9.94000e+03  1.25701e-06  1.24133e-06  1.22325e-06  1.20026e-06  1.16727e-06
9.98000e+03  1.24782e-06  1.23228e-06  1.21436e-06  1.19157e-06  1.15886e-06
1.00200e+04  1.23810e-06  1.22272e-06  1.20498e-06  1.18242e-06  1.15003e-06
2.00000e+04  3.16588e-07  3.13882e-07  3.10766e-07  3.06592e-07  3.00144e-07
4.00000e+04  7.92089e-08  7.86819e-08  7.80705e-08  7.72180e-08  7.58107e-08
6.00000e+04  3.50350e-08  3.48238e-08  3.45775e-08  3.42316e-08  3.36495e-08
8.00000e+04  1.96124e-08  1.95000e-08  1.93691e-08  1.91861e-08  1.88752e-08
1.00000e+05  1.24986e-08  1.24291e-08  1.23485e-08  1.22364e-08  1.20447e-08
1.20000e+05  8.64751e-09  8.60022e-09  8.54571e-09  8.47040e-09  8.34067e-09
1.40000e+05  6.33271e-09  6.29837e-09  6.25904e-09  6.20495e-09  6.11124e-09
1.60000e+05  4.83458e-09  4.80841e-09  4.77864e-09  4.73784e-09  4.66681e-09
