9.09000e+00  1.00000e-38  1.00000e-38  1.00000e-38  1.00000e-38  1.00000e-38
9.35000e+00  1.00000e-38  1.00000e-38  1.00000e-38  1.00000e-38  1.00000e-38
9.61000e+00  1.00000e-38  1.00000e-38  1.00000e-38  1.00000e-38  1.00000e-38
9.77000e+00  1.00000e-38  1.00000e-38  1.00000e-38  1.00000e-38  1.00000e-38
9.96000e+00  1.00000e-38  1.00000e-38  1.00000e-38  1.00000e-38  1.00000e-38
1.02000e+01  1.00000e-38  1.00000e-38  1.00000e-38  1.00000e-38  1.00000e-38
1.03800e+01  1.00000e-38  1.00000e-38  1.00000e-38  1.00000e-38  1.00000e-38
1.05600e+01  1.00000e-38  1.00000e-38  1.00000e-38  1.00000e-38  1.00000e-38
1.07700e+01  1.00000e-38  1.00000e-38  1.00000e-38  1.00000e-38  1.00000e-38
1.10400e+01  1.00000e-38  1.00000e-38  1.00000e-38  1.00000e-38  1.00000e-38
1.14000e+01  1.00000e-38  1.00000e-38  1.00000e-38  1.00000e-38  1.00000e-38
1.17800e+01  1.00000e-38  1.00000e-38  1.00000e-38  1.00000e-38  1.00000e-38
1.21300e+01  1.00000e-38  1.00000e-38  1.00000e-38  1.00000e-38  1.00000e-38
1.24800e+01  1.00000e-38  1.00000e-38  1.00000e-38  1.00000e-38  1.00000e-38
1.27100e+01  1.00000e-38  1.00000e-38  1.00000e-38  1.00000e-38  1.00000e-38
1.28400e+01  1.00000e-38  1.00000e-38  1.00000e-38  1.00000e-38  1.00000e-38
1.30500e+01  1.00000e-38  1.00000e-38  1.00000e-38  1.00000e-38  1.00000e-38
1.32400e+01  1.00000e-38  1.00000e-38  1.00000e-38  1.00000e-38  1.00000e-38
1.33900e+01  1.00000e-38  1.00000e-38  1.00000e-38  1.00000e-38  1.00000e-38
1.36600e+01  1.00000e-38  1.00000e-38  1.00000e-38  1.00000e-38  1.00000e-38
1.39800e+01  1.00000e-38  1.00000e-38  1.00000e-38  1.00000e-38  1.00000e-38
1.43300e+01  1.00000e-38  1.00000e-38  1.00000e-38  1.00000e-38  1.00000e-38
1.47200e+01  1.00000e-38  1.00000e-38  1.00000e-38  1.00000e-38  1.00000e-38
1.51000e+01  1.00000e-38  1.00000e-38  1.00000e-38  1.00000e-38  1.00000e-38
1.55200e+01  1.00000e-38  1.00000e-38  1.00000e-38  1.00000e-38  1.00000e-38
1.58800e+01  1.00000e-38  1.00000e-38  1.00000e-38  1.00000e-38  1.00000e-38
1.62000e+01  1.00000e-38  1.00000e-38  1.00000e-38  1.00000e-38  1.00000e-38
1.66000e+01  1.00000e-38  1.00000e-38  1.00000e-38  1.00000e-38  1.00000e-38
1.70300e+01  1.00000e-38  1.00000e-38  1.00000e-38  1.00000e-38  1.00000e-38
1.73400e+01  1.00000e-38  1.00000e-38  1.00000e-38  1.00000e-38  1.00000e-38
1.76800e+01  1.00000e-38  1.00000e-38  1.00000e-38  1.00000e-38  1.00000e-38
1.80200e+01  1.00000e-38  1.00000e-38  1.00000e-38  1.00000e-38  1.00000e-38
1.81700e+01  1.00000e-38  1.00000e-38  1.00000e-38  1.00000e-38  1.00000e-38
1.86100e+01  1.00000e-38  1.00000e-38  1.00000e-38  1.00000e-38  1.00000e-38
1.91000e+01  1.00000e-38  1.00000e-38  1.00000e-38  1.00000e-38  1.00000e-38
1.93900e+01  1.00000e-38  1.00000e-38  1.00000e-38  1.00000e-38  1.00000e-38
1.98400e+01  1.00000e-38  1.00000e-38  1.00000e-38  1.00000e-38  1.00000e-38
2.01800e+01  1.00000e-38  1.00000e-38  1.00000e-38  1.00000e-38  1.00000e-38
2.05000e+01  1.00000e-38  1.00000e-38  1.00000e-38  1.00000e-38  1.00000e-38
2.10500e+01  1.00000e-38  1.00000e-38  1.00000e-38  1.00000e-38  1.00000e-38
2.16200e+01  1.00000e-38  1.00000e-38  1.00000e-38  1.00000e-38  1.00000e-38
2.19800e+01  1.00000e-38  1.00000e-38  1.00000e-38  1.00000e-38  1.00000e-38
2.23000e+01  1.00000e-38  1.00000e-38  1.00000e-38  1.00000e-38  1.00000e-38
2.26800e+01  1.00000e-38  1.00000e-38  1.00000e-38  1.00000e-38  1.00000e-38
2.30000e+01  1.00000e-38  1.00000e-38  1.00000e-38  1.00000e-38  1.00000e-38
2.34000e+01  1.00000e-38  1.00000e-38  1.00000e-38  1.00000e-38  1.00000e-38
2.40000e+01  1.00000e-38  1.00000e-38  1.00000e-38  1.00000e-38  1.00000e-38
2.46500e+01  1.00000e-38  1.00000e-38  1.00000e-38  1.00000e-38  1.00000e-38
2.52400e+01  1.00000e-38  1.00000e-38  1.00000e-38  1.00000e-38  1.00000e-38
2.56800e+01  1.00000e-38  1.00000e-38  1.00000e-38  1.00000e-38  1.00000e-38
2.60000e+01  1.00002e-38  1.00000e-38  1.00000e-38  1.00000e-38  1.00000e-38
2.64000e+01  1.00007e-38  1.00002e-38  1.00000e-38  1.00001e-38  1.00001e-38
2.68500e+01  1.00033e-38  1.00008e-38  1.00003e-38  1.00004e-38  1.00005e-38
2.73500e+01  1.00159e-38  1.00044e-38  1.00021e-38  1.00022e-38  1.00031e-38
2.78500e+01  1.00703e-38  1.00206e-38  1.00107e-38  1.00110e-38  1.00147e-38
2.84000e+01  1.03353e-38  1.01028e-38  1.00556e-38  1.00568e-38  1.00748e-38
2.90000e+01  1.17141e-38  1.05454e-38  1.03041e-38  1.03086e-38  1.04028e-38
2.96000e+01  1.81865e-38  1.26896e-38  1.15368e-38  1.15519e-38  1.20114e-38
3.01000e+01  3.87119e-38  1.96701e-38  1.56285e-38  1.56643e-38  1.73002e-38
3.08000e+01  1.65336e-37  6.40782e-38  4.22364e-38  4.23081e-38  5.13182e-38
3.18000e+01  1.53279e-36  5.64557e-37  3.51273e-37  3.50129e-37  4.40388e-37
3.28000e+01  1.29997e-35  4.94493e-36  3.13763e-36  3.11204e-36  3.89476e-36
3.38000e+01  9.76388e-35  3.86037e-35  2.51502e-35  2.48333e-35  3.07901e-35
3.48000e+01  6.53565e-34  2.68363e-34  1.79259e-34  1.76276e-34  2.16519e-34
3.57000e+01  3.30417e-33  1.40083e-33  9.55723e-34  9.36638e-34  1.14126e-33
3.66000e+01  1.54265e-32  6.74453e-33  4.69303e-33  4.58490e-33  5.54281e-33
3.75000e+01  6.69230e-32  3.01203e-32  2.13474e-32  2.07957e-32  2.49558e-32
3.85000e+01  3.15435e-31  1.46398e-31  1.05736e-31  1.02704e-31  1.22284e-31
3.95000e+01  1.37479e-30  6.57038e-31  4.83049e-31  4.67826e-31  5.52968e-31
4.05000e+01  5.57467e-30  2.73893e-30  2.04690e-30  1.97743e-30  2.32112e-30
4.14000e+01  1.85545e-29  9.33535e-30  7.07312e-30  6.81842e-30  7.95525e-30
4.22000e+01  5.17805e-29  2.65788e-29  2.03727e-29  1.96019e-29  2.27566e-29
4.30000e+01  1.39094e-28  7.27973e-29  5.64087e-29  5.41845e-29  6.26041e-29
4.41000e+01  5.10876e-28  2.74202e-28  2.15455e-28  2.06505e-28  2.37086e-28
4.51000e+01  1.57807e-27  8.65761e-28  6.88377e-28  6.58560e-28  7.52042e-28
4.60000e+01  4.17792e-27  2.33532e-27  1.87559e-27  1.79162e-27  2.03683e-27
4.70000e+01  1.18031e-26  6.72917e-27  5.46063e-27  5.22418e-27  5.89197e-27
4.80000e+01  3.19451e-26  1.85788e-26  1.52343e-26  1.45220e-26  1.62978e-26
4.90000e+01  8.30449e-26  4.91683e-26  4.06863e-26  3.87233e-26  4.32818e-26
5.00000e+01  2.07918e-25  1.25197e-25  1.04388e-25  9.91963e-26  1.10624e-25
5.06000e+01  3.54439e-25  2.15397e-25  1.80568e-25  1.71470e-25  1.90695e-25
5.12000e+01  5.96828e-25  3.65994e-25  3.08214e-25  2.92283e-25  3.24689e-25
5.20000e+01  1.17346e-24  7.28603e-25  6.17268e-25  5.84808e-25  6.47719e-25
5.30000e+01  2.65620e-24  1.67352e-24  1.42776e-24  1.35113e-24  1.49133e-24
5.40000e+01  5.83565e-24  3.72818e-24  3.20236e-24  3.02738e-24  3.33107e-24
5.50000e+01  1.24635e-23  8.06949e-24  6.97449e-24  6.60172e-24  7.22480e-24
5.60000e+01  2.59168e-23  1.70059e-23  1.47944e-23  1.39691e-23  1.52370e-23
5.70000e+01  5.25425e-23  3.48923e-23  3.05243e-23  2.87932e-23  3.13237e-23
5.80000e+01  1.03986e-22  6.98531e-23  6.13882e-23  5.78533e-23  6.28543e-23
5.90000e+01  2.01182e-22  1.36621e-22  1.20702e-22  1.13613e-22  1.23129e-22
6.00000e+01  3.80870e-22  2.61348e-22  2.31975e-22  2.18436e-22  2.35817e-22
6.10000e+01  7.06328e-22  4.89320e-22  4.36673e-22  4.10605e-22  4.42542e-22
6.20000e+01  1.28449e-21  8.98254e-22  8.04918e-22  7.59502e-22  8.12943e-22
6.30000e+01  2.29246e-21  1.61921e-21  1.45942e-21  1.37195e-21  1.46591e-21
6.40000e+01  4.01951e-21  2.86308e-21  2.58737e-21  2.43268e-21  2.59544e-21
6.50000e+01  6.92874e-21  4.97561e-21  4.51102e-21  4.23632e-21  4.51623e-21
6.58000e+01  1.05865e-20  7.65029e-21  6.95468e-21  6.52667e-21  6.95034e-21
6.65000e+01  1.52145e-20  1.10533e-20  1.00712e-20  9.44018e-21  1.00429e-20
6.75000e+01  2.52184e-20  1.84464e-20  1.68617e-20  1.58071e-20  1.67909e-20
6.85000e+01  4.11968e-20  3.03717e-20  2.78243e-20  2.61223e-20  2.76545e-20
6.95000e+01  6.63737e-20  4.92616e-20  4.53168e-20  4.25071e-20  4.49390e-20
7.05000e+01  1.05527e-19  7.88284e-20  7.27584e-20  6.81908e-20  7.19452e-20
7.16000e+01  1.73174e-19  1.30230e-19  1.20532e-19  1.12957e-19  1.18933e-19
7.26000e+01  2.68234e-19  2.02946e-19  1.88247e-19  1.76284e-19  1.85532e-19
7.35000e+01  3.93741e-19  2.99391e-19  2.78243e-19  2.60557e-19  2.73953e-19
7.45000e+01  5.96744e-19  4.56165e-19  4.24966e-19  3.97793e-19  4.17695e-19
7.55000e+01  8.94693e-19  6.87435e-19  6.41848e-19  6.00552e-19  6.30094e-19
7.65000e+01  1.32765e-18  1.02495e-18  9.58683e-19  8.96827e-19  9.40141e-19
7.75000e+01  1.95047e-18  1.51282e-18  1.41757e-18  1.32620e-18  1.38897e-18
7.85000e+01  2.83828e-18  2.21147e-18  2.07590e-18  1.94137e-18  2.03133e-18
7.95000e+01  4.09218e-18  3.20211e-18  3.01097e-18  2.81606e-18  2.94356e-18
8.05000e+01  5.84773e-18  4.59521e-18  4.32891e-18  4.04728e-18  4.22681e-18
8.15000e+01  8.28538e-18  6.53572e-18  6.16720e-18  5.76478e-18  6.01677e-18
8.25000e+01  1.16427e-17  9.21866e-18  8.71301e-18  8.14538e-18  8.49301e-18
8.35000e+01  1.62315e-17  1.28982e-17  1.22114e-17  1.14129e-17  1.18912e-17
8.45000e+01  2.24548e-17  1.79076e-17  1.69803e-17  1.58674e-17  1.65209e-17
8.55000e+01  3.08360e-17  2.46720e-17  2.34321e-17  2.18952e-17  2.27797e-17
8.65000e+01  4.20443e-17  3.37504e-17  3.21024e-17  2.99927e-17  3.11832e-17
8.75000e+01  5.69334e-17  4.58522e-17  4.36716e-17  4.08075e-17  4.23865e-17
8.85000e+01  7.65799e-17  6.18683e-17  5.90077e-17  5.51306e-17  5.72326e-17
8.95000e+01  1.02350e-16  8.29327e-17  7.92045e-17  7.39915e-17  7.67648e-17
9.05000e+01  1.35937e-16  1.10470e-16  1.05637e-16  9.86812e-17  1.02313e-16
9.15000e+01  1.83717e-16  1.57539e-16  1.64874e-16  1.76085e-16  2.12216e-16
9.25000e+01  2.41670e-16  1.86796e-16  2.05019e-16  2.34219e-16  2.93663e-16
9.35000e+01  3.13061e-16  2.35255e-16  2.54025e-16  2.85872e-16  3.51592e-16
9.45000e+01  4.04735e-16  2.96625e-16  3.19853e-16  3.60532e-16  4.45635e-16
9.55000e+01  5.19942e-16  3.73860e-16  4.01510e-16  4.52298e-16  5.57853e-16
9.65000e+01  6.67432e-16  4.78727e-16  5.14881e-16  5.81126e-16  7.19755e-16
9.75000e+01  8.58775e-16  6.38142e-16  6.88201e-16  7.72872e-16  9.47948e-16
9.85000e+01  1.08716e-15  7.86925e-16  8.43154e-16  9.48096e-16  1.16478e-15
9.95000e+01  1.38189e-15  1.01671e-15  1.09303e-15  1.23085e-15  1.51190e-15
1.00500e+02  1.74088e-15  1.27215e-15  1.36918e-15  1.54485e-15  1.90433e-15
1.01500e+02  2.18607e-15  1.59943e-15  1.72021e-15  1.93684e-15  2.38363e-15
1.02500e+02  2.76047e-15  2.11633e-15  2.28517e-15  2.56686e-15  3.13442e-15
1.03500e+02  3.42067e-15  2.54996e-15  2.75861e-15  3.11750e-15  3.84455e-15
1.04500e+02  4.25475e-15  3.17616e-15  3.44206e-15  3.89679e-15  4.82079e-15
1.05500e+02  5.24725e-15  3.93676e-15  4.25141e-15  4.77191e-15  5.83818e-15
1.06500e+02  6.48099e-15  4.90996e-15  5.31565e-15  5.99410e-15  7.35732e-15
1.07500e+02  7.91157e-15  5.98935e-15  6.46386e-15  7.29809e-15  8.92954e-15
1.08500e+02  9.66300e-15  7.35666e-15  7.94120e-15  8.97478e-15  1.09699e-14
1.09500e+02  1.17506e-14  9.01228e-15  9.69820e-15  1.08926e-14  1.31756e-14
1.10500e+02  1.47934e-14  1.12453e-14  1.08643e-14  1.10740e-14  1.23599e-14
1.11500e+02  2.39388e-14  1.67909e-14  1.20156e-14  8.80522e-15  7.71258e-15
1.12500e+02  3.23430e-14  2.24386e-14  1.51763e-14  1.02585e-14  8.35159e-15
1.13500e+02  4.27258e-14  2.92858e-14  1.86749e-14  1.14981e-14  8.40554e-15
1.14500e+02  5.19430e-14  3.53837e-14  2.22325e-14  1.33160e-14  9.41705e-15
1.15500e+02  5.96888e-14  4.10810e-14  2.69397e-14  1.74271e-14  1.35988e-14
1.16500e+02  7.18109e-14  4.82697e-14  2.98252e-14  1.73778e-14  1.18166e-14
1.17500e+02  8.59804e-14  5.73801e-14  3.49118e-14  1.98171e-14  1.29514e-14
1.18500e+02  9.52481e-14  6.45344e-14  4.17898e-14  2.64429e-14  1.98942e-14
1.19500e+02  8.20505e-14  6.07339e-14  5.07804e-14  4.46132e-14  4.45177e-14
1.20500e+02  8.44799e-14  6.41645e-14  5.72123e-14  5.29619e-14  5.40956e-14
1.21500e+02  9.70454e-14  8.52909e-14  8.84217e-14  9.21893e-14  9.92996e-14
1.22500e+02  1.14530e-13  8.89316e-14  8.19165e-14  7.82563e-14  8.11341e-14
1.23500e+02  1.69623e-13  1.15709e-13  8.27027e-14  6.02337e-14  5.10906e-14
1.24500e+02  2.53018e-13  1.64190e-13  9.26311e-14  4.57976e-14  2.52908e-14
1.25500e+02  3.48968e-13  2.26316e-13  1.16862e-13  4.67689e-14  1.79785e-14
1.26500e+02  3.84936e-13  2.56644e-13  1.47190e-13  7.69903e-14  5.03685e-14
1.27500e+02  4.79165e-13  3.16822e-13  1.72271e-13  7.93072e-14  4.37000e-14
1.28500e+02  5.59364e-13  3.62193e-13  1.84502e-13  7.19566e-14  2.90336e-14
1.29500e+02  6.52449e-13  4.16398e-13  2.04272e-13  7.06680e-14  1.91455e-14
1.30500e+02  7.02015e-13  4.52392e-13  2.36190e-13  1.00669e-13  4.90727e-14
1.31500e+02  8.48282e-13  5.42327e-13  2.71622e-13  1.02473e-13  3.85734e-14
1.32500e+02  9.24293e-13  5.81105e-13  2.84844e-13  1.02702e-13  3.62379e-14
1.33500e+02  1.01560e-12  6.32813e-13  3.07118e-13  1.07933e-13  3.56826e-14
1.34500e+02  1.15448e-12  7.11259e-13  3.37639e-13  1.10400e-13  2.88760e-14
1.35500e+02  1.31774e-12  8.22700e-13  4.05304e-13  1.49852e-13  5.76022e-14
1.36500e+02  1.43553e-12  8.80055e-13  4.24992e-13  1.49104e-13  5.07519e-14
1.37500e+02  1.56541e-12  9.52103e-13  4.58558e-13  1.59671e-13  5.35613e-14
1.38500e+02  1.69890e-12  1.02146e-12  4.90606e-13  1.69965e-13  5.52890e-14
1.39500e+02  1.87827e-12  1.11882e-12  5.33978e-13  1.83055e-13  5.86915e-14
1.40500e+02  2.20346e-12  1.32779e-12  6.40727e-13  2.24670e-13  7.52362e-14
1.41500e+02  2.44135e-12  1.47213e-12  7.19187e-13  2.61408e-13  9.57985e-14
1.42500e+02  2.73061e-12  1.63925e-12  8.01089e-13  2.91615e-13  1.05669e-13
1.43500e+02  3.10539e-12  1.88308e-12  9.40974e-13  3.62654e-13  1.49081e-13
1.44200e+02  3.64411e-12  2.23019e-12  1.09716e-12  3.93595e-13  1.29038e-13
1.44700e+02  3.49395e-12  2.08919e-12  1.02547e-12  3.75921e-13  1.34547e-13
1.45500e+02  3.94207e-12  2.36946e-12  1.15984e-12  4.17985e-13  1.43037e-13
1.46500e+02  4.54036e-12  2.77200e-12  1.39061e-12  5.34739e-13  2.10017e-13
1.47500e+02  4.58344e-12  2.71845e-12  1.34660e-12  5.08198e-13  1.96565e-13
1.48500e+02  5.27900e-12  3.15528e-12  1.57432e-12  6.00140e-13  2.32544e-13
1.49500e+02  6.48206e-12  3.96187e-12  1.97853e-12  7.39514e-13  2.66601e-13
1.50500e+02  7.50966e-12  4.61659e-12  2.30690e-12  8.50649e-13  2.84722e-13
1.51200e+02  6.66436e-12  3.87841e-12  1.90791e-12  7.10382e-13  2.65918e-13
1.51700e+02  8.30674e-12  5.05852e-12  2.52659e-12  9.27033e-13  3.01787e-13
1.52500e+02  1.32871e-11  8.76575e-12  4.63472e-12  1.74189e-12  4.60556e-13
1.53500e+02  3.99026e-11  3.07004e-11  2.04245e-11  1.02754e-11  2.35688e-12
1.54500e+02  3.89666e-11  2.96949e-11  1.98646e-11  1.02424e-11  2.45321e-12
1.55500e+02  5.68833e-11  4.47908e-11  3.12880e-11  1.70618e-11  4.39022e-12
1.56500e+02  5.63124e-11  4.41480e-11  3.06890e-11  1.67149e-11  4.51921e-12
1.57500e+02  8.80991e-11  7.15959e-11  5.27472e-11  3.15858e-11  1.00364e-11
1.58500e+02  1.04225e-10  8.48466e-11  6.25462e-11  3.74149e-11  1.16743e-11
1.59500e+02  1.15884e-10  9.41956e-11  6.93123e-11  4.13589e-11  1.26647e-11
1.60500e+02  1.29000e-10  1.04738e-10  7.67690e-11  4.54610e-11  1.37252e-11
1.61500e+02  1.42379e-10  1.14959e-10  8.35085e-11  4.87207e-11  1.42694e-11
1.62500e+02  1.54421e-10  1.24625e-10  9.09404e-11  5.36703e-11  1.62384e-11
1.63500e+02  1.82208e-10  1.47402e-10  1.08206e-10  6.48312e-11  2.08137e-11
1.64500e+02  2.35864e-10  1.91968e-10  1.43336e-10  8.81765e-11  2.96167e-11
1.65500e+02  1.79684e-10  1.44533e-10  1.05787e-10  6.35275e-11  2.16178e-11
1.66500e+02  2.70827e-10  2.19964e-10  1.64870e-10  1.02350e-10  3.50318e-11
1.67200e+02  2.13903e-10  1.71337e-10  1.25116e-10  7.49510e-11  2.51600e-11
1.67700e+02  2.89307e-10  2.35010e-10  1.77168e-10  1.11428e-10  4.02074e-11
1.68500e+02  4.09843e-10  3.34152e-10  2.57722e-10  1.69758e-10  6.93051e-11
1.69500e+02  5.62993e-10  4.61041e-10  3.62783e-10  2.48452e-10  1.13692e-10
1.70500e+02  7.00795e-10  5.56319e-10  4.30122e-10  2.90208e-10  1.32586e-10
1.71500e+02  7.89053e-10  5.87528e-10  4.37262e-10  2.85596e-10  1.27977e-10
1.72500e+02  9.81927e-10  7.34096e-10  5.53492e-10  3.69150e-10  1.70905e-10
1.73500e+02  1.22901e-09  8.70315e-10  6.36928e-10  4.19670e-10  1.94246e-10
1.74500e+02  1.54668e-09  1.10239e-09  8.15201e-10  5.48898e-10  2.63121e-10
1.75500e+02  2.17982e-09  1.44476e-09  1.01699e-09  6.70560e-10  3.19265e-10
1.76500e+02  1.69784e-09  1.26762e-09  9.62579e-10  6.61249e-10  3.24248e-10
1.77500e+02  2.10167e-09  1.46127e-09  1.05540e-09  6.98046e-10  3.26545e-10
1.78500e+02  2.85993e-09  1.94120e-09  1.39250e-09  9.40469e-10  4.69531e-10
1.79500e+02  3.63190e-09  2.28591e-09  1.53356e-09  9.88619e-10  4.68661e-10
1.80500e+02  3.50826e-09  2.39182e-09  1.72049e-09  1.17203e-09  5.97817e-10
1.81500e+02  3.09167e-09  2.21800e-09  1.64086e-09  1.11135e-09  5.42022e-10
1.82500e+02  3.62819e-09  2.62537e-09  1.96559e-09  1.36577e-09  7.05410e-10
1.83500e+02  3.95993e-09  2.85103e-09  2.11201e-09  1.44594e-09  7.24749e-10
1.84500e+02  2.86967e-09  2.27530e-09  1.78900e-09  1.25885e-09  6.37219e-10
1.85500e+02  4.28686e-09  3.07957e-09  2.27567e-09  1.55486e-09  7.72403e-10
1.86500e+02  5.77096e-09  3.89618e-09  2.76963e-09  1.87720e-09  9.57896e-10
1.87500e+02  6.06881e-09  4.14260e-09  2.95830e-09  2.00579e-09  1.01899e-09
1.88500e+02  6.68812e-09  4.54104e-09  3.23391e-09  2.19834e-09  1.12958e-09
1.89500e+02  8.12957e-09  5.53387e-09  3.95795e-09  2.71467e-09  1.42072e-09
1.90500e+02  7.67938e-09  5.36039e-09  3.90024e-09  2.69069e-09  1.40410e-09
1.91500e+02  8.59142e-09  6.05839e-09  4.45507e-09  3.10796e-09  1.65276e-09
1.92500e+02  7.69375e-09  5.82939e-09  4.48320e-09  3.17907e-09  1.67730e-09
1.93500e+02  5.12592e-09  4.22831e-09  3.39013e-09  2.42099e-09  1.21280e-09
1.94500e+02  1.02847e-08  7.43896e-09  5.54620e-09  3.88371e-09  2.06082e-09
1.95500e+02  1.11587e-08  8.07597e-09  6.04963e-09  4.28057e-09  2.32996e-09
1.96700e+02  1.41126e-08  9.96177e-09  7.32233e-09  5.13170e-09  2.77698e-09
1.97600e+02  1.31832e-08  9.70111e-09  7.35504e-09  5.25119e-09  2.88956e-09
1.98400e+02  1.34373e-08  1.00748e-08  7.74042e-09  5.58607e-09  3.12721e-09
1.99500e+02  1.50272e-08  1.09417e-08  8.20880e-09  5.82664e-09  3.19206e-09
2.00500e+02  1.50968e-08  1.11597e-08  8.44592e-09  6.02838e-09  3.32578e-09
2.01500e+02  1.71310e-08  1.25406e-08  9.42676e-09  6.72624e-09  3.73583e-09
2.02500e+02  1.36490e-08  1.04810e-08  8.11350e-09  5.82381e-09  3.17146e-09
2.03500e+02  1.96943e-08  1.42838e-08  1.06564e-08  7.56590e-09  4.17721e-09
2.04500e+02  2.25456e-08  1.61696e-08  1.19432e-08  8.41790e-09  4.60367e-09
2.05500e+02  2.23405e-08  1.65105e-08  1.24888e-08  8.95392e-09  5.00607e-09
2.06500e+02  2.24585e-08  1.66711e-08  1.26307e-08  9.04743e-09  5.02477e-09
2.07400e+02  2.15911e-08  1.66877e-08  1.29752e-08  9.32398e-09  5.03677e-09
2.07800e+02  3.00599e-08  2.12632e-08  1.55285e-08  1.08942e-08  5.97630e-09
2.08500e+02  3.15189e-08  2.23274e-08  1.63183e-08  1.15241e-08  6.46255e-09
2.09500e+02  6.71290e-08  4.20597e-08  2.57622e-08  1.56908e-08  8.43079e-09
2.10500e+02  1.64573e-07  9.99834e-08  5.35909e-08  2.50769e-08  1.05428e-08
2.11500e+02  2.33652e-07  1.40948e-07  7.33383e-08  3.19239e-08  1.23170e-08
2.12500e+02  1.92602e-07  1.15992e-07  6.08657e-08  2.75418e-08  1.13985e-08
2.13500e+02  2.06752e-07  1.26757e-07  6.79608e-08  3.13696e-08  1.32776e-08
2.14500e+02  2.93160e-07  1.78762e-07  9.30695e-08  3.94207e-08  1.42272e-08
2.15500e+02  2.82656e-07  1.72396e-07  9.00925e-08  3.87282e-08  1.44599e-08
2.16500e+02  2.26323e-07  1.39366e-07  7.50760e-08  3.46865e-08  1.41050e-08
2.17500e+02  2.32286e-07  1.42717e-07  7.67632e-08  3.56955e-08  1.48328e-08
2.18500e+02  3.47025e-07  2.13586e-07  1.11862e-07  4.72275e-08  1.65512e-08
2.19500e+02  3.34889e-07  2.06245e-07  1.09687e-07  4.87619e-08  1.89801e-08
2.20500e+02  3.10613e-07  1.92756e-07  1.03855e-07  4.72095e-08  1.86590e-08
2.21500e+02  2.09338e-07  1.31426e-07  7.39162e-08  3.72507e-08  1.69041e-08
2.22500e+02  3.01651e-07  1.89308e-07  1.04070e-07  4.90186e-08  1.99832e-08
2.23500e+02  4.45599e-07  2.82074e-07  1.54333e-07  6.94154e-08  2.58953e-08
2.24500e+02  4.21241e-07  2.67373e-07  1.47568e-07  6.80405e-08  2.67504e-08
2.25500e+02  2.86399e-07  1.84191e-07  1.06108e-07  5.41004e-08  2.45750e-08
2.26500e+02  2.28036e-07  1.46362e-07  8.52320e-08  4.50595e-08  2.09415e-08
2.27500e+02  2.70650e-07  1.75073e-07  1.02384e-07  5.39688e-08  2.54659e-08
2.28500e+02  4.24122e-07  2.73538e-07  1.55046e-07  7.47492e-08  3.07974e-08
2.29500e+02  3.06039e-07  1.99506e-07  1.17580e-07  6.23339e-08  2.98912e-08
2.30500e+02  4.14381e-07  2.67890e-07  1.51647e-07  7.23308e-08  2.82142e-08
2.31500e+02  3.43312e-07  2.24298e-07  1.32340e-07  7.00335e-08  3.33447e-08
2.32500e+02  3.09278e-07  2.02403e-07  1.21363e-07  6.71129e-08  3.37224e-08
2.33500e+02  2.27654e-07  1.55075e-07  1.00957e-07  6.36639e-08  3.71545e-08
2.34500e+02  1.23823e-07  9.04342e-08  6.52097e-08  4.58303e-08  2.81974e-08
2.35500e+02  3.24834e-07  2.15290e-07  1.31649e-07  7.45869e-08  3.74571e-08
2.36500e+02  1.47589e-07  1.07522e-07  7.70644e-08  5.38199e-08  3.30959e-08
2.37500e+02  2.12269e-07  1.48024e-07  9.97049e-08  6.49826e-08  3.74893e-08
2.38500e+02  1.03781e-07  8.17961e-08  6.43376e-08  4.92595e-08  3.33223e-08
2.39500e+02  1.48273e-07  1.11095e-07  8.26305e-08  6.00516e-08  3.86131e-08
2.40500e+02  1.51463e-07  1.15356e-07  8.77519e-08  6.55561e-08  4.40475e-08
2.41500e+02  1.92350e-07  1.39466e-07  9.81995e-08  6.69180e-08  4.06962e-08
2.42500e+02  4.33761e-07  2.95885e-07  1.85457e-07  1.06241e-07  5.43795e-08
2.43500e+02  4.33577e-07  2.99610e-07  1.91526e-07  1.12920e-07  6.02899e-08
2.44500e+02  5.58405e-07  3.82984e-07  2.40229e-07  1.36650e-07  7.01764e-08
2.45500e+02  6.07708e-07  4.16537e-07  2.60098e-07  1.46554e-07  7.48787e-08
2.46500e+02  4.70162e-07  3.23765e-07  2.06499e-07  1.21837e-07  6.47557e-08
2.47500e+02  4.06357e-07  2.83376e-07  1.85295e-07  1.14205e-07  6.48701e-08
2.48500e+02  1.45927e-07  1.10928e-07  8.30126e-08  5.92033e-08  3.46376e-08
2.49500e+02  2.70502e-07  1.93254e-07  1.31482e-07  8.47702e-08  4.76897e-08
2.50500e+02  4.39635e-07  3.05782e-07  2.00005e-07  1.23857e-07  6.98493e-08
2.51300e+02  1.56920e-07  1.27068e-07  1.02238e-07  7.86625e-08  5.10794e-08
2.51800e+02  1.05430e-07  9.22214e-08  7.88010e-08  6.27429e-08  4.08264e-08
2.52500e+02  1.09322e-07  9.39233e-08  7.93880e-08  6.30707e-08  4.14196e-08
2.53500e+02  1.62235e-07  1.36431e-07  1.13738e-07  9.11777e-08  6.41142e-08
2.54500e+02  2.21688e-07  1.81096e-07  1.45342e-07  1.12036e-07  7.64014e-08
2.55500e+02  6.36123e-07  4.90848e-07  3.56681e-07  2.36825e-07  1.32056e-07
2.56500e+02  5.47284e-07  4.16481e-07  2.99516e-07  1.99599e-07  1.15567e-07
2.57500e+02  8.76712e-07  6.57834e-07  4.58533e-07  2.87637e-07  1.49312e-07
2.58500e+02  7.70374e-07  5.75368e-07  4.01902e-07  2.57034e-07  1.41472e-07
2.59500e+02  6.51030e-07  4.87480e-07  3.45527e-07  2.28835e-07  1.34409e-07
2.60500e+02  4.85381e-07  3.69043e-07  2.72363e-07  1.94482e-07  1.27887e-07
2.61500e+02  4.42107e-07  3.40295e-07  2.54957e-07  1.85135e-07  1.23815e-07
2.62500e+02  6.88294e-07  5.14588e-07  3.67394e-07  2.49644e-07  1.55682e-07
2.63500e+02  1.54816e-06  1.17246e-06  8.16931e-07  5.03986e-07  2.52136e-07
2.64500e+02  2.18266e-06  1.66254e-06  1.15829e-06  7.01803e-07  3.22923e-07
2.65500e+02  3.04470e-06  2.35797e-06  1.67229e-06  1.02870e-06  4.65840e-07
2.66500e+02  1.85253e-06  1.41741e-06  1.00096e-06  6.26758e-07  3.12846e-07
2.67500e+02  2.15280e-06  1.64511e-06  1.15472e-06  7.11171e-07  3.38810e-07
2.68500e+02  2.62548e-06  2.02297e-06  1.43168e-06  8.86966e-07  4.19201e-07
2.69500e+02  1.84356e-06  1.41470e-06  1.00053e-06  6.25342e-07  3.08413e-07
2.70500e+02  2.31763e-06  1.78651e-06  1.26731e-06  7.91005e-07  3.82853e-07
2.71500e+02  1.52310e-06  1.16840e-06  8.30926e-07  5.29444e-07  2.76470e-07
2.72500e+02  1.07171e-06  8.02664e-07  5.63974e-07  3.67042e-07  2.12386e-07
2.73500e+02  1.41527e-06  1.06958e-06  7.52878e-07  4.82544e-07  2.65776e-07
2.74500e+02  6.72810e-07  5.29894e-07  4.06092e-07  3.01122e-07  2.07175e-07
2.75500e+02  1.08270e-06  8.32247e-07  6.07626e-07  4.16626e-07  2.56665e-07
2.76500e+02  1.60546e-06  1.22638e-06  8.76317e-07  5.74248e-07  3.28488e-07
2.77500e+02  1.58348e-06  1.20235e-06  8.58684e-07  5.69619e-07  3.38171e-07
2.78500e+02  6.59679e-07  5.41844e-07  4.38984e-07  3.45448e-07  2.49443e-07
2.79500e+02  2.51025e-07  2.28562e-07  2.05052e-07  1.77635e-07  1.40317e-07
2.80500e+02  3.17506e-07  2.84046e-07  2.50865e-07  2.14345e-07  1.67451e-07
2.81500e+02  1.28493e-06  9.87010e-07  7.29493e-07  5.16841e-07  3.38224e-07
2.82500e+02  2.25087e-06  1.69255e-06  1.17997e-06  7.47617e-07  4.12564e-07
2.83500e+02  1.97200e-06  1.48363e-06  1.03707e-06  6.62143e-07  3.73042e-07
2.84500e+02  9.16696e-07  7.10623e-07  5.32960e-07  3.84910e-07  2.53022e-07
2.85500e+02  3.48430e-07  3.00877e-07  2.54477e-07  2.02600e-07  1.33455e-07
2.86500e+02  1.60092e-06  1.20326e-06  8.49037e-07  5.58119e-07  3.31685e-07
2.87500e+02  2.86768e-06  2.19893e-06  1.55040e-06  9.69551e-07  4.98124e-07
2.88500e+02  2.60170e-06  2.03098e-06  1.47358e-06  9.62361e-07  5.21317e-07
2.89500e+02  3.46162e-06  2.73367e-06  1.99894e-06  1.30130e-06  6.76237e-07
2.91000e+02  4.57357e-06  3.63411e-06  2.66793e-06  1.73240e-06  8.72431e-07
2.93000e+02  4.07544e-06  3.25486e-06  2.41393e-06  1.59872e-06  8.39311e-07
2.95000e+02  3.89519e-06  3.09924e-06  2.28832e-06  1.50857e-06  7.92624e-07
2.97000e+02  4.15567e-06  3.30599e-06  2.43731e-06  1.60035e-06  8.32326e-07
2.99000e+02  4.14479e-06  3.30562e-06  2.44743e-06  1.61787e-06  8.49410e-07
3.01000e+02  4.14942e-06  3.29158e-06  2.41712e-06  1.57835e-06  8.16832e-07
3.03000e+02  4.55553e-06  3.65554e-06  2.72222e-06  1.80700e-06  9.45879e-07
3.05000e+02  4.82641e-06  3.87400e-06  2.88643e-06  1.91879e-06  1.01064e-06
3.07000e+02  5.18083e-06  4.19259e-06  3.16154e-06  2.14100e-06  1.15924e-06
3.09000e+02  4.88658e-06  3.94054e-06  2.96650e-06  2.01649e-06  1.11717e-06
3.11000e+02  5.58104e-06  4.56352e-06  3.48989e-06  2.41077e-06  1.34241e-06
3.13000e+02  5.51987e-06  4.47836e-06  3.39287e-06  2.32128e-06  1.29542e-06
3.15000e+02  5.24806e-06  4.28593e-06  3.28418e-06  2.29005e-06  1.31794e-06
3.17000e+02  5.77263e-06  4.72706e-06  3.63264e-06  2.54077e-06  1.46706e-06
3.19000e+02  5.17142e-06  4.23070e-06  3.25330e-06  2.28440e-06  1.33792e-06
3.21000e+02  5.82702e-06  4.76655e-06  3.65487e-06  2.54647e-06  1.46626e-06
3.23000e+02  4.88540e-06  3.99020e-06  3.06796e-06  2.16196e-06  1.28801e-06
3.25000e+02  6.62611e-06  5.48291e-06  4.26152e-06  3.01388e-06  1.75114e-06
3.27000e+02  7.85969e-06  6.53506e-06  5.10302e-06  3.62235e-06  2.09934e-06
3.29000e+02  7.66944e-06  6.38096e-06  4.99523e-06  3.56817e-06  2.10265e-06
3.31000e+02  7.36169e-06  6.09264e-06  4.74302e-06  3.37108e-06  1.98828e-06
3.33000e+02  7.49514e-06  6.22356e-06  4.86408e-06  3.47232e-06  2.05477e-06
3.35000e+02  7.38822e-06  6.12337e-06  4.77581e-06  3.40277e-06  2.01947e-06
3.37000e+02  5.73249e-06  4.71933e-06  3.67171e-06  2.63439e-06  1.61787e-06
3.39000e+02  6.75031e-06  5.56379e-06  4.32001e-06  3.07494e-06  1.85077e-06
3.41000e+02  6.94667e-06  5.74364e-06  4.47595e-06  3.19903e-06  1.93362e-06
3.43000e+02  7.36075e-06  6.11474e-06  4.79529e-06  3.45552e-06  2.11113e-06
3.45000e+02  7.52888e-06  6.27302e-06  4.92928e-06  3.54977e-06  2.14778e-06
3.47000e+02  7.93278e-06  6.62491e-06  5.21882e-06  3.76733e-06  2.28305e-06
3.49000e+02  8.69169e-06  7.30063e-06  5.78934e-06  4.20841e-06  2.55568e-06
3.51000e+02  9.15881e-06  7.71173e-06  6.13132e-06  4.46817e-06  2.71472e-06
3.53000e+02  8.56959e-06  7.22066e-06  5.74684e-06  4.19189e-06  2.54634e-06
3.55000e+02  9.98884e-06  8.43027e-06  6.71203e-06  4.88386e-06  2.93510e-06
3.57000e+02  7.47914e-06  6.24482e-06  4.92715e-06  3.57100e-06  2.18906e-06
3.59000e+02  7.59152e-06  6.37933e-06  5.07597e-06  3.72091e-06  2.31165e-06
3.61000e+02  8.69967e-06  7.37845e-06  5.93573e-06  4.40777e-06  2.77051e-06
3.63000e+02  8.91544e-06  7.58355e-06  6.12673e-06  4.57841e-06  2.90663e-06
3.64000e+02  9.17782e-06  7.80598e-06  6.30929e-06  4.72300e-06  3.01596e-06
3.65000e+02  1.03593e-05  8.81750e-06  7.11951e-06  5.30627e-06  3.34081e-06
3.67000e+02  1.08242e-05  9.24523e-06  7.49657e-06  5.61672e-06  3.55801e-06
3.69000e+02  1.03778e-05  8.84466e-06  7.16128e-06  5.36677e-06  3.42258e-06
3.71000e+02  1.08379e-05  9.26992e-06  7.53629e-06  5.66565e-06  3.60418e-06
3.73000e+02  8.00709e-06  6.78884e-06  5.47583e-06  4.09639e-06  2.64150e-06
3.75000e+02  9.25042e-06  7.85335e-06  6.30942e-06  4.66805e-06  2.94252e-06
3.77000e+02  1.13731e-05  9.73098e-06  7.85761e-06  5.81728e-06  3.62243e-06
3.79000e+02  1.20549e-05  1.02424e-05  8.16563e-06  5.94291e-06  3.63266e-06
3.81000e+02  1.22044e-05  1.02388e-05  8.04637e-06  5.76567e-06  3.48571e-06
3.83000e+02  7.13723e-06  5.97678e-06  4.76161e-06  3.56012e-06  2.39378e-06
3.85000e+02  1.05724e-05  8.68782e-06  6.69054e-06  4.71328e-06  2.86808e-06
3.87000e+02  1.05038e-05  8.59207e-06  6.60793e-06  4.67483e-06  2.88412e-06
3.89000e+02  1.11021e-05  9.50101e-06  7.66796e-06  5.70515e-06  3.64770e-06
3.91000e+02  1.41991e-05  1.18421e-05  9.33022e-06  6.78682e-06  4.27230e-06
3.93000e+02  7.20532e-06  6.03652e-06  4.88896e-06  3.79109e-06  2.71891e-06
3.95000e+02  1.29468e-05  1.07535e-05  8.48354e-06  6.24694e-06  4.08486e-06
3.97000e+02  8.25445e-06  7.08199e-06  5.82284e-06  4.53669e-06  3.21784e-06
3.99000e+02  1.73920e-05  1.46876e-05  1.17184e-05  8.61865e-06  5.42892e-06
4.01000e+02  1.91973e-05  1.60839e-05  1.27894e-05  9.39029e-06  5.89457e-06
4.03000e+02  1.91459e-05  1.59858e-05  1.26752e-05  9.27781e-06  5.80372e-06
4.05000e+02  1.85939e-05  1.55471e-05  1.23537e-05  9.07864e-06  5.73353e-06
4.07000e+02  1.80868e-05  1.51711e-05  1.20732e-05  8.88587e-06  5.63234e-06
4.09000e+02  1.96028e-05  1.69075e-05  1.37720e-05  1.03360e-05  6.57784e-06
4.11000e+02  1.83866e-05  1.61026e-05  1.33517e-05  1.02205e-05  6.62523e-06
4.13000e+02  2.03604e-05  1.72203e-05  1.37909e-05  1.01819e-05  6.40380e-06
4.15000e+02  2.08006e-05  1.74393e-05  1.38695e-05  1.01628e-05  6.33603e-06
4.17000e+02  2.12300e-05  1.78022e-05  1.41881e-05  1.04394e-05  6.55355e-06
4.19000e+02  2.03928e-05  1.70773e-05  1.36113e-05  1.00468e-05  6.38611e-06
4.21000e+02  2.07744e-05  1.74555e-05  1.39799e-05  1.03897e-05  6.65975e-06
4.23000e+02  1.97975e-05  1.66951e-05  1.34500e-05  1.00995e-05  6.60243e-06
4.25000e+02  2.04744e-05  1.72240e-05  1.38341e-05  1.03591e-05  6.78196e-06
4.27000e+02  1.92882e-05  1.62256e-05  1.30499e-05  9.82396e-06  6.53605e-06
4.29000e+02  1.77920e-05  1.50026e-05  1.21109e-05  9.17609e-06  6.17832e-06
4.31000e+02  1.47195e-05  1.24847e-05  1.01847e-05  7.87923e-06  5.53257e-06
4.33000e+02  2.03420e-05  1.76832e-05  1.45981e-05  1.12176e-05  7.50839e-06
4.35000e+02  1.93813e-05  1.69714e-05  1.41364e-05  1.09791e-05  7.46405e-06
4.37000e+02  2.27317e-05  1.94098e-05  1.57742e-05  1.19488e-05  7.92328e-06
4.39000e+02  2.11760e-05  1.79489e-05  1.45454e-05  1.10431e-05  7.42310e-06
4.41000e+02  2.28810e-05  1.94371e-05  1.57800e-05  1.19678e-05  7.96522e-06
4.43000e+02  2.43754e-05  2.08127e-05  1.69984e-05  1.29657e-05  8.62731e-06
4.45000e+02  2.43385e-05  2.08092e-05  1.70333e-05  1.30331e-05  8.70546e-06
4.47000e+02  2.56195e-05  2.19461e-05  1.79982e-05  1.37924e-05  9.20589e-06
4.49000e+02  2.60607e-05  2.23598e-05  1.83772e-05  1.41257e-05  9.47014e-06
4.51000e+02  2.84948e-05  2.45044e-05  2.01810e-05  1.55293e-05  1.03841e-05
4.53000e+02  2.61931e-05  2.25210e-05  1.85616e-05  1.43204e-05  9.64196e-06
4.55000e+02  2.72238e-05  2.34284e-05  1.93272e-05  1.49260e-05  1.00659e-05
4.57000e+02  2.87909e-05  2.48036e-05  2.04792e-05  1.58210e-05  1.06507e-05
4.59000e+02  2.75286e-05  2.37469e-05  1.96549e-05  1.52546e-05  1.03698e-05
4.61000e+02  2.83520e-05  2.44749e-05  2.02674e-05  1.57304e-05  1.06802e-05
4.63000e+02  2.81834e-05  2.43413e-05  2.01740e-05  1.56837e-05  1.06927e-05
4.65000e+02  2.85983e-05  2.47184e-05  2.04999e-05  1.59432e-05  1.08599e-05
4.67000e+02  2.94307e-05  2.54548e-05  2.11268e-05  1.64472e-05  1.12232e-05
4.69000e+02  2.90683e-05  2.51842e-05  2.09483e-05  1.63584e-05  1.12137e-05
4.71000e+02  2.81233e-05  2.44309e-05  2.03937e-05  1.60107e-05  1.10821e-05
4.73000e+02  2.96196e-05  2.56831e-05  2.13855e-05  1.67283e-05  1.15081e-05
4.75000e+02  3.01318e-05  2.61744e-05  2.18398e-05  1.71283e-05  1.18205e-05
4.77000e+02  3.02836e-05  2.63444e-05  2.20141e-05  1.72947e-05  1.19589e-05
4.79000e+02  3.03630e-05  2.64467e-05  2.21227e-05  1.74018e-05  1.20608e-05
4.81000e+02  3.01909e-05  2.63446e-05  2.20680e-05  1.73928e-05  1.21079e-05
4.83000e+02  3.04254e-05  2.67238e-05  2.24819e-05  1.77708e-05  1.23773e-05
4.85000e+02  2.79559e-05  2.49429e-05  2.13099e-05  1.71161e-05  1.21259e-05
4.87000e+02  2.47986e-05  2.23541e-05  1.93823e-05  1.58746e-05  1.15599e-05
4.89000e+02  2.94289e-05  2.59670e-05  2.19655e-05  1.74958e-05  1.23371e-05
4.91000e+02  3.00776e-05  2.63842e-05  2.22452e-05  1.76885e-05  1.24816e-05
4.93000e+02  2.97576e-05  2.60598e-05  2.19643e-05  1.74775e-05  1.23647e-05
4.95000e+02  3.10295e-05  2.71882e-05  2.29329e-05  1.82559e-05  1.28940e-05
4.97000e+02  3.15604e-05  2.76222e-05  2.32733e-05  1.85053e-05  1.30602e-05
4.99000e+02  2.98639e-05  2.61613e-05  2.20851e-05  1.76217e-05  1.25231e-05
5.01000e+02  2.88585e-05  2.52913e-05  2.13723e-05  1.70871e-05  1.21941e-05
5.03000e+02  3.05783e-05  2.67994e-05  2.26383e-05  1.80782e-05  1.28600e-05
5.05000e+02  3.06525e-05  2.68831e-05  2.27219e-05  1.81495e-05  1.29027e-05
5.07000e+02  3.19913e-05  2.80682e-05  2.37277e-05  1.89481e-05  1.34515e-05
5.09000e+02  3.11458e-05  2.73227e-05  2.31012e-05  1.84617e-05  1.31405e-05
5.11000e+02  3.17038e-05  2.78224e-05  2.35278e-05  1.87992e-05  1.33667e-05
5.13000e+02  3.12411e-05  2.74244e-05  2.32084e-05  1.85733e-05  1.32573e-05
5.15000e+02  3.03420e-05  2.66509e-05  2.25775e-05  1.81023e-05  1.29709e-05
5.17000e+02  2.71437e-05  2.38406e-05  2.02369e-05  1.63235e-05  1.18926e-05
5.19000e+02  2.77591e-05  2.44332e-05  2.08015e-05  1.68534e-05  1.23699e-05
5.21000e+02  3.09232e-05  2.72333e-05  2.31461e-05  1.86371e-05  1.34310e-05
5.23000e+02  3.16740e-05  2.79256e-05  2.37779e-05  1.92069e-05  1.39318e-05
5.25000e+02  3.27719e-05  2.89227e-05  2.46525e-05  1.99311e-05  1.44515e-05
5.27000e+02  2.93869e-05  2.59696e-05  2.22071e-05  1.80734e-05  1.33041e-05
5.29000e+02  3.28928e-05  2.90767e-05  2.48375e-05  2.01422e-05  1.46785e-05
5.31000e+02  3.40553e-05  3.01398e-05  2.57782e-05  2.09352e-05  1.52807e-05
5.33000e+02  3.11325e-05  2.75676e-05  2.36186e-05  1.92540e-05  1.41869e-05
5.35000e+02  3.34391e-05  2.96234e-05  2.53742e-05  2.06539e-05  1.51363e-05
5.37000e+02  3.35530e-05  2.97462e-05  2.55006e-05  2.07788e-05  1.52536e-05
5.39000e+02  3.34656e-05  2.96654e-05  2.54275e-05  2.07146e-05  1.52023e-05
5.41000e+02  3.25508e-05  2.88903e-05  2.48161e-05  2.02905e-05  1.49970e-05
5.43000e+02  3.35567e-05  2.97657e-05  2.55365e-05  2.08317e-05  1.53259e-05
5.45000e+02  3.44603e-05  3.06090e-05  2.62958e-05  2.14778e-05  1.58094e-05
5.47000e+02  3.41641e-05  3.03555e-05  2.60979e-05  2.13498e-05  1.57720e-05
5.49000e+02  3.41270e-05  3.03273e-05  2.60857e-05  2.13613e-05  1.58191e-05
5.51000e+02  3.43530e-05  3.05247e-05  2.62492e-05  2.14855e-05  1.58934e-05
5.53000e+02  3.46847e-05  3.08667e-05  2.65932e-05  2.18204e-05  1.62015e-05
5.55000e+02  3.53203e-05  3.14453e-05  2.71031e-05  2.22473e-05  1.65190e-05
5.57000e+02  3.45579e-05  3.07969e-05  2.65831e-05  2.18695e-05  1.63018e-05
5.59000e+02  3.41022e-05  3.03905e-05  2.62393e-05  2.16046e-05  1.61435e-05
5.61000e+02  3.51375e-05  3.13549e-05  2.71035e-05  2.23322e-05  1.66724e-05
5.63000e+02  3.55483e-05  3.17016e-05  2.73846e-05  2.25487e-05  1.68303e-05
5.65000e+02  3.56361e-05  3.17970e-05  2.74900e-05  2.26663e-05  1.69612e-05
5.67000e+02  3.50577e-05  3.13009e-05  2.70897e-05  2.23752e-05  1.67981e-05
5.69000e+02  3.56822e-05  3.18844e-05  2.76181e-05  2.28312e-05  1.71503e-05
5.71000e+02  3.52213e-05  3.14770e-05  2.72703e-05  2.25491e-05  1.69438e-05
5.73000e+02  3.72249e-05  3.32974e-05  2.88604e-05  2.38553e-05  1.78777e-05
5.75000e+02  3.63912e-05  3.25616e-05  2.82465e-05  2.33896e-05  1.76035e-05
5.77000e+02  3.68641e-05  3.30030e-05  2.86439e-05  2.37281e-05  1.78581e-05
5.79000e+02  3.61703e-05  3.23656e-05  2.80846e-05  2.32731e-05  1.75513e-05
5.81000e+02  3.70188e-05  3.31646e-05  2.88121e-05  2.39022e-05  1.80351e-05
5.83000e+02  3.75924e-05  3.37074e-05  2.93097e-05  2.43369e-05  1.83754e-05
5.85000e+02  3.70036e-05  3.31910e-05  2.88794e-05  2.40075e-05  1.81713e-05
5.87000e+02  3.72361e-05  3.34186e-05  2.90957e-05  2.42039e-05  1.83327e-05
5.89000e+02  3.46309e-05  3.10494e-05  2.70229e-05  2.25005e-05  1.71257e-05
5.91000e+02  3.72517e-05  3.34500e-05  2.91443e-05  2.42709e-05  1.84206e-05
5.93000e+02  3.73561e-05  3.35612e-05  2.92617e-05  2.43926e-05  1.85413e-05
5.95000e+02  3.75761e-05  3.37697e-05  2.94546e-05  2.45645e-05  1.86817e-05
5.97000e+02  3.77932e-05  3.39937e-05  2.96802e-05  2.47842e-05  1.88801e-05
5.99000e+02  3.76397e-05  3.38580e-05  2.95682e-05  2.47029e-05  1.88440e-05
6.01000e+02  3.72595e-05  3.35332e-05  2.93080e-05  2.45162e-05  1.87421e-05
6.03000e+02  3.75315e-05  3.38121e-05  2.95891e-05  2.47907e-05  1.89913e-05
6.05000e+02  3.83105e-05  3.45127e-05  3.01930e-05  2.52790e-05  1.93358e-05
6.07000e+02  3.82397e-05  3.44592e-05  3.01589e-05  2.52667e-05  1.93460e-05
6.09000e+02  3.76806e-05  3.39423e-05  2.97016e-05  2.48904e-05  1.90931e-05
6.11000e+02  3.75711e-05  3.38751e-05  2.96789e-05  2.49127e-05  1.91577e-05
6.13000e+02  3.65453e-05  3.29632e-05  2.89015e-05  2.42910e-05  1.87257e-05
6.15000e+02  3.71517e-05  3.35414e-05  2.94424e-05  2.47837e-05  1.91508e-05
6.17000e+02  3.61779e-05  3.26718e-05  2.86982e-05  2.41872e-05  1.87340e-05
6.19000e+02  3.80529e-05  3.43649e-05  3.01642e-05  2.53767e-05  1.95704e-05
6.21000e+02  3.82646e-05  3.45697e-05  3.03580e-05  2.55526e-05  1.97134e-05
6.23000e+02  3.75755e-05  3.39498e-05  2.98262e-05  2.51318e-05  1.94423e-05
6.25000e+02  3.67552e-05  3.32382e-05  2.92426e-05  2.46950e-05  1.91800e-05
6.27000e+02  3.82616e-05  3.45945e-05  3.04123e-05  2.56378e-05  1.98323e-05
6.29000e+02  3.85367e-05  3.48591e-05  3.06622e-05  2.58674e-05  2.00301e-05
6.31000e+02  3.77250e-05  3.41435e-05  3.00634e-05  2.54082e-05  1.97474e-05
6.33000e+02  3.80083e-05  3.44117e-05  3.03101e-05  2.56267e-05  1.99290e-05
6.35000e+02  3.82446e-05  3.46363e-05  3.05202e-05  2.58187e-05  2.00974e-05
6.37000e+02  3.82739e-05  3.46695e-05  3.05579e-05  2.58617e-05  2.01490e-05
6.39000e+02  3.86325e-05  3.50244e-05  3.08947e-05  2.61628e-05  2.03811e-05
6.41000e+02  3.79817e-05  3.44537e-05  3.04212e-05  2.58053e-05  2.01678e-05
6.43000e+02  3.85044e-05  3.49363e-05  3.08472e-05  2.61578e-05  2.04223e-05
6.45000e+02  3.81477e-05  3.46395e-05  3.06199e-05  2.60115e-05  2.03752e-05
6.47000e+02  3.81985e-05  3.46995e-05  3.06820e-05  2.60712e-05  2.04257e-05
6.49000e+02  3.78865e-05  3.44496e-05  3.04886e-05  2.59315e-05  2.03380e-05
6.51000e+02  3.87028e-05  3.52412e-05  3.12131e-05  2.65542e-05  2.08148e-05
6.53000e+02  3.86426e-05  3.52875e-05  3.13231e-05  2.66973e-05  2.09623e-05
6.55000e+02  3.70788e-05  3.41583e-05  3.06138e-05  2.63435e-05  2.08614e-05
6.57000e+02  3.29952e-05  3.07915e-05  2.80921e-05  2.47345e-05  2.02176e-05
6.59000e+02  3.81559e-05  3.49735e-05  3.11652e-05  2.66714e-05  2.10375e-05
6.61000e+02  3.91094e-05  3.56889e-05  3.16811e-05  2.70248e-05  2.12651e-05
6.63000e+02  3.91271e-05  3.56532e-05  3.16282e-05  2.69795e-05  2.12543e-05
6.65000e+02  3.92565e-05  3.57614e-05  3.17271e-05  2.70725e-05  2.13377e-05
6.67000e+02  3.90139e-05  3.55437e-05  3.15454e-05  2.69339e-05  2.12524e-05
6.69000e+02  3.96334e-05  3.61104e-05  3.20524e-05  2.73711e-05  2.16006e-05
6.71000e+02  3.90988e-05  3.56182e-05  3.16194e-05  2.70154e-05  2.13513e-05
6.73000e+02  3.96352e-05  3.61292e-05  3.20955e-05  2.74437e-05  2.17080e-05
6.75000e+02  3.94003e-05  3.59251e-05  3.19293e-05  2.73207e-05  2.16334e-05
6.77000e+02  3.95039e-05  3.60231e-05  3.20225e-05  2.74110e-05  2.17251e-05
6.79000e+02  3.95271e-05  3.60484e-05  3.20508e-05  2.74434e-05  2.17657e-05
6.81000e+02  3.94216e-05  3.59679e-05  3.19992e-05  2.74233e-05  2.17784e-05
6.83000e+02  3.97857e-05  3.63175e-05  3.23252e-05  2.77137e-05  2.20132e-05
6.85000e+02  3.92020e-05  3.57873e-05  3.18646e-05  2.73418e-05  2.17633e-05
6.87000e+02  3.96129e-05  3.61753e-05  3.22187e-05  2.76479e-05  2.19956e-05
6.89000e+02  3.98021e-05  3.63586e-05  3.23946e-05  2.78148e-05  2.21508e-05
6.91000e+02  3.97101e-05  3.62824e-05  3.23377e-05  2.77805e-05  2.21445e-05
6.93000e+02  3.97403e-05  3.63165e-05  3.23743e-05  2.78174e-05  2.21779e-05
6.95000e+02  3.97305e-05  3.63175e-05  3.23857e-05  2.78370e-05  2.21996e-05
6.97000e+02  3.98493e-05  3.64374e-05  3.25055e-05  2.79550e-05  2.23141e-05
6.99000e+02  3.98756e-05  3.64670e-05  3.25367e-05  2.79856e-05  2.23385e-05
7.01000e+02  3.90350e-05  3.57132e-05  3.18969e-05  2.74893e-05  2.20360e-05
7.03000e+02  3.96970e-05  3.63261e-05  3.24412e-05  2.79436e-05  2.23664e-05
7.05000e+02  3.99200e-05  3.65426e-05  3.26467e-05  2.81326e-05  2.25272e-05
7.07000e+02  3.97496e-05  3.63898e-05  3.25167e-05  2.80309e-05  2.24634e-05
7.09000e+02  3.97325e-05  3.63838e-05  3.25235e-05  2.80517e-05  2.24990e-05
7.11000e+02  3.98940e-05  3.65684e-05  3.27210e-05  2.82455e-05  2.26601e-05
7.13000e+02  3.95768e-05  3.62675e-05  3.24468e-05  2.80124e-05  2.24930e-05
7.15000e+02  3.94622e-05  3.61715e-05  3.23730e-05  2.79651e-05  2.24782e-05
7.17000e+02  3.95721e-05  3.62879e-05  3.24977e-05  2.80992e-05  2.26236e-05
7.19000e+02  3.88102e-05  3.55892e-05  3.18831e-05  2.75940e-05  2.22709e-05
7.21000e+02  3.95598e-05  3.62927e-05  3.25180e-05  2.81329e-05  2.26657e-05
7.23000e+02  3.97137e-05  3.64435e-05  3.26693e-05  2.82883e-05  2.28315e-05
7.25000e+02  3.99635e-05  3.66841e-05  3.28910e-05  2.84784e-05  2.29671e-05
7.27000e+02  3.99911e-05  3.67123e-05  3.29201e-05  2.85094e-05  2.30030e-05
7.29000e+02  3.92016e-05  3.60005e-05  3.23087e-05  2.80243e-05  2.26878e-05
7.31000e+02  3.98552e-05  3.66062e-05  3.28485e-05  2.84766e-05  2.30159e-05
7.33000e+02  3.98068e-05  3.65766e-05  3.28375e-05  2.84839e-05  2.30402e-05
7.35000e+02  4.00731e-05  3.68142e-05  3.30412e-05  2.86479e-05  2.31559e-05
7.37000e+02  4.01889e-05  3.69393e-05  3.31759e-05  2.87915e-05  2.33067e-05
7.39000e+02  3.94561e-05  3.62861e-05  3.26220e-05  2.83589e-05  2.30313e-05
7.41000e+02  3.91471e-05  3.60262e-05  3.24178e-05  2.82173e-05  2.29614e-05
7.43000e+02  3.96637e-05  3.64995e-05  3.28363e-05  2.85678e-05  2.32248e-05
7.45000e+02  3.98333e-05  3.66603e-05  3.29839e-05  2.86965e-05  2.33238e-05
7.47000e+02  4.01787e-05  3.69857e-05  3.32797e-05  2.89499e-05  2.35112e-05
7.49000e+02  3.99580e-05  3.67938e-05  3.31221e-05  2.88333e-05  2.34484e-05
7.51000e+02  4.00914e-05  3.69243e-05  3.32481e-05  2.89538e-05  2.35614e-05
7.53000e+02  4.02264e-05  3.70577e-05  3.33784e-05  2.90778e-05  2.36721e-05
7.55000e+02  4.04075e-05  3.72252e-05  3.35296e-05  2.92108e-05  2.37845e-05
7.57000e+02  4.01583e-05  3.70068e-05  3.33501e-05  2.90792e-05  2.37150e-05
7.59000e+02  4.02067e-05  3.70610e-05  3.34061e-05  2.91315e-05  2.37547e-05
7.61000e+02  4.01060e-05  3.69755e-05  3.33432e-05  2.90998e-05  2.37682e-05
7.63000e+02  4.03985e-05  3.72578e-05  3.36049e-05  2.93279e-05  2.39393e-05
7.65000e+02  4.03170e-05  3.71960e-05  3.35676e-05  2.93200e-05  2.39680e-05
7.67000e+02  3.95166e-05  3.64737e-05  3.29405e-05  2.88070e-05  2.35996e-05
7.69000e+02  4.03041e-05  3.72109e-05  3.36115e-05  2.93914e-05  2.40635e-05
7.71000e+02  4.00591e-05  3.69802e-05  3.33985e-05  2.92024e-05  2.39099e-05
7.73000e+02  4.02120e-05  3.71188e-05  3.35234e-05  2.93145e-05  2.40118e-05
7.75000e+02  3.98815e-05  3.68370e-05  3.32971e-05  2.91505e-05  2.39206e-05
7.77000e+02  4.03992e-05  3.73536e-05  3.37965e-05  2.96105e-05  2.43029e-05
7.79000e+02  4.05567e-05  3.74696e-05  3.38714e-05  2.96476e-05  2.43067e-05
7.81000e+02  4.04537e-05  3.73825e-05  3.38063e-05  2.96113e-05  2.43115e-05
7.83000e+02  4.01838e-05  3.71544e-05  3.36244e-05  2.94791e-05  2.42341e-05
7.85000e+02  4.02848e-05  3.72499e-05  3.37128e-05  2.95585e-05  2.43017e-05
7.87000e+02  4.06265e-05  3.75691e-05  3.39979e-05  2.97960e-05  2.44694e-05
7.89000e+02  4.05446e-05  3.74944e-05  3.39300e-05  2.97333e-05  2.44088e-05
7.91000e+02  4.02285e-05  3.71960e-05  3.36586e-05  2.94988e-05  2.42273e-05
7.93000e+02  3.96395e-05  3.66858e-05  3.32449e-05  2.91994e-05  2.40690e-05
7.95000e+02  3.98256e-05  3.68471e-05  3.33725e-05  2.92847e-05  2.41017e-05
7.97000e+02  4.05275e-05  3.74950e-05  3.39531e-05  2.97841e-05  2.44960e-05
7.99000e+02  4.05949e-05  3.75694e-05  3.40292e-05  2.98549e-05  2.45506e-05
8.01000e+02  4.02429e-05  3.72557e-05  3.37666e-05  2.96582e-05  2.44430e-05
8.03000e+02  4.03042e-05  3.73186e-05  3.38324e-05  2.97279e-05  2.45177e-05
8.05000e+02  4.00761e-05  3.71176e-05  3.36631e-05  2.95951e-05  2.44283e-05
8.07000e+02  4.04752e-05  3.74804e-05  3.39782e-05  2.98490e-05  2.46002e-05
8.09000e+02  3.99489e-05  3.70013e-05  3.35590e-05  2.95047e-05  2.43559e-05
8.11000e+02  4.03525e-05  3.73763e-05  3.38945e-05  2.97859e-05  2.45564e-05
8.13000e+02  4.06153e-05  3.76267e-05  3.41261e-05  2.99921e-05  2.47264e-05
8.15000e+02  4.05036e-05  3.75285e-05  3.40459e-05  2.99355e-05  2.47045e-05
8.17000e+02  4.05163e-05  3.75522e-05  3.40813e-05  2.99830e-05  2.47628e-05
8.19000e+02  3.94915e-05  3.66408e-05  3.33082e-05  2.93759e-05  2.43661e-05
8.21000e+02  3.97203e-05  3.68500e-05  3.34951e-05  2.95368e-05  2.44965e-05
8.23000e+02  3.98288e-05  3.69597e-05  3.36019e-05  2.96371e-05  2.45843e-05
8.25000e+02  4.01905e-05  3.72981e-05  3.39100e-05  2.99059e-05  2.47975e-05
8.27000e+02  4.05992e-05  3.76665e-05  3.42290e-05  3.01657e-05  2.49832e-05
8.29000e+02  4.05075e-05  3.75885e-05  3.41675e-05  3.01238e-05  2.49646e-05
8.31000e+02  3.99139e-05  3.70420e-05  3.36840e-05  2.97207e-05  2.46728e-05
8.33000e+02  3.98122e-05  3.69712e-05  3.36419e-05  2.97034e-05  2.46702e-05
8.35000e+02  4.00855e-05  3.72173e-05  3.38587e-05  2.98889e-05  2.48232e-05
8.37000e+02  4.03753e-05  3.74818e-05  3.40905e-05  3.00812e-05  2.49641e-05
8.39000e+02  3.97586e-05  3.69097e-05  3.35723e-05  2.96276e-05  2.45940e-05
8.41000e+02  4.04406e-05  3.75574e-05  3.41766e-05  3.01772e-05  2.50691e-05
8.43000e+02  3.98436e-05  3.70113e-05  3.36957e-05  2.97770e-05  2.47695e-05
8.45000e+02  4.01295e-05  3.73106e-05  3.40024e-05  3.00819e-05  2.50607e-05
8.47000e+02  3.99814e-05  3.71671e-05  3.38685e-05  2.99651e-05  2.49735e-05
8.49000e+02  3.96660e-05  3.68901e-05  3.36461e-05  2.98161e-05  2.49299e-05
8.51000e+02  3.80316e-05  3.54097e-05  3.23552e-05  2.87541e-05  2.41602e-05
8.53000e+02  3.93782e-05  3.66246e-05  3.34150e-05  2.96347e-05  2.48293e-05
8.55000e+02  3.38001e-05  3.16289e-05  2.91399e-05  2.62340e-05  2.25498e-05
8.57000e+02  4.04268e-05  3.75993e-05  3.42802e-05  3.03477e-05  2.53171e-05
8.59000e+02  3.98201e-05  3.70730e-05  3.38535e-05  3.00347e-05  2.51307e-05
8.61000e+02  3.98239e-05  3.70886e-05  3.38809e-05  3.00732e-05  2.51771e-05
8.63000e+02  4.03668e-05  3.75623e-05  3.42677e-05  3.03618e-05  2.53604e-05
8.65000e+02  3.98964e-05  3.71512e-05  3.39350e-05  3.01239e-05  2.52470e-05
8.67000e+02  3.45135e-05  3.23222e-05  2.97943e-05  2.68145e-05  2.29930e-05
8.69000e+02  3.93651e-05  3.66673e-05  3.35012e-05  2.97460e-05  2.49342e-05
8.71000e+02  4.00791e-05  3.73157e-05  3.40688e-05  3.02234e-05  2.53086e-05
8.73000e+02  3.99651e-05  3.72523e-05  3.40585e-05  3.02588e-05  2.53750e-05
8.75000e+02  3.89589e-05  3.64550e-05  3.35066e-05  2.99519e-05  2.52750e-05
8.77000e+02  4.01713e-05  3.74681e-05  3.42782e-05  3.04662e-05  2.55400e-05
8.79000e+02  4.01827e-05  3.74365e-05  3.42011e-05  3.03648e-05  2.54565e-05
8.81000e+02  3.93679e-05  3.66824e-05  3.35286e-05  2.98024e-05  2.50498e-05
8.83000e+02  4.00377e-05  3.73329e-05  3.41328e-05  3.03239e-05  2.54308e-05
8.85000e+02  3.98246e-05  3.72307e-05  3.41483e-05  3.04315e-05  2.55834e-05
8.87000e+02  3.85087e-05  3.61403e-05  3.33264e-05  2.98941e-05  2.53266e-05
8.89000e+02  4.03045e-05  3.76134e-05  3.44233e-05  3.06129e-05  2.57027e-05
8.91000e+02  4.05313e-05  3.78042e-05  3.45765e-05  3.07388e-05  2.58106e-05
8.93000e+02  4.00040e-05  3.73016e-05  3.41205e-05  3.03549e-05  2.55395e-05
8.95000e+02  4.01781e-05  3.74513e-05  3.42386e-05  3.04361e-05  2.55743e-05
8.97000e+02  4.02612e-05  3.75516e-05  3.43464e-05  3.05423e-05  2.56698e-05
8.99000e+02  4.02667e-05  3.76166e-05  3.44520e-05  3.06628e-05  2.57767e-05
9.01000e+02  3.78583e-05  3.56114e-05  3.29134e-05  2.96005e-05  2.51731e-05
9.03000e+02  3.95092e-05  3.70455e-05  3.40816e-05  3.04686e-05  2.57105e-05
9.05000e+02  4.05360e-05  3.78744e-05  3.46940e-05  3.08877e-05  2.59757e-05
9.07000e+02  4.00404e-05  3.74083e-05  3.42908e-05  3.05809e-05  2.58085e-05
9.09000e+02  3.92265e-05  3.66536e-05  3.36247e-05  3.00301e-05  2.54106e-05
9.11000e+02  3.98028e-05  3.71330e-05  3.40036e-05  3.03045e-05  2.55720e-05
9.13000e+02  4.04900e-05  3.77654e-05  3.45643e-05  3.07734e-05  2.59115e-05
9.15000e+02  4.02673e-05  3.75400e-05  3.43304e-05  3.05269e-05  2.56500e-05
9.17000e+02  4.01107e-05  3.74130e-05  3.42215e-05  3.04288e-05  2.55567e-05
9.19000e+02  4.02045e-05  3.75549e-05  3.43837e-05  3.05870e-05  2.56831e-05
9.21000e+02  3.91975e-05  3.67133e-05  3.37142e-05  3.00865e-05  2.53623e-05
9.23000e+02  3.75158e-05  3.54625e-05  3.29481e-05  2.97755e-05  2.54039e-05
9.25000e+02  3.88001e-05  3.64013e-05  3.35007e-05  2.99758e-05  2.53585e-05
9.27000e+02  3.97045e-05  3.71454e-05  3.40785e-05  3.03983e-05  2.56311e-05
9.29000e+02  3.99961e-05  3.73389e-05  3.41891e-05  3.04403e-05  2.56186e-05
9.31000e+02  4.02773e-05  3.75898e-05  3.44203e-05  3.06556e-05  2.58164e-05
9.33000e+02  4.01864e-05  3.75017e-05  3.43479e-05  3.06078e-05  2.58038e-05
9.35000e+02  4.01469e-05  3.74597e-05  3.43078e-05  3.05715e-05  2.57707e-05
9.37000e+02  4.00751e-05  3.73930e-05  3.42500e-05  3.05255e-05  2.57390e-05
9.39000e+02  4.01356e-05  3.74498e-05  3.42999e-05  3.05634e-05  2.57590e-05
9.41000e+02  3.86481e-05  3.61580e-05  3.32375e-05  2.97658e-05  2.52844e-05
9.43000e+02  3.98127e-05  3.71807e-05  3.40894e-05  3.04170e-05  2.56845e-05
9.45000e+02  3.94655e-05  3.68592e-05  3.37981e-05  3.01665e-05  2.54954e-05
9.47000e+02  4.00755e-05  3.74407e-05  3.43252e-05  3.06161e-05  2.58344e-05
9.49000e+02  4.01397e-05  3.75354e-05  3.44289e-05  3.07136e-05  2.59082e-05
9.51000e+02  3.98690e-05  3.73501e-05  3.43128e-05  3.06586e-05  2.59170e-05
9.53000e+02  3.93737e-05  3.70016e-05  3.40975e-05  3.05408e-05  2.58538e-05
9.55000e+02  3.72894e-05  3.53774e-05  3.30037e-05  2.99658e-05  2.57165e-05
9.57000e+02  3.93376e-05  3.69551e-05  3.40465e-05  3.05000e-05  2.58450e-05
9.59000e+02  3.99614e-05  3.74488e-05  3.44193e-05  3.07727e-05  2.60346e-05
9.61000e+02  3.97668e-05  3.72326e-05  3.42154e-05  3.06078e-05  2.59363e-05
9.63000e+02  3.96158e-05  3.70834e-05  3.40857e-05  3.05083e-05  2.58779e-05
9.65000e+02  3.96080e-05  3.70449e-05  3.40236e-05  3.04257e-05  2.57721e-05
9.67000e+02  3.95587e-05  3.70068e-05  3.40033e-05  3.04270e-05  2.58019e-05
9.69000e+02  3.99687e-05  3.73899e-05  3.43544e-05  3.07368e-05  2.60513e-05
9.71000e+02  3.99589e-05  3.73605e-05  3.43071e-05  3.06757e-05  2.59863e-05
9.73000e+02  3.99702e-05  3.73764e-05  3.43277e-05  3.07000e-05  2.60106e-05
9.75000e+02  3.96666e-05  3.71115e-05  3.41108e-05  3.05401e-05  2.59208e-05
9.77000e+02  3.98388e-05  3.72660e-05  3.42444e-05  3.06505e-05  2.60063e-05
9.79000e+02  3.96702e-05  3.71015e-05  3.40862e-05  3.05016e-05  2.58715e-05
9.81000e+02  4.00008e-05  3.74318e-05  3.44101e-05  3.08108e-05  2.61508e-05
9.83000e+02  3.98797e-05  3.73239e-05  3.43186e-05  3.07398e-05  2.61083e-05
9.85000e+02  3.99705e-05  3.74239e-05  3.44241e-05  3.08457e-05  2.62047e-05
9.87000e+02  3.97590e-05  3.72374e-05  3.42677e-05  3.07263e-05  2.61333e-05
9.89000e+02  3.97207e-05  3.72215e-05  3.42720e-05  3.07495e-05  2.61745e-05
9.91000e+02  3.96119e-05  3.71217e-05  3.41851e-05  3.06789e-05  2.61241e-05
9.93000e+02  3.99871e-05  3.74706e-05  3.44914e-05  3.09287e-05  2.62979e-05
9.95000e+02  3.99435e-05  3.74399e-05  3.44692e-05  3.09133e-05  2.62886e-05
9.97000e+02  3.99238e-05  3.74426e-05  3.44853e-05  3.09397e-05  2.63246e-05
9.99000e+02  3.97788e-05  3.73399e-05  3.44119e-05  3.08905e-05  2.63005e-05
1.00250e+03  3.91864e-05  3.69557e-05  3.42085e-05  3.08212e-05  2.63050e-05
1.00750e+03  3.85662e-05  3.64555e-05  3.38458e-05  3.06037e-05  2.62334e-05
1.01250e+03  3.96280e-05  3.72243e-05  3.43413e-05  3.08694e-05  2.63308e-05
1.01750e+03  3.93741e-05  3.69604e-05  3.40997e-05  3.06728e-05  2.62057e-05
1.02250e+03  3.95952e-05  3.71553e-05  3.42684e-05  3.08131e-05  2.63108e-05
1.02750e+03  3.97518e-05  3.73093e-05  3.44165e-05  3.09492e-05  2.64233e-05
1.03250e+03  3.93884e-05  3.69826e-05  3.41356e-05  3.07241e-05  2.62703e-05
1.03750e+03  3.93771e-05  3.69794e-05  3.41403e-05  3.07363e-05  2.62883e-05
1.04250e+03  3.95547e-05  3.71552e-05  3.43098e-05  3.08935e-05  2.64227e-05
1.04750e+03  3.92230e-05  3.68738e-05  3.40863e-05  3.07354e-05  2.63412e-05
1.05250e+03  3.94131e-05  3.70491e-05  3.42410e-05  3.08638e-05  2.64335e-05
1.05750e+03  3.91923e-05  3.68578e-05  3.40826e-05  3.07430e-05  2.63582e-05
1.06250e+03  3.91112e-05  3.67937e-05  3.40365e-05  3.07166e-05  2.63546e-05
1.06750e+03  3.84680e-05  3.62436e-05  3.35924e-05  3.03917e-05  2.61718e-05
1.07250e+03  3.88616e-05  3.65916e-05  3.38836e-05  3.06155e-05  2.63116e-05
1.07750e+03  3.86797e-05  3.64303e-05  3.37430e-05  3.04997e-05  2.62282e-05
1.08250e+03  3.81643e-05  3.59806e-05  3.33627e-05  3.01993e-05  2.60305e-05
1.08750e+03  3.82027e-05  3.60680e-05  3.34667e-05  3.02968e-05  2.60970e-05
1.09250e+03  3.70651e-05  3.52855e-05  3.30363e-05  3.01602e-05  2.61399e-05
1.09750e+03  3.74554e-05  3.54551e-05  3.29684e-05  2.98782e-05  2.57100e-05
1.10250e+03  3.82232e-05  3.60356e-05  3.33764e-05  3.01342e-05  2.58313e-05
1.10750e+03  3.85423e-05  3.63033e-05  3.36050e-05  3.03279e-05  2.59899e-05
1.11250e+03  3.83859e-05  3.61629e-05  3.34921e-05  3.02511e-05  2.59581e-05
1.11750e+03  3.83334e-05  3.61299e-05  3.34848e-05  3.02755e-05  2.60214e-05
1.12250e+03  3.84901e-05  3.62750e-05  3.36140e-05  3.03830e-05  2.60981e-05
1.12750e+03  3.79074e-05  3.57655e-05  3.31909e-05  3.00596e-05  2.58949e-05
1.13250e+03  3.81558e-05  3.60084e-05  3.34237e-05  3.02768e-05  2.60836e-05
1.13750e+03  3.80888e-05  3.59321e-05  3.33371e-05  3.01795e-05  2.59755e-05
1.14250e+03  3.78586e-05  3.57429e-05  3.31953e-05  3.00920e-05  2.59520e-05
1.14750e+03  3.83847e-05  3.62289e-05  3.36270e-05  3.04537e-05  2.62174e-05
1.15250e+03  3.83525e-05  3.62088e-05  3.36200e-05  3.04614e-05  2.62411e-05
1.15750e+03  3.80961e-05  3.59759e-05  3.34165e-05  3.02944e-05  2.61230e-05
1.16250e+03  3.77312e-05  3.56633e-05  3.31614e-05  3.01010e-05  2.59944e-05
1.16750e+03  3.77927e-05  3.57408e-05  3.32531e-05  3.02034e-05  2.61004e-05
1.17250e+03  3.82697e-05  3.61716e-05  3.36261e-05  3.05079e-05  2.63190e-05
1.17750e+03  3.76047e-05  3.55941e-05  3.31502e-05  3.01471e-05  2.60937e-05
1.18250e+03  3.74924e-05  3.54767e-05  3.30314e-05  3.00343e-05  2.60018e-05
1.18750e+03  3.74637e-05  3.54628e-05  3.30286e-05  3.00361e-05  2.59940e-05
1.19250e+03  3.81517e-05  3.60953e-05  3.35882e-05  3.05049e-05  2.63403e-05
1.19750e+03  3.70016e-05  3.50365e-05  3.26486e-05  2.97179e-05  2.57667e-05
1.20250e+03  3.75314e-05  3.55408e-05  3.31140e-05  3.01283e-05  2.60910e-05
1.20750e+03  3.72831e-05  3.53180e-05  3.29217e-05  2.99723e-05  2.59811e-05
1.21250e+03  3.75746e-05  3.55954e-05  3.31757e-05  3.01916e-05  2.61435e-05
1.21750e+03  3.78896e-05  3.58928e-05  3.34444e-05  3.04186e-05  2.63038e-05
1.22250e+03  3.78211e-05  3.58380e-05  3.34037e-05  3.03922e-05  2.62912e-05
1.22750e+03  3.75926e-05  3.56399e-05  3.32405e-05  3.02694e-05  2.62171e-05
1.23250e+03  3.76596e-05  3.57046e-05  3.32993e-05  3.03178e-05  2.62471e-05
1.23750e+03  3.76075e-05  3.56634e-05  3.32688e-05  3.02986e-05  2.62388e-05
1.24250e+03  3.74632e-05  3.55318e-05  3.31525e-05  3.02016e-05  2.61692e-05
1.24750e+03  3.75999e-05  3.56754e-05  3.32958e-05  3.03362e-05  2.62769e-05
1.25250e+03  3.74390e-05  3.55311e-05  3.31708e-05  3.02340e-05  2.62040e-05
1.25750e+03  3.73623e-05  3.54834e-05  3.31505e-05  3.02390e-05  2.62281e-05
1.26250e+03  3.73114e-05  3.54482e-05  3.31264e-05  3.02242e-05  2.62208e-05
1.26750e+03  3.71368e-05  3.52935e-05  3.29876e-05  3.01027e-05  2.61243e-05
1.27250e+03  3.71959e-05  3.53978e-05  3.31131e-05  3.02306e-05  2.62280e-05
1.27750e+03  3.68416e-05  3.51850e-05  3.30209e-05  3.02304e-05  2.62754e-05
1.28250e+03  3.43707e-05  3.30904e-05  3.14068e-05  2.91386e-05  2.57287e-05
1.28750e+03  3.66795e-05  3.50159e-05  3.28498e-05  3.00682e-05  2.61420e-05
1.29250e+03  3.68126e-05  3.50553e-05  3.28199e-05  2.99951e-05  2.60582e-05
1.29750e+03  3.70691e-05  3.52836e-05  3.30281e-05  3.01837e-05  2.62163e-05
1.30250e+03  3.68769e-05  3.50885e-05  3.28430e-05  3.00199e-05  2.60933e-05
1.30750e+03  3.70349e-05  3.52471e-05  3.29988e-05  3.01663e-05  2.62119e-05
1.31250e+03  3.65815e-05  3.48253e-05  3.26213e-05  2.98467e-05  2.59748e-05
1.31750e+03  3.65337e-05  3.47914e-05  3.26027e-05  2.98440e-05  2.59860e-05
1.32250e+03  3.68835e-05  3.51211e-05  3.29009e-05  3.00969e-05  2.61660e-05
1.32750e+03  3.65029e-05  3.47640e-05  3.25774e-05  2.98196e-05  2.59573e-05
1.33250e+03  3.66488e-05  3.49158e-05  3.27307e-05  2.99683e-05  2.60867e-05
1.33750e+03  3.65748e-05  3.48521e-05  3.26779e-05  2.99276e-05  2.60592e-05
1.34250e+03  3.67177e-05  3.50008e-05  3.28272e-05  3.00704e-05  2.61788e-05
1.34750e+03  3.66301e-05  3.49241e-05  3.27622e-05  3.00182e-05  2.61407e-05
1.35250e+03  3.65906e-05  3.49018e-05  3.27577e-05  3.00310e-05  2.61659e-05
1.35750e+03  3.62355e-05  3.45664e-05  3.24508e-05  2.97637e-05  2.59599e-05
1.36250e+03  3.63142e-05  3.46434e-05  3.25210e-05  2.98224e-05  2.59963e-05
1.36750e+03  3.62860e-05  3.46315e-05  3.25268e-05  2.98470e-05  2.60395e-05
1.37250e+03  3.62198e-05  3.45946e-05  3.25218e-05  2.98743e-05  2.60941e-05
1.37750e+03  3.62208e-05  3.45942e-05  3.25173e-05  2.98639e-05  2.60747e-05
1.38250e+03  3.62477e-05  3.46304e-05  3.25605e-05  2.99115e-05  2.61189e-05
1.38750e+03  3.62149e-05  3.45992e-05  3.25281e-05  2.98764e-05  2.60775e-05
1.39250e+03  3.61719e-05  3.45787e-05  3.25324e-05  2.99060e-05  2.61285e-05
1.39750e+03  3.60942e-05  3.45126e-05  3.24792e-05  2.98677e-05  2.61061e-05
1.40250e+03  3.58743e-05  3.43049e-05  3.22876e-05  2.96976e-05  2.59693e-05
1.40750e+03  3.60011e-05  3.44311e-05  3.24060e-05  2.97980e-05  2.60273e-05
1.41250e+03  3.56307e-05  3.40806e-05  3.20823e-05  2.95078e-05  2.57818e-05
1.41750e+03  3.59035e-05  3.43525e-05  3.23435e-05  2.97460e-05  2.59667e-05
1.42250e+03  3.54116e-05  3.38911e-05  3.19262e-05  2.93900e-05  2.57077e-05
1.42750e+03  3.50650e-05  3.35636e-05  3.16266e-05  2.91295e-05  2.55079e-05
1.43250e+03  3.56079e-05  3.40938e-05  3.21277e-05  2.95821e-05  2.58698e-05
1.43750e+03  3.57600e-05  3.42558e-05  3.22943e-05  2.97464e-05  2.60140e-05
1.44250e+03  3.47532e-05  3.33177e-05  3.14565e-05  2.90447e-05  2.55167e-05
1.44750e+03  3.55625e-05  3.40842e-05  3.21540e-05  2.96454e-05  2.59666e-05
1.45250e+03  3.49903e-05  3.35559e-05  3.16872e-05  2.92594e-05  2.56929e-05
1.45700e+03  3.52350e-05  3.37935e-05  3.19054e-05  2.94442e-05  2.58157e-05
1.46200e+03  3.52268e-05  3.37887e-05  3.19048e-05  2.94480e-05  2.58221e-05
1.46750e+03  3.52271e-05  3.37965e-05  3.19179e-05  2.94637e-05  2.58319e-05
1.47250e+03  3.47928e-05  3.33865e-05  3.15467e-05  2.91490e-05  2.56075e-05
1.47750e+03  3.48360e-05  3.34462e-05  3.16218e-05  2.92387e-05  2.57079e-05
1.48250e+03  3.49168e-05  3.35277e-05  3.16987e-05  2.93054e-05  2.57522e-05
1.48750e+03  3.40868e-05  3.27535e-05  3.10064e-05  2.87278e-05  2.53559e-05
1.49250e+03  3.51450e-05  3.37720e-05  3.19526e-05  2.95638e-05  2.59990e-05
1.49750e+03  3.48138e-05  3.34638e-05  3.16778e-05  2.93347e-05  2.58383e-05
1.50250e+03  3.38540e-05  3.25453e-05  3.08244e-05  2.85760e-05  2.52408e-05
1.50750e+03  3.41070e-05  3.28008e-05  3.10764e-05  2.88172e-05  2.54497e-05
1.51250e+03  3.47428e-05  3.34151e-05  3.16502e-05  2.93278e-05  2.58473e-05
1.51750e+03  3.48061e-05  3.34936e-05  3.17430e-05  2.94347e-05  2.59632e-05
1.52250e+03  3.43939e-05  3.31019e-05  3.13841e-05  2.91244e-05  2.57357e-05
1.52750e+03  3.46239e-05  3.33444e-05  3.16319e-05  2.93689e-05  2.59511e-05
1.53250e+03  3.44878e-05  3.32157e-05  3.15160e-05  2.92737e-05  2.58938e-05
1.53750e+03  3.44524e-05  3.31995e-05  3.15202e-05  2.93004e-05  2.59434e-05
1.54250e+03  3.44365e-05  3.31950e-05  3.15297e-05  2.93263e-05  2.59869e-05
1.54750e+03  3.44011e-05  3.31661e-05  3.15072e-05  2.93112e-05  2.59812e-05
1.55250e+03  3.41270e-05  3.28965e-05  3.12477e-05  2.90695e-05  2.57757e-05
1.55750e+03  3.40026e-05  3.27836e-05  3.11499e-05  2.89923e-05  2.57316e-05
1.56250e+03  3.42675e-05  3.30714e-05  3.14550e-05  2.93078e-05  2.60309e-05
1.56750e+03  3.36964e-05  3.25000e-05  3.08995e-05  2.87890e-05  2.55999e-05
1.57250e+03  3.37826e-05  3.26168e-05  3.10471e-05  2.89683e-05  2.58034e-05
1.57750e+03  3.28019e-05  3.16579e-05  3.01300e-05  2.81153e-05  2.50723e-05
1.58250e+03  3.34723e-05  3.23201e-05  3.07688e-05  2.87131e-05  2.55826e-05
1.58750e+03  3.25081e-05  3.13742e-05  2.98741e-05  2.79103e-05  2.49611e-05
1.59250e+03  3.32468e-05  3.21006e-05  3.05625e-05  2.85285e-05  2.54367e-05
1.59750e+03  3.33442e-05  3.22252e-05  3.07093e-05  2.86944e-05  2.56162e-05
1.60500e+03  3.32060e-05  3.21039e-05  3.06144e-05  2.86348e-05  2.55986e-05
1.61500e+03  3.27374e-05  3.16551e-05  3.02055e-05  2.82922e-05  2.53741e-05
1.62500e+03  3.30943e-05  3.20179e-05  3.05447e-05  2.85780e-05  2.55605e-05
1.63500e+03  3.24796e-05  3.14451e-05  3.00468e-05  2.81854e-05  2.53155e-05
1.64500e+03  3.19179e-05  3.09084e-05  2.95613e-05  2.77788e-05  2.50324e-05
1.65500e+03  3.24590e-05  3.14243e-05  3.00020e-05  2.81012e-05  2.51845e-05
1.66500e+03  3.21906e-05  3.11705e-05  2.97650e-05  2.78850e-05  2.49977e-05
1.67500e+03  3.13203e-05  3.03622e-05  2.90636e-05  2.73238e-05  2.46156e-05
1.68500e+03  3.05827e-05  2.96590e-05  2.84288e-05  2.67897e-05  2.42382e-05
1.69500e+03  3.14976e-05  3.05191e-05  2.91676e-05  2.73566e-05  2.45677e-05
1.70500e+03  3.09668e-05  2.99820e-05  2.86357e-05  2.68451e-05  2.41134e-05
1.71500e+03  3.06871e-05  2.97239e-05  2.84024e-05  2.66417e-05  2.39511e-05
1.72500e+03  3.01839e-05  2.92586e-05  2.79847e-05  2.62788e-05  2.36582e-05
1.73500e+03  2.86637e-05  2.78654e-05  2.68047e-05  2.53760e-05  2.31179e-05
1.74500e+03  2.94858e-05  2.86102e-05  2.74074e-05  2.57904e-05  2.32862e-05
1.75500e+03  2.96721e-05  2.87507e-05  2.74893e-05  2.58080e-05  2.32367e-05
1.76500e+03  2.94219e-05  2.84987e-05  2.72462e-05  2.55847e-05  2.30526e-05
1.77500e+03  2.91705e-05  2.82412e-05  2.69864e-05  2.53256e-05  2.28031e-05
1.78500e+03  2.90228e-05  2.81111e-05  2.68760e-05  2.52381e-05  2.27425e-05
1.79500e+03  2.87801e-05  2.78841e-05  2.66622e-05  2.50380e-05  2.25617e-05
1.80500e+03  2.83175e-05  2.74689e-05  2.62964e-05  2.47247e-05  2.23108e-05
1.81500e+03  2.68837e-05  2.61832e-05  2.52357e-05  2.39416e-05  2.18755e-05
1.82500e+03  2.74606e-05  2.66803e-05  2.56035e-05  2.41453e-05  2.18715e-05
1.83500e+03  2.76039e-05  2.67621e-05  2.56121e-05  2.40810e-05  2.17453e-05
1.84500e+03  2.72146e-05  2.63682e-05  2.52263e-05  2.37162e-05  2.14290e-05
1.85500e+03  2.71508e-05  2.63192e-05  2.51910e-05  2.36938e-05  2.14160e-05
1.86500e+03  2.66191e-05  2.58341e-05  2.47521e-05  2.33031e-05  2.10860e-05
1.87500e+03  2.48597e-05  2.42787e-05  2.34782e-05  2.23604e-05  2.05491e-05
1.88500e+03  2.62044e-05  2.54539e-05  2.44148e-05  2.30155e-05  2.08590e-05
1.89500e+03  2.57324e-05  2.49372e-05  2.38740e-05  2.24729e-05  2.03616e-05
1.90500e+03  2.60808e-05  2.52765e-05  2.41977e-05  2.27735e-05  2.06165e-05
1.91500e+03  2.57743e-05  2.49793e-05  2.39151e-05  2.25114e-05  2.03885e-05
1.92500e+03  2.55601e-05  2.47855e-05  2.37412e-05  2.23594e-05  2.02656e-05
1.93500e+03  2.50576e-05  2.43309e-05  2.33374e-05  2.20073e-05  1.99719e-05
1.94500e+03  2.36414e-05  2.30690e-05  2.23007e-05  2.12400e-05  1.95330e-05
1.95500e+03  2.47621e-05  2.40551e-05  2.30864e-05  2.17866e-05  1.97906e-05
1.96500e+03  2.46714e-05  2.39238e-05  2.29221e-05  2.15995e-05  1.95997e-05
1.97500e+03  2.43787e-05  2.36303e-05  2.26375e-05  2.13320e-05  1.93627e-05
1.98500e+03  2.43302e-05  2.35806e-05  2.25885e-05  2.12847e-05  1.93170e-05
1.99500e+03  2.41367e-05  2.33918e-05  2.24088e-05  2.11185e-05  1.91737e-05
2.00500e+03  2.40607e-05  2.33213e-05  2.23454e-05  2.10638e-05  1.91305e-05
2.01500e+03  2.39504e-05  2.32185e-05  2.22514e-05  2.09799e-05  1.90573e-05
2.02500e+03  2.35832e-05  2.28564e-05  2.19011e-05  2.06489e-05  1.87644e-05
2.03500e+03  2.32637e-05  2.25491e-05  2.16130e-05  2.03884e-05  1.85505e-05
2.04500e+03  2.33573e-05  2.26456e-05  2.17081e-05  2.04768e-05  1.86176e-05
2.05500e+03  2.31011e-05  2.23932e-05  2.14632e-05  2.02434e-05  1.84066e-05
2.06500e+03  2.27807e-05  2.20888e-05  2.11817e-05  1.99927e-05  1.82027e-05
2.07500e+03  2.27026e-05  2.20128e-05  2.11081e-05  1.99217e-05  1.81341e-05
2.08500e+03  2.25184e-05  2.18313e-05  2.09315e-05  1.97526e-05  1.79804e-05
2.09500e+03  2.22135e-05  2.15390e-05  2.06574e-05  1.95037e-05  1.77713e-05
2.10500e+03  2.22111e-05  2.15427e-05  2.06662e-05  1.95162e-05  1.77827e-05
2.11500e+03  2.19838e-05  2.13244e-05  2.04603e-05  1.93266e-05  1.76189e-05
2.12500e+03  2.17942e-05  2.11421e-05  2.02873e-05  1.91656e-05  1.74764e-05
2.13500e+03  2.16611e-05  2.10210e-05  2.01785e-05  1.90711e-05  1.74005e-05
2.14500e+03  2.15090e-05  2.08809e-05  2.00474e-05  1.89477e-05  1.72851e-05
2.15500e+03  2.12464e-05  2.06546e-05  1.98571e-05  1.87912e-05  1.71623e-05
2.16500e+03  2.00021e-05  1.95508e-05  1.89478e-05  1.81107e-05  1.67605e-05
2.17500e+03  2.07174e-05  2.01487e-05  1.93861e-05  1.83643e-05  1.68010e-05
2.18500e+03  2.07145e-05  2.01173e-05  1.93279e-05  1.82876e-05  1.67190e-05
2.19500e+03  2.07288e-05  2.01198e-05  1.93204e-05  1.82700e-05  1.66880e-05
2.20500e+03  2.03796e-05  1.97789e-05  1.89970e-05  1.79736e-05  1.64380e-05
2.21500e+03  2.03999e-05  1.98002e-05  1.90190e-05  1.79955e-05  1.64566e-05
2.22500e+03  2.02231e-05  1.96229e-05  1.88428e-05  1.78223e-05  1.62916e-05
2.23500e+03  2.00702e-05  1.94747e-05  1.87019e-05  1.76914e-05  1.61770e-05
2.24500e+03  1.99253e-05  1.93358e-05  1.85715e-05  1.75722e-05  1.60745e-05
2.25500e+03  1.97310e-05  1.91521e-05  1.84027e-05  1.74234e-05  1.59555e-05
2.26500e+03  1.95689e-05  1.89906e-05  1.82430e-05  1.72672e-05  1.58079e-05
2.27500e+03  1.95070e-05  1.89355e-05  1.81955e-05  1.72282e-05  1.57779e-05
2.28500e+03  1.92257e-05  1.86612e-05  1.79332e-05  1.69836e-05  1.55652e-05
2.29500e+03  1.90412e-05  1.84631e-05  1.77146e-05  1.67301e-05  1.52401e-05
2.30500e+03  1.90234e-05  1.84578e-05  1.77258e-05  1.67661e-05  1.53209e-05
2.31500e+03  1.88550e-05  1.82970e-05  1.75769e-05  1.66351e-05  1.52218e-05
2.32500e+03  1.85617e-05  1.79883e-05  1.72467e-05  1.62702e-05  1.47950e-05
2.33500e+03  1.84809e-05  1.79282e-05  1.72157e-05  1.62824e-05  1.48795e-05
2.34500e+03  1.84761e-05  1.79302e-05  1.72256e-05  1.63027e-05  1.49151e-05
2.35500e+03  1.81085e-05  1.75465e-05  1.68212e-05  1.58667e-05  1.44272e-05
2.36500e+03  1.81597e-05  1.76176e-05  1.69184e-05  1.60008e-05  1.46192e-05
2.37500e+03  1.79239e-05  1.73909e-05  1.67084e-05  1.58191e-05  1.44911e-05
2.38500e+03  1.76538e-05  1.71105e-05  1.64122e-05  1.54943e-05  1.41101e-05
2.39500e+03  1.77457e-05  1.72161e-05  1.65345e-05  1.56400e-05  1.42925e-05
2.40500e+03  1.76255e-05  1.71047e-05  1.64357e-05  1.55602e-05  1.42457e-05
2.41500e+03  1.73071e-05  1.67787e-05  1.61017e-05  1.52143e-05  1.38802e-05
2.42500e+03  1.73280e-05  1.68109e-05  1.61472e-05  1.52771e-05  1.39688e-05
2.43500e+03  1.72002e-05  1.66929e-05  1.60433e-05  1.51944e-05  1.39232e-05
2.44500e+03  1.70611e-05  1.65489e-05  1.58915e-05  1.50284e-05  1.37284e-05
2.45500e+03  1.67894e-05  1.62879e-05  1.56480e-05  1.48119e-05  1.35606e-05
2.46500e+03  1.68862e-05  1.63923e-05  1.57603e-05  1.49339e-05  1.36951e-05
2.47500e+03  1.66660e-05  1.61732e-05  1.55441e-05  1.47226e-05  1.34929e-05
2.48500e+03  1.64151e-05  1.59329e-05  1.53174e-05  1.45122e-05  1.33032e-05
2.49500e+03  1.65024e-05  1.60199e-05  1.54038e-05  1.45988e-05  1.33940e-05
2.50500e+03  1.64047e-05  1.59267e-05  1.53170e-05  1.45213e-05  1.33333e-05
2.51500e+03  1.62495e-05  1.57707e-05  1.51588e-05  1.43568e-05  1.31513e-05
2.52500e+03  1.62096e-05  1.57395e-05  1.51392e-05  1.43543e-05  1.31775e-05
2.53500e+03  1.60841e-05  1.56201e-05  1.50285e-05  1.42560e-05  1.31011e-05
2.54500e+03  1.58914e-05  1.54301e-05  1.48438e-05  1.40796e-05  1.29404e-05
2.55500e+03  1.58074e-05  1.53528e-05  1.47744e-05  1.40197e-05  1.28922e-05
2.56500e+03  1.56815e-05  1.52340e-05  1.46660e-05  1.39262e-05  1.28238e-05
2.57500e+03  1.56935e-05  1.52481e-05  1.46800e-05  1.39375e-05  1.28273e-05
2.58500e+03  1.53956e-05  1.49535e-05  1.43918e-05  1.36599e-05  1.25711e-05
2.59500e+03  1.54375e-05  1.50003e-05  1.44419e-05  1.37124e-05  1.26239e-05
2.60500e+03  1.53501e-05  1.49250e-05  1.43794e-05  1.36633e-05  1.25892e-05
2.61500e+03  1.51507e-05  1.47460e-05  1.42233e-05  1.35315e-05  1.24872e-05
2.62500e+03  1.44113e-05  1.41040e-05  1.37009e-05  1.31438e-05  1.22561e-05
2.63500e+03  1.49216e-05  1.45279e-05  1.40178e-05  1.33403e-05  1.23170e-05
2.64500e+03  1.48563e-05  1.44465e-05  1.39229e-05  1.32394e-05  1.22245e-05
2.65500e+03  1.47960e-05  1.43832e-05  1.38581e-05  1.31735e-05  1.21564e-05
2.66500e+03  1.46194e-05  1.42148e-05  1.37024e-05  1.30348e-05  1.20418e-05
2.67500e+03  1.45997e-05  1.42020e-05  1.37005e-05  1.30477e-05  1.20741e-05
2.68500e+03  1.46044e-05  1.42017e-05  1.36914e-05  1.30254e-05  1.20327e-05
2.69500e+03  1.45153e-05  1.41104e-05  1.35975e-05  1.29298e-05  1.19383e-05
2.70500e+03  1.44304e-05  1.40296e-05  1.35223e-05  1.28628e-05  1.18856e-05
2.71500e+03  1.43258e-05  1.39281e-05  1.34253e-05  1.27726e-05  1.18071e-05
2.72500e+03  1.42368e-05  1.38426e-05  1.33445e-05  1.26981e-05  1.17429e-05
2.73500e+03  1.41493e-05  1.37589e-05  1.32655e-05  1.26242e-05  1.16743e-05
2.74500e+03  1.40721e-05  1.36882e-05  1.32027e-05  1.25701e-05  1.16308e-05
2.75500e+03  1.38285e-05  1.34643e-05  1.30073e-05  1.24113e-05  1.15213e-05
2.76500e+03  1.37971e-05  1.34291e-05  1.29657e-05  1.23608e-05  1.14594e-05
2.77500e+03  1.37733e-05  1.33967e-05  1.29219e-05  1.23052e-05  1.13943e-05
2.78500e+03  1.37028e-05  1.33273e-05  1.28543e-05  1.22412e-05  1.13375e-05
2.79500e+03  1.36455e-05  1.32724e-05  1.28022e-05  1.21926e-05  1.12936e-05
2.80500e+03  1.35527e-05  1.31823e-05  1.27159e-05  1.21116e-05  1.12212e-05
2.81500e+03  1.34768e-05  1.31093e-05  1.26466e-05  1.20469e-05  1.11629e-05
2.82500e+03  1.33858e-05  1.30215e-05  1.25633e-05  1.19698e-05  1.10960e-05
2.83500e+03  1.33195e-05  1.29589e-05  1.25051e-05  1.19170e-05  1.10507e-05
2.84500e+03  1.31889e-05  1.28329e-05  1.23857e-05  1.18065e-05  1.09548e-05
2.85500e+03  1.31283e-05  1.27762e-05  1.23330e-05  1.17574e-05  1.09088e-05
2.86500e+03  1.29948e-05  1.26566e-05  1.22304e-05  1.16727e-05  1.08426e-05
2.87500e+03  1.27607e-05  1.24439e-05  1.20471e-05  1.15269e-05  1.07463e-05
2.88500e+03  1.28631e-05  1.25237e-05  1.20966e-05  1.15408e-05  1.07196e-05
2.89500e+03  1.28155e-05  1.24735e-05  1.20439e-05  1.14870e-05  1.06677e-05
2.90500e+03  1.27382e-05  1.23974e-05  1.19699e-05  1.14165e-05  1.06039e-05
2.91500e+03  1.26628e-05  1.23251e-05  1.19019e-05  1.13543e-05  1.05502e-05
2.92500e+03  1.25351e-05  1.21991e-05  1.17792e-05  1.12374e-05  1.04449e-05
2.93500e+03  1.25089e-05  1.21745e-05  1.17560e-05  1.12153e-05  1.04228e-05
2.94500e+03  1.24127e-05  1.20812e-05  1.16670e-05  1.11322e-05  1.03494e-05
2.95500e+03  1.23588e-05  1.20296e-05  1.16178e-05  1.10860e-05  1.03071e-05
2.96500e+03  1.22870e-05  1.19601e-05  1.15515e-05  1.10236e-05  1.02503e-05
2.97500e+03  1.22120e-05  1.18883e-05  1.14837e-05  1.09613e-05  1.01965e-05
2.98500e+03  1.21408e-05  1.18195e-05  1.14179e-05  1.08993e-05  1.01402e-05
2.99500e+03  1.20446e-05  1.17265e-05  1.13292e-05  1.08166e-05  1.00672e-05
3.00500e+03  1.19713e-05  1.16559e-05  1.12618e-05  1.07530e-05  1.00090e-05
3.01500e+03  1.19182e-05  1.16070e-05  1.12174e-05  1.07132e-05  9.97474e-06
3.02500e+03  1.18224e-05  1.15173e-05  1.11345e-05  1.06376e-05  9.90818e-06
3.03500e+03  1.15635e-05  1.12883e-05  1.09433e-05  1.04900e-05  9.81187e-06
3.04500e+03  1.15943e-05  1.13117e-05  1.09561e-05  1.04883e-05  9.78925e-06
3.05500e+03  1.16213e-05  1.13216e-05  1.09464e-05  1.04602e-05  9.74775e-06
3.06500e+03  1.15420e-05  1.12424e-05  1.08687e-05  1.03863e-05  9.68236e-06
3.07500e+03  1.15097e-05  1.12104e-05  1.08370e-05  1.03551e-05  9.65103e-06
3.08500e+03  1.14073e-05  1.11100e-05  1.07401e-05  1.02634e-05  9.56859e-06
3.09500e+03  1.13491e-05  1.10539e-05  1.06867e-05  1.02136e-05  9.52402e-06
3.10500e+03  1.13088e-05  1.10157e-05  1.06511e-05  1.01810e-05  9.49503e-06
3.11500e+03  1.11456e-05  1.08594e-05  1.05045e-05  1.00480e-05  9.38379e-06
3.12500e+03  1.11663e-05  1.08776e-05  1.05190e-05  1.00570e-05  9.38395e-06
3.13500e+03  1.11048e-05  1.08173e-05  1.04601e-05  9.99974e-06  9.32855e-06
3.14500e+03  1.10471e-05  1.07623e-05  1.04087e-05  9.95309e-06  9.28895e-06
3.15500e+03  1.09407e-05  1.06598e-05  1.03117e-05  9.86382e-06  9.21244e-06
3.16500e+03  1.09060e-05  1.06244e-05  1.02753e-05  9.82617e-06  9.17364e-06
3.17500e+03  1.08409e-05  1.05628e-05  1.02178e-05  9.77389e-06  9.12800e-06
3.18500e+03  1.07876e-05  1.05101e-05  1.01662e-05  9.72370e-06  9.08046e-06
3.19500e+03  1.07395e-05  1.04642e-05  1.01228e-05  9.68333e-06  9.04393e-06
3.21000e+03  1.06302e-05  1.03589e-05  1.00229e-05  9.59084e-06  8.96321e-06
3.23000e+03  1.05152e-05  1.02465e-05  9.91376e-06  9.48572e-06  8.86403e-06
3.25000e+03  1.03938e-05  1.01298e-05  9.80296e-06  9.38268e-06  8.77305e-06
3.27000e+03  1.02723e-05  1.00138e-05  9.69309e-06  9.28000e-06  8.68030e-06
3.29000e+03  1.00052e-05  9.77727e-06  9.49194e-06  9.11737e-06  8.56050e-06
3.31000e+03  1.00039e-05  9.76075e-06  9.45801e-06  9.06545e-06  8.49221e-06
3.33000e+03  9.90183e-06  9.65520e-06  9.35036e-06  8.95863e-06  8.39139e-06
3.35000e+03  9.82893e-06  9.58305e-06  9.27963e-06  8.89018e-06  8.32687e-06
3.37000e+03  9.70966e-06  9.46838e-06  9.17102e-06  8.78952e-06  8.23804e-06
3.39000e+03  9.58816e-06  9.35001e-06  9.05680e-06  8.68090e-06  8.13799e-06
3.41000e+03  9.47754e-06  9.24348e-06  8.95573e-06  8.58724e-06  8.05594e-06
3.43000e+03  9.41585e-06  9.18305e-06  8.89659e-06  8.52942e-06  7.99954e-06
3.45000e+03  9.32358e-06  9.09281e-06  8.80880e-06  8.44469e-06  7.91909e-06
3.47000e+03  9.22018e-06  8.99302e-06  8.71375e-06  8.35603e-06  7.84041e-06
3.49000e+03  9.12629e-06  8.90223e-06  8.62690e-06  8.27430e-06  7.76626e-06
3.51000e+03  9.03341e-06  8.81214e-06  8.54028e-06  8.19210e-06  7.69043e-06
3.53000e+03  8.92378e-06  8.70567e-06  8.43806e-06  8.09573e-06  7.60340e-06
3.55000e+03  8.84467e-06  8.62951e-06  8.36548e-06  8.02764e-06  7.54159e-06
3.57000e+03  8.74183e-06  8.52983e-06  8.26988e-06  7.93742e-06  7.45944e-06
3.59000e+03  8.65011e-06  8.44059e-06  8.18388e-06  7.85578e-06  7.38467e-06
3.61000e+03  8.58236e-06  8.37549e-06  8.12187e-06  7.79744e-06  7.33107e-06
3.63000e+03  8.49190e-06  8.28762e-06  8.03729e-06  7.71717e-06  7.25722e-06
3.65000e+03  8.36987e-06  8.16917e-06  7.92397e-06  7.61139e-06  7.16428e-06
3.67000e+03  8.28353e-06  8.08652e-06  7.84571e-06  7.53843e-06  7.09828e-06
3.69000e+03  8.16624e-06  7.97346e-06  7.73828e-06  7.43872e-06  7.01079e-06
3.71000e+03  8.08750e-06  7.89623e-06  7.66276e-06  7.36536e-06  6.94105e-06
3.73000e+03  7.99713e-06  7.81865e-06  7.59789e-06  7.31209e-06  6.89720e-06
3.75000e+03  7.83254e-06  7.66201e-06  7.45205e-06  7.18132e-06  6.79018e-06
3.77000e+03  7.88109e-06  7.69632e-06  7.47059e-06  7.18272e-06  6.77150e-06
3.79000e+03  7.80415e-06  7.62118e-06  7.39816e-06  7.11422e-06  6.70931e-06
3.81000e+03  7.73250e-06  7.55162e-06  7.33119e-06  7.05054e-06  6.65015e-06
3.83000e+03  7.67543e-06  7.49651e-06  7.27836e-06  7.00036e-06  6.60321e-06
3.85000e+03  7.60976e-06  7.43246e-06  7.21625e-06  6.94073e-06  6.54720e-06
3.87000e+03  7.51858e-06  7.34445e-06  7.13239e-06  6.86242e-06  6.47738e-06
3.89000e+03  7.43962e-06  7.26774e-06  7.05863e-06  6.79268e-06  6.41393e-06
3.91000e+03  7.38876e-06  7.21888e-06  7.01198e-06  6.74840e-06  6.37205e-06
3.93000e+03  7.32104e-06  7.15257e-06  6.94746e-06  6.68636e-06  6.31408e-06
3.95000e+03  7.22740e-06  7.06142e-06  6.85984e-06  6.60392e-06  6.24044e-06
3.97000e+03  7.17955e-06  7.01485e-06  6.81460e-06  6.56006e-06  6.19797e-06
3.99000e+03  7.07249e-06  6.91153e-06  6.71624e-06  6.46848e-06  6.11693e-06
4.01000e+03  7.02009e-06  6.86188e-06  6.66973e-06  6.42555e-06  6.07825e-06
4.03000e+03  6.97404e-06  6.81751e-06  6.62687e-06  6.38404e-06  6.03794e-06
4.05000e+03  6.80621e-06  6.67074e-06  6.50269e-06  6.28390e-06  5.96482e-06
4.07000e+03  6.83423e-06  6.68135e-06  6.49540e-06  6.25899e-06  5.92317e-06
4.09000e+03  6.78130e-06  6.62949e-06  6.44526e-06  6.21139e-06  5.87938e-06
4.11000e+03  6.72737e-06  6.57642e-06  6.39331e-06  6.16095e-06  5.83121e-06
4.13000e+03  6.67618e-06  6.52672e-06  6.34537e-06  6.11516e-06  5.78830e-06
4.15000e+03  6.59742e-06  6.45086e-06  6.27321e-06  6.04782e-06  5.72823e-06
4.17000e+03  6.53674e-06  6.39352e-06  6.21974e-06  5.99874e-06  5.68403e-06
4.19000e+03  6.48334e-06  6.34039e-06  6.16706e-06  5.94704e-06  5.63481e-06
4.21000e+03  6.39136e-06  6.25170e-06  6.08282e-06  5.86902e-06  5.56648e-06
4.23000e+03  6.38839e-06  6.24711e-06  6.07596e-06  5.85893e-06  5.55138e-06
4.25000e+03  6.31570e-06  6.17634e-06  6.00779e-06  5.79446e-06  5.49283e-06
4.27000e+03  6.27254e-06  6.13446e-06  5.96734e-06  5.75563e-06  5.45601e-06
4.29000e+03  6.13597e-06  5.99773e-06  5.83082e-06  5.61986e-06  5.32155e-06
4.31000e+03  6.03328e-06  5.89754e-06  5.73329e-06  5.52479e-06  5.22754e-06
4.33000e+03  6.01188e-06  5.87934e-06  5.71902e-06  5.51559e-06  5.22593e-06
4.35000e+03  5.86862e-06  5.73718e-06  5.57841e-06  5.37719e-06  5.09065e-06
4.37000e+03  5.78933e-06  5.66332e-06  5.51038e-06  5.31508e-06  5.03405e-06
4.39000e+03  5.78378e-06  5.65657e-06  5.50204e-06  5.30481e-06  5.02189e-06
4.41000e+03  5.62836e-06  5.50038e-06  5.34587e-06  5.14999e-06  4.87054e-06
4.43000e+03  5.62564e-06  5.50005e-06  5.34770e-06  5.15339e-06  4.87418e-06
4.45000e+03  5.59151e-06  5.46700e-06  5.31576e-06  5.12250e-06  4.84393e-06
4.47000e+03  5.45730e-06  5.33213e-06  5.18092e-06  4.98893e-06  4.71406e-06
4.49000e+03  5.47430e-06  5.35166e-06  5.20273e-06  5.01245e-06  4.73843e-06
4.51000e+03  5.42144e-06  5.29991e-06  5.15210e-06  4.96296e-06  4.69001e-06
4.53000e+03  5.31502e-06  5.19323e-06  5.04586e-06  4.85836e-06  4.58928e-06
4.55000e+03  5.31333e-06  5.19392e-06  5.04908e-06  4.86427e-06  4.59842e-06
4.57000e+03  5.29020e-06  5.17253e-06  5.02967e-06  4.84708e-06  4.58362e-06
4.59000e+03  5.18378e-06  5.06558e-06  4.92239e-06  4.73978e-06  4.47672e-06
4.61000e+03  5.18585e-06  5.07015e-06  4.92989e-06  4.75095e-06  4.49325e-06
4.63000e+03  5.13905e-06  5.02500e-06  4.88631e-06  4.70872e-06  4.45174e-06
4.65000e+03  5.06278e-06  4.95986e-06  4.83280e-06  4.66746e-06  4.42428e-06
4.67000e+03  5.05652e-06  4.94971e-06  4.81933e-06  4.65143e-06  4.40672e-06
4.69000e+03  5.04096e-06  4.93094e-06  4.79734e-06  4.62646e-06  4.37915e-06
4.71000e+03  5.00176e-06  4.89145e-06  4.75800e-06  4.58794e-06  4.34270e-06
4.73000e+03  4.99374e-06  4.88489e-06  4.75341e-06  4.58620e-06  4.34588e-06
4.75000e+03  4.94190e-06  4.83418e-06  4.70395e-06  4.53807e-06  4.29899e-06
4.77000e+03  4.90214e-06  4.79539e-06  4.66657e-06  4.50287e-06  4.26775e-06
4.79000e+03  4.87465e-06  4.76869e-06  4.64093e-06  4.47879e-06  4.24649e-06
4.81000e+03  4.81511e-06  4.71051e-06  4.58436e-06  4.42415e-06  4.19415e-06
4.83000e+03  4.81480e-06  4.71172e-06  4.58744e-06  4.42970e-06  4.20379e-06
4.85000e+03  4.76558e-06  4.66335e-06  4.54018e-06  4.38402e-06  4.16070e-06
4.87000e+03  4.72597e-06  4.62440e-06  4.50206e-06  4.34701e-06  4.12535e-06
4.89000e+03  4.69638e-06  4.59605e-06  4.47521e-06  4.32210e-06  4.10346e-06
4.91000e+03  4.66493e-06  4.56518e-06  4.44507e-06  4.29289e-06  4.07548e-06
4.93000e+03  4.62958e-06  4.53101e-06  4.41223e-06  4.26166e-06  4.04653e-06
4.95000e+03  4.59095e-06  4.49349e-06  4.37625e-06  4.22789e-06  4.01639e-06
4.97000e+03  4.55979e-06  4.46349e-06  4.34754e-06  4.20072e-06  3.99143e-06
4.99000e+03  4.53912e-06  4.44303e-06  4.32736e-06  4.18088e-06  3.97204e-06
5.01000e+03  4.48637e-06  4.39149e-06  4.27724e-06  4.13251e-06  3.92606e-06
5.03000e+03  4.47640e-06  4.38288e-06  4.27034e-06  4.12784e-06  3.92470e-06
5.05000e+03  4.42271e-06  4.33021e-06  4.21879e-06  4.07755e-06  3.87589e-06
5.07000e+03  4.39965e-06  4.30802e-06  4.19766e-06  4.05780e-06  3.85818e-06
5.09000e+03  4.37911e-06  4.28841e-06  4.17925e-06  4.04100e-06  3.84388e-06
5.11000e+03  4.33195e-06  4.24293e-06  4.13557e-06  3.99933e-06  3.80476e-06
5.13000e+03  4.29293e-06  4.20923e-06  4.10745e-06  3.97694e-06  3.78817e-06
5.15000e+03  4.27853e-06  4.19113e-06  4.08578e-06  3.95213e-06  3.76123e-06
5.17000e+03  4.26948e-06  4.18269e-06  4.07837e-06  3.94645e-06  3.75893e-06
5.19000e+03  4.22101e-06  4.13506e-06  4.03169e-06  3.90081e-06  3.71413e-06
5.21000e+03  4.18866e-06  4.10374e-06  4.00167e-06  3.87249e-06  3.68820e-06
5.23000e+03  4.15830e-06  4.07438e-06  3.97363e-06  3.84626e-06  3.66476e-06
5.25000e+03  4.14176e-06  4.05867e-06  3.95891e-06  3.83282e-06  3.65338e-06
5.27000e+03  4.12103e-06  4.03892e-06  3.94037e-06  3.81589e-06  3.63905e-06
5.29000e+03  4.07135e-06  3.99003e-06  3.89243e-06  3.76905e-06  3.59317e-06
5.31000e+03  4.05542e-06  3.97451e-06  3.87746e-06  3.75490e-06  3.58057e-06
5.33000e+03  4.02458e-06  3.94494e-06  3.84943e-06  3.72880e-06  3.55722e-06
5.35000e+03  4.00097e-06  3.92193e-06  3.82723e-06  3.70776e-06  3.53805e-06
5.37000e+03  3.96990e-06  3.89216e-06  3.79911e-06  3.68189e-06  3.51570e-06
5.39000e+03  3.95063e-06  3.87343e-06  3.78100e-06  3.66450e-06  3.49929e-06
5.41000e+03  3.92456e-06  3.84786e-06  3.75607e-06  3.64048e-06  3.47674e-06
5.43000e+03  3.88178e-06  3.80625e-06  3.71595e-06  3.60228e-06  3.44108e-06
5.45000e+03  3.87396e-06  3.79881e-06  3.70894e-06  3.59587e-06  3.43591e-06
5.47000e+03  3.84116e-06  3.76703e-06  3.67848e-06  3.56714e-06  3.40971e-06
5.49000e+03  3.81385e-06  3.74036e-06  3.65256e-06  3.54218e-06  3.38605e-06
5.51000e+03  3.79694e-06  3.72382e-06  3.63647e-06  3.52667e-06  3.37151e-06
5.53000e+03  3.78067e-06  3.70868e-06  3.62279e-06  3.51502e-06  3.36328e-06
5.55000e+03  3.73884e-06  3.66713e-06  3.58154e-06  3.47404e-06  3.32219e-06
5.57000e+03  3.73285e-06  3.66192e-06  3.57731e-06  3.47117e-06  3.32179e-06
5.59000e+03  3.68861e-06  3.61902e-06  3.53615e-06  3.43233e-06  3.28625e-06
5.61000e+03  3.67435e-06  3.60474e-06  3.52180e-06  3.41789e-06  3.27185e-06
5.63000e+03  3.64736e-06  3.57834e-06  3.49612e-06  3.39312e-06  3.24827e-06
5.65000e+03  3.63630e-06  3.56782e-06  3.48623e-06  3.38404e-06  3.24056e-06
5.67000e+03  3.61318e-06  3.54525e-06  3.46435e-06  3.36306e-06  3.22097e-06
5.69000e+03  3.57656e-06  3.50939e-06  3.42944e-06  3.32941e-06  3.18901e-06
5.71000e+03  3.56504e-06  3.49871e-06  3.41978e-06  3.32103e-06  3.18263e-06
5.73000e+03  3.54337e-06  3.47741e-06  3.39890e-06  3.30070e-06  3.16315e-06
5.75000e+03  3.51930e-06  3.45394e-06  3.37620e-06  3.27903e-06  3.14298e-06
5.77000e+03  3.49638e-06  3.43142e-06  3.35419e-06  3.25770e-06  3.12277e-06
5.79000e+03  3.47732e-06  3.41320e-06  3.33702e-06  3.24194e-06  3.10917e-06
5.81000e+03  3.45230e-06  3.38847e-06  3.31264e-06  3.21798e-06  3.08582e-06
5.83000e+03  3.43273e-06  3.36947e-06  3.29431e-06  3.20048e-06  3.06948e-06
5.85000e+03  3.41500e-06  3.35227e-06  3.27775e-06  3.18478e-06  3.05514e-06
5.87000e+03  3.38783e-06  3.32567e-06  3.25184e-06  3.15973e-06  3.03127e-06
5.89000e+03  3.36021e-06  3.29957e-06  3.22746e-06  3.13743e-06  3.01186e-06
5.91000e+03  3.33259e-06  3.27621e-06  3.20827e-06  3.12216e-06  3.00019e-06
5.93000e+03  3.32775e-06  3.26756e-06  3.19598e-06  3.10662e-06  2.98208e-06
5.95000e+03  3.29778e-06  3.23878e-06  3.16875e-06  3.08142e-06  2.95975e-06
5.97000e+03  3.28845e-06  3.22937e-06  3.15922e-06  3.07174e-06  2.94994e-06
5.99000e+03  3.26890e-06  3.21007e-06  3.14026e-06  3.05328e-06  2.93234e-06
6.01000e+03  3.24652e-06  3.18842e-06  3.11955e-06  3.03383e-06  2.91475e-06
6.03000e+03  3.22916e-06  3.17128e-06  3.10265e-06  3.01717e-06  2.89838e-06
6.05000e+03  3.20833e-06  3.15081e-06  3.08258e-06  2.99760e-06  2.87947e-06
6.07000e+03  3.18701e-06  3.13017e-06  3.06279e-06  2.97894e-06  2.86247e-06
6.09000e+03  3.16492e-06  3.10886e-06  3.04243e-06  2.95972e-06  2.84480e-06
6.11000e+03  3.14030e-06  3.08508e-06  3.01967e-06  2.93826e-06  2.82511e-06
6.13000e+03  3.12980e-06  3.07449e-06  3.00895e-06  2.92737e-06  2.81405e-06
6.15000e+03  3.11328e-06  3.05830e-06  2.99314e-06  2.91203e-06  2.79943e-06
6.17000e+03  3.09428e-06  3.03987e-06  2.97541e-06  2.89522e-06  2.78398e-06
6.19000e+03  3.07679e-06  3.02290e-06  2.95906e-06  2.87963e-06  2.76945e-06
6.21000e+03  3.05842e-06  3.00502e-06  2.94176e-06  2.86308e-06  2.75398e-06
6.23000e+03  3.02880e-06  2.97675e-06  2.91516e-06  2.83860e-06  2.73241e-06
6.25000e+03  3.01518e-06  2.96302e-06  2.90124e-06  2.82437e-06  2.71767e-06
6.27000e+03  2.99814e-06  2.94649e-06  2.88530e-06  2.80913e-06  2.70341e-06
6.29000e+03  2.98104e-06  2.93013e-06  2.86976e-06  2.79452e-06  2.68993e-06
6.31000e+03  2.95906e-06  2.90852e-06  2.84869e-06  2.77427e-06  2.67109e-06
6.33000e+03  2.95097e-06  2.90032e-06  2.84034e-06  2.76576e-06  2.66238e-06
6.35000e+03  2.93120e-06  2.88088e-06  2.82133e-06  2.74729e-06  2.64464e-06
6.37000e+03  2.91378e-06  2.86421e-06  2.80559e-06  2.73277e-06  2.63195e-06
6.39000e+03  2.89520e-06  2.84580e-06  2.78738e-06  2.71479e-06  2.61422e-06
6.42000e+03  2.87189e-06  2.82312e-06  2.76545e-06  2.69381e-06  2.59462e-06
6.46000e+03  2.83490e-06  2.78714e-06  2.73070e-06  2.66062e-06  2.56365e-06
6.50000e+03  2.80042e-06  2.75364e-06  2.69838e-06  2.62979e-06  2.53492e-06
6.54000e+03  2.77190e-06  2.72555e-06  2.67078e-06  2.60280e-06  2.50879e-06
6.58000e+03  2.74057e-06  2.69500e-06  2.64119e-06  2.57441e-06  2.48210e-06
6.62000e+03  2.70744e-06  2.66266e-06  2.60978e-06  2.54420e-06  2.45355e-06
6.66000e+03  2.67769e-06  2.63359e-06  2.58153e-06  2.51696e-06  2.42776e-06
6.70000e+03  2.64550e-06  2.60222e-06  2.55117e-06  2.48788e-06  2.40051e-06
6.74000e+03  2.61346e-06  2.57104e-06  2.52098e-06  2.45891e-06  2.37320e-06
6.78000e+03  2.58418e-06  2.54277e-06  2.49381e-06  2.43299e-06  2.34887e-06
6.82000e+03  2.55685e-06  2.51557e-06  2.46689e-06  2.40659e-06  2.32338e-06
6.86000e+03  2.52842e-06  2.48778e-06  2.43988e-06  2.38056e-06  2.29875e-06
6.90000e+03  2.49988e-06  2.45987e-06  2.41273e-06  2.35436e-06  2.27385e-06
6.94000e+03  2.47104e-06  2.43172e-06  2.38542e-06  2.32811e-06  2.24909e-06
6.98000e+03  2.44537e-06  2.40657e-06  2.36087e-06  2.30431e-06  2.22634e-06
7.02000e+03  2.41479e-06  2.37686e-06  2.33220e-06  2.27697e-06  2.20084e-06
7.06000e+03  2.39138e-06  2.35379e-06  2.30954e-06  2.25480e-06  2.17937e-06
7.10000e+03  2.36567e-06  2.32862e-06  2.28501e-06  2.23108e-06  2.15676e-06
7.14000e+03  2.33974e-06  2.30328e-06  2.26038e-06  2.20733e-06  2.13426e-06
7.18000e+03  2.31448e-06  2.27856e-06  2.23629e-06  2.18404e-06  2.11206e-06
7.22000e+03  2.28925e-06  2.25393e-06  2.21239e-06  2.16104e-06  2.09030e-06
7.26000e+03  2.26444e-06  2.22965e-06  2.18874e-06  2.13818e-06  2.06856e-06
7.30000e+03  2.24162e-06  2.20724e-06  2.16683e-06  2.11689e-06  2.04810e-06
7.34000e+03  2.21615e-06  2.18242e-06  2.14279e-06  2.09383e-06  2.02641e-06
7.38000e+03  2.19443e-06  2.16107e-06  2.12187e-06  2.07343e-06  2.00675e-06
7.42000e+03  2.16993e-06  2.13716e-06  2.09864e-06  2.05107e-06  1.98557e-06
7.46000e+03  2.13716e-06  2.10703e-06  2.07126e-06  2.02662e-06  1.96464e-06
7.50000e+03  2.11837e-06  2.08842e-06  2.05285e-06  2.00842e-06  1.94667e-06
7.54000e+03  2.10335e-06  2.07203e-06  2.03523e-06  1.98975e-06  1.92711e-06
7.58000e+03  2.08281e-06  2.05179e-06  2.01538e-06  1.97041e-06  1.90847e-06
7.62000e+03  2.06147e-06  2.03089e-06  1.99499e-06  1.95066e-06  1.88958e-06
7.66000e+03  2.04064e-06  2.01047e-06  1.97504e-06  1.93129e-06  1.87097e-06
7.70000e+03  2.01848e-06  1.98881e-06  1.95398e-06  1.91099e-06  1.85170e-06
7.74000e+03  1.99956e-06  1.97021e-06  1.93576e-06  1.89319e-06  1.83441e-06
7.78000e+03  1.97956e-06  1.95062e-06  1.91665e-06  1.87467e-06  1.81666e-06
7.82000e+03  1.95984e-06  1.93128e-06  1.89776e-06  1.85633e-06  1.79907e-06
7.86000e+03  1.94049e-06  1.91231e-06  1.87922e-06  1.83834e-06  1.78177e-06
7.90000e+03  1.92124e-06  1.89345e-06  1.86084e-06  1.82054e-06  1.76480e-06
7.94000e+03  1.90221e-06  1.87480e-06  1.84264e-06  1.80290e-06  1.74790e-06
7.98000e+03  1.88376e-06  1.85673e-06  1.82501e-06  1.78583e-06  1.73161e-06
8.02000e+03  1.86454e-06  1.83792e-06  1.80670e-06  1.76815e-06  1.71482e-06
8.06000e+03  1.84609e-06  1.81987e-06  1.78914e-06  1.75118e-06  1.69871e-06
8.10000e+03  1.82962e-06  1.80368e-06  1.77326e-06  1.73570e-06  1.68378e-06
8.14000e+03  1.80991e-06  1.78450e-06  1.75472e-06  1.71797e-06  1.66723e-06
8.18000e+03  1.79393e-06  1.76880e-06  1.73934e-06  1.70299e-06  1.65277e-06
8.22000e+03  1.77788e-06  1.75297e-06  1.72379e-06  1.68778e-06  1.63808e-06
8.26000e+03  1.76075e-06  1.73618e-06  1.70742e-06  1.67193e-06  1.62295e-06
8.30000e+03  1.74442e-06  1.72016e-06  1.69175e-06  1.65671e-06  1.60833e-06
8.34000e+03  1.72674e-06  1.70290e-06  1.67498e-06  1.64056e-06  1.59305e-06
8.38000e+03  1.71128e-06  1.68770e-06  1.66010e-06  1.62605e-06  1.57906e-06
8.42000e+03  1.69604e-06  1.67272e-06  1.64542e-06  1.61174e-06  1.56521e-06
8.46000e+03  1.68040e-06  1.65738e-06  1.63043e-06  1.59719e-06  1.55129e-06
8.50000e+03  1.66497e-06  1.64223e-06  1.61562e-06  1.58280e-06  1.53745e-06
8.54000e+03  1.64962e-06  1.62719e-06  1.60093e-06  1.56856e-06  1.52383e-06
8.58000e+03  1.63474e-06  1.61258e-06  1.58665e-06  1.55468e-06  1.51049e-06
8.62000e+03  1.61953e-06  1.59769e-06  1.57213e-06  1.54061e-06  1.49705e-06
8.66000e+03  1.60506e-06  1.58353e-06  1.55832e-06  1.52721e-06  1.48418e-06
8.70000e+03  1.59090e-06  1.56958e-06  1.54463e-06  1.51386e-06  1.47130e-06
8.74000e+03  1.57570e-06  1.55490e-06  1.53052e-06  1.50038e-06  1.45868e-06
8.78000e+03  1.56165e-06  1.54110e-06  1.51700e-06  1.48722e-06  1.44597e-06
8.82000e+03  1.54764e-06  1.52716e-06  1.50323e-06  1.47372e-06  1.43293e-06
8.86000e+03  1.53397e-06  1.51378e-06  1.49018e-06  1.46108e-06  1.42083e-06
8.90000e+03  1.52039e-06  1.50044e-06  1.47713e-06  1.44840e-06  1.40868e-06
8.94000e+03  1.50785e-06  1.48809e-06  1.46499e-06  1.43652e-06  1.39716e-06
8.98000e+03  1.49367e-06  1.47423e-06  1.45152e-06  1.42353e-06  1.38484e-06
9.02000e+03  1.48137e-06  1.46211e-06  1.43961e-06  1.41189e-06  1.37360e-06
9.06000e+03  1.46941e-06  1.45034e-06  1.42805e-06  1.40059e-06  1.36264e-06
9.10000e+03  1.45553e-06  1.43676e-06  1.41483e-06  1.38783e-06  1.35051e-06
9.14000e+03  1.44327e-06  1.42472e-06  1.40305e-06  1.37636e-06  1.33946e-06
9.18000e+03  1.43162e-06  1.41325e-06  1.39179e-06  1.36536e-06  1.32885e-06
9.22000e+03  1.41974e-06  1.40156e-06  1.38034e-06  1.35420e-06  1.31808e-06
9.26000e+03  1.40755e-06  1.38960e-06  1.36865e-06  1.34285e-06  1.30721e-06
9.30000e+03  1.39598e-06  1.37823e-06  1.35752e-06  1.33200e-06  1.29676e-06
9.34000e+03  1.38380e-06  1.36629e-06  1.34585e-06  1.32067e-06  1.28590e-06
9.38000e+03  1.37204e-06  1.35481e-06  1.33469e-06  1.30988e-06  1.27562e-06
9.42000e+03  1.36116e-06  1.34406e-06  1.32411e-06  1.29952e-06  1.26556e-06
9.46000e+03  1.34956e-06  1.33265e-06  1.31292e-06  1.28862e-06  1.25506e-06
9.50000e+03  1.33869e-06  1.32197e-06  1.30246e-06  1.27845e-06  1.24528e-06
9.54000e+03  1.32750e-06  1.31100e-06  1.29176e-06  1.26807e-06  1.23537e-06
9.58000e+03  1.31658e-06  1.30024e-06  1.28119e-06  1.25774e-06  1.22535e-06
9.62000e+03  1.30579e-06  1.28968e-06  1.27089e-06  1.24777e-06  1.21584e-06
9.66000e+03  1.29512e-06  1.27916e-06  1.26055e-06  1.23764e-06  1.20600e-06
9.70000e+03  1.28510e-06  1.26931e-06  1.25091e-06  1.22825e-06  1.19698e-06
9.74000e+03  1.27323e-06  1.25773e-06  1.23966e-06  1.21743e-06  1.18673e-06
9.78000e+03  1.26329e-06  1.24791e-06  1.22999e-06  1.20794e-06  1.17749e-06
9.82000e+03  1.25424e-06  1.23900e-06  1.22124e-06  1.19938e-06  1.16921e-06
9.86000e+03  1.24435e-06  1.22927e-06  1.21170e-06  1.19007e-06  1.16021e-06
9.90000e+03  1.23443e-06  1.21951e-06  1.20212e-06  1.18072e-06  1.15117e-06
9.94000e+03  1.22412e-06  1.20940e-06  1.19224e-06  1.17113e-06  1.14197e-06
9.98000e+03  1.21509e-06  1.20051e-06  1.18353e-06  1.16263e-06  1.13377e-06
1.00200e+04  1.20557e-06  1.19115e-06  1.17436e-06  1.15369e-06  1.12515e-06
2.00000e+04  3.06676e-07  3.04511e-07  3.01997e-07  2.98865e-07  2.94490e-07
4.00000e+04  7.67178e-08  7.63523e-08  7.59311e-08  7.54049e-08  7.46858e-08
6.00000e+04  3.39765e-08  3.38387e-08  3.36813e-08  3.34854e-08  3.32220e-08
8.00000e+04  1.90393e-08  1.89684e-08  1.88878e-08  1.87873e-08  1.86493e-08
1.00000e+05  1.21416e-08  1.20985e-08  1.20495e-08  1.19876e-08  1.18985e-08
1.20000e+05  8.40373e-09  8.37462e-09  8.34130e-09  8.29834e-09  8.23314e-09
1.40000e+05  6.15515e-09  6.13397e-09  6.10947e-09  6.07715e-09  6.02571e-09
1.60000e+05  4.69891e-09  4.68263e-09  4.66356e-09  4.63785e-09  4.59536e-09
