9.09000e+00  1.00000e-38  1.00000e-38  1.00000e-38  1.00000e-38  1.00000e-38
9.35000e+00  1.00000e-38  1.00000e-38  1.00000e-38  1.00000e-38  1.00000e-38
9.61000e+00  1.00000e-38  1.00000e-38  1.00000e-38  1.00000e-38  1.00000e-38
9.77000e+00  1.00000e-38  1.00000e-38  1.00000e-38  1.00000e-38  1.00000e-38
9.96000e+00  1.00000e-38  1.00000e-38  1.00000e-38  1.00000e-38  1.00000e-38
1.02000e+01  1.00000e-38  1.00000e-38  1.00000e-38  1.00000e-38  1.00000e-38
1.03800e+01  1.00000e-38  1.00000e-38  1.00000e-38  1.00000e-38  1.00000e-38
1.05600e+01  1.00000e-38  1.00000e-38  1.00000e-38  1.00000e-38  1.00000e-38
1.07700e+01  1.00000e-38  1.00000e-38  1.00000e-38  1.00000e-38  1.00000e-38
1.10400e+01  1.00000e-38  1.00000e-38  1.00000e-38  1.00000e-38  1.00000e-38
1.14000e+01  1.00000e-38  1.00000e-38  1.00000e-38  1.00000e-38  1.00000e-38
1.17800e+01  1.00000e-38  1.00000e-38  1.00000e-38  1.00000e-38  1.00000e-38
1.21300e+01  1.00000e-38  1.00000e-38  1.00000e-38  1.00000e-38  1.00000e-38
1.24800e+01  1.00000e-38  1.00000e-38  1.00000e-38  1.00000e-38  1.00000e-38
1.27100e+01  1.00000e-38  1.00000e-38  1.00000e-38  1.00000e-38  1.00000e-38
1.28400e+01  1.00000e-38  1.00000e-38  1.00000e-38  1.00000e-38  1.00000e-38
1.30500e+01  1.00000e-38  1.00000e-38  1.00000e-38  1.00000e-38  1.00000e-38
1.32400e+01  1.00000e-38  1.00000e-38  1.00000e-38  1.00000e-38  1.00000e-38
1.33900e+01  1.00000e-38  1.00000e-38  1.00000e-38  1.00000e-38  1.00000e-38
1.36600e+01  1.00000e-38  1.00000e-38  1.00000e-38  1.00000e-38  1.00000e-38
1.39800e+01  1.00000e-38  1.00000e-38  1.00000e-38  1.00000e-38  1.00000e-38
1.43300e+01  1.00000e-38  1.00000e-38  1.00000e-38  1.00000e-38  1.00000e-38
1.47200e+01  1.00000e-38  1.00000e-38  1.00000e-38  1.00000e-38  1.00000e-38
1.51000e+01  1.00000e-38  1.00000e-38  1.00000e-38  1.00000e-38  1.00000e-38
1.55200e+01  1.00000e-38  1.00000e-38  1.00000e-38  1.00000e-38  1.00000e-38
1.58800e+01  1.00000e-38  1.00000e-38  1.00000e-38  1.00000e-38  1.00000e-38
1.62000e+01  1.00000e-38  1.00000e-38  1.00000e-38  1.00000e-38  1.00000e-38
1.66000e+01  1.00000e-38  1.00000e-38  1.00000e-38  1.00000e-38  1.00000e-38
1.70300e+01  1.00000e-38  1.00000e-38  1.00000e-38  1.00000e-38  1.00000e-38
1.73400e+01  1.00000e-38  1.00000e-38  1.00000e-38  1.00000e-38  1.00000e-38
1.76800e+01  1.00000e-38  1.00000e-38  1.00000e-38  1.00000e-38  1.00000e-38
1.80200e+01  1.00000e-38  1.00000e-38  1.00000e-38  1.00000e-38  1.00000e-38
1.81700e+01  1.00000e-38  1.00000e-38  1.00000e-38  1.00000e-38  1.00000e-38
1.86100e+01  1.00000e-38  1.00000e-38  1.00000e-38  1.00000e-38  1.00000e-38
1.91000e+01  1.00000e-38  1.00000e-38  1.00000e-38  1.00000e-38  1.00000e-38
1.93900e+01  1.00000e-38  1.00000e-38  1.00000e-38  1.00000e-38  1.00000e-38
1.98400e+01  1.00000e-38  1.00000e-38  1.00000e-38  1.00000e-38  1.00000e-38
2.01800e+01  1.00000e-38  1.00000e-38  1.00000e-38  1.00000e-38  1.00000e-38
2.05000e+01  1.00000e-38  1.00000e-38  1.00000e-38  1.00000e-38  1.00000e-38
2.10500e+01  1.00000e-38  1.00000e-38  1.00000e-38  1.00000e-38  1.00000e-38
2.16200e+01  1.00000e-38  1.00000e-38  1.00000e-38  1.00000e-38  1.00000e-38
2.19800e+01  1.00000e-38  1.00000e-38  1.00000e-38  1.00000e-38  1.00000e-38
2.23000e+01  1.00000e-38  1.00000e-38  1.00000e-38  1.00000e-38  1.00000e-38
2.26800e+01  1.00000e-38  1.00000e-38  1.00000e-38  1.00000e-38  1.00000e-38
2.30000e+01  1.00000e-38  1.00000e-38  1.00000e-38  1.00000e-38  1.00000e-38
2.34000e+01  1.00000e-38  1.00000e-38  1.00000e-38  1.00000e-38  1.00000e-38
2.40000e+01  1.00000e-38  1.00000e-38  1.00000e-38  1.00000e-38  1.00000e-38
2.46500e+01  1.00001e-38  1.00000e-38  1.00000e-38  1.00000e-38  1.00000e-38
2.52400e+01  1.00009e-38  1.00001e-38  1.00001e-38  1.00004e-38  1.00001e-38
2.56800e+01  1.00048e-38  1.00008e-38  1.00009e-38  1.00023e-38  1.00009e-38
2.60000e+01  1.00151e-38  1.00029e-38  1.00034e-38  1.00079e-38  1.00035e-38
2.64000e+01  1.00574e-38  1.00124e-38  1.00147e-38  1.00318e-38  1.00152e-38
2.68500e+01  1.02380e-38  1.00555e-38  1.00659e-38  1.01376e-38  1.00688e-38
2.73500e+01  1.10726e-38  1.02625e-38  1.03118e-38  1.06396e-38  1.03261e-38
2.78500e+01  1.45258e-38  1.11423e-38  1.13599e-38  1.27620e-38  1.14198e-38
2.84000e+01  3.06996e-38  1.53660e-38  1.63972e-38  2.28704e-38  1.66929e-38
2.90000e+01  1.11647e-37  3.69387e-38  4.22797e-38  7.43354e-38  4.37174e-38
2.96000e+01  4.78250e-37  1.36513e-37  1.62070e-37  3.11341e-37  1.68366e-37
3.01000e+01  1.60768e-36  4.48057e-37  5.38975e-37  1.05156e-36  5.60461e-37
3.08000e+01  8.35221e-36  2.34646e-36  2.84118e-36  5.53898e-36  2.94970e-36
3.18000e+01  7.81889e-35  2.24790e-35  2.74322e-35  5.29107e-35  2.84461e-35
3.28000e+01  6.41320e-34  1.88771e-34  2.32061e-34  4.42463e-34  2.40528e-34
3.38000e+01  4.65837e-33  1.40160e-33  1.73234e-33  3.26674e-33  1.79438e-33
3.48000e+01  3.02660e-32  9.28682e-33  1.15439e-32  2.15538e-32  1.19584e-32
3.57000e+01  1.49396e-31  4.66563e-32  5.81820e-32  1.07645e-31  6.01752e-32
3.66000e+01  6.82863e-31  2.16623e-31  2.71217e-31  4.97601e-31  2.80276e-31
3.75000e+01  2.90601e-30  9.35938e-31  1.17453e-30  2.13884e-30  1.21420e-30
3.85000e+01  1.34378e-29  4.39982e-30  5.53241e-30  9.98524e-30  5.70755e-30
3.95000e+01  5.75862e-29  1.91417e-29  2.41085e-29  4.31792e-29  2.48514e-29
4.05000e+01  2.29974e-28  7.76210e-29  9.78044e-29  1.73851e-28  1.00665e-28
4.14000e+01  7.55953e-28  2.58491e-28  3.25756e-28  5.75196e-28  3.34772e-28
4.22000e+01  2.08776e-27  7.21905e-28  9.09551e-28  1.59734e-27  9.33863e-28
4.30000e+01  5.55565e-27  1.94279e-27  2.44647e-27  4.27236e-27  2.50742e-27
4.41000e+01  2.01554e-26  7.15491e-27  8.99732e-27  1.55970e-26  9.20492e-27
4.51000e+01  6.16347e-26  2.21714e-26  2.78416e-26  4.79555e-26  2.84333e-26
4.60000e+01  1.61778e-25  5.88826e-26  7.38434e-26  1.26441e-25  7.52922e-26
4.70000e+01  4.52906e-25  1.67003e-25  2.08994e-25  3.55642e-25  2.12709e-25
4.80000e+01  1.21536e-24  4.53829e-25  5.66797e-25  9.58463e-25  5.75757e-25
4.90000e+01  3.13404e-24  1.18492e-24  1.47671e-24  2.48196e-24  1.49776e-24
5.00000e+01  7.78475e-24  2.97936e-24  3.70442e-24  6.18911e-24  3.75099e-24
5.06000e+01  1.32103e-23  5.23441e-24  6.43752e-24  1.05278e-23  6.58877e-24
5.12000e+01  2.21434e-23  8.93714e-24  1.09250e-23  1.76766e-23  1.12302e-23
5.20000e+01  4.32904e-23  1.75953e-23  2.14935e-23  3.46683e-23  2.20540e-23
5.30000e+01  9.72924e-23  3.99203e-23  4.86945e-23  7.82061e-23  4.98783e-23
5.40000e+01  2.12247e-22  8.77719e-23  1.06987e-22  1.71242e-22  1.09294e-22
5.50000e+01  4.50189e-22  1.87855e-22  2.28653e-22  3.64415e-22  2.33179e-22
5.60000e+01  9.29727e-22  3.91266e-22  4.75615e-22  7.55009e-22  4.84002e-22
5.70000e+01  1.87216e-21  7.94587e-22  9.64449e-22  1.52500e-21  9.79638e-22
5.80000e+01  3.68057e-21  1.57422e-21  1.90868e-21  3.00711e-21  1.93448e-21
5.90000e+01  7.07283e-21  3.05312e-21  3.69504e-21  5.79547e-21  3.74002e-21
6.00000e+01  1.33002e-20  5.78981e-21  6.99624e-21  1.09288e-20  7.07016e-21
6.10000e+01  2.44997e-20  1.07550e-20  1.29762e-20  2.01814e-20  1.30948e-20
6.20000e+01  4.42535e-20  1.95883e-20  2.35954e-20  3.65503e-20  2.37789e-20
6.30000e+01  7.84508e-20  3.50126e-20  4.21111e-20  6.49448e-20  4.23822e-20
6.40000e+01  1.36618e-19  6.14781e-20  7.38194e-20  1.13379e-19  7.42083e-20
6.50000e+01  2.33890e-19  1.06108e-19  1.27212e-19  1.94587e-19  1.27740e-19
6.58000e+01  3.55398e-19  1.62274e-19  1.94303e-19  2.96254e-19  1.94965e-19
6.65000e+01  5.08299e-19  2.33383e-19  2.79152e-19  4.24351e-19  2.79896e-19
6.75000e+01  8.36654e-19  3.87220e-19  4.62396e-19  6.99929e-19  4.63218e-19
6.85000e+01  1.35720e-18  6.33059e-19  7.54851e-19  1.13783e-18  7.55546e-19
6.95000e+01  2.17116e-18  1.02052e-18  1.21499e-18  1.82422e-18  1.21525e-18
7.05000e+01  3.42731e-18  1.62324e-18  1.92954e-18  2.88585e-18  1.92890e-18
7.16000e+01  5.57993e-18  2.66473e-18  3.16199e-18  4.70833e-18  3.15899e-18
7.26000e+01  8.57989e-18  4.12790e-18  4.89095e-18  7.25451e-18  4.88338e-18
7.35000e+01  1.25111e-17  6.05898e-18  7.16819e-18  1.05953e-17  7.15630e-18
7.45000e+01  1.88214e-17  9.18127e-18  1.08472e-17  1.59671e-17  1.08229e-17
7.55000e+01  2.80087e-17  1.37597e-17  1.62318e-17  2.38035e-17  1.61904e-17
7.65000e+01  4.12478e-17  2.04068e-17  2.40379e-17  3.51193e-17  2.39700e-17
7.75000e+01  6.01383e-17  2.99600e-17  3.52347e-17  5.12911e-17  3.51304e-17
7.85000e+01  8.68376e-17  4.35547e-17  5.11551e-17  7.41958e-17  5.09970e-17
7.95000e+01  1.24231e-16  6.27259e-17  7.35703e-17  1.06320e-16  7.33318e-17
8.05000e+01  1.76143e-16  8.95252e-17  1.04866e-16  1.50990e-16  1.04493e-16
8.15000e+01  2.47602e-16  1.26661e-16  1.48163e-16  2.12611e-16  1.47616e-16
8.25000e+01  3.45168e-16  1.77699e-16  2.07572e-16  2.96891e-16  2.06830e-16
8.35000e+01  4.77339e-16  2.47290e-16  2.88494e-16  4.11149e-16  2.87436e-16
8.45000e+01  6.55040e-16  3.41438e-16  3.97828e-16  5.65130e-16  3.96316e-16
8.55000e+01  8.92200e-16  4.67886e-16  5.44462e-16  7.70897e-16  5.42337e-16
8.65000e+01  1.20651e-15  6.36472e-16  7.39677e-16  1.04396e-15  7.36815e-16
8.75000e+01  1.62022e-15  8.59810e-16  9.97967e-16  1.40415e-15  9.94048e-16
8.85000e+01  2.16118e-15  1.15358e-15  1.33722e-15  1.87566e-15  1.33210e-15
8.95000e+01  2.86412e-15  1.53749e-15  1.78021e-15  2.48888e-15  1.77345e-15
9.05000e+01  3.77186e-15  2.03611e-15  2.35462e-15  3.28160e-15  2.34590e-15
9.15000e+01  1.09212e-14  6.12922e-15  6.87990e-15  8.35246e-15  8.94339e-15
9.25000e+01  1.20086e-14  5.94024e-15  5.82307e-15  5.84951e-15  6.07958e-15
9.35000e+01  1.15519e-14  5.72628e-15  5.46265e-15  5.43448e-15  5.65669e-15
9.45000e+01  1.12770e-14  5.75986e-15  5.49750e-15  5.47673e-15  5.76593e-15
9.55000e+01  1.30910e-14  6.51635e-15  6.15985e-15  6.04987e-15  6.37343e-15
9.65000e+01  1.59189e-14  8.12224e-15  7.81216e-15  7.75032e-15  8.22590e-15
9.75000e+01  2.45743e-14  1.26050e-14  1.20675e-14  1.19915e-14  1.25172e-14
9.85000e+01  2.52686e-14  1.32421e-14  1.28466e-14  1.28436e-14  1.36248e-14
9.95000e+01  3.32848e-14  1.77888e-14  1.73970e-14  1.75143e-14  1.86729e-14
1.00500e+02  3.81027e-14  2.00712e-14  1.95265e-14  1.94883e-14  2.06285e-14
1.01500e+02  4.70760e-14  2.48204e-14  2.41837e-14  2.41294e-14  2.54887e-14
1.02500e+02  6.46783e-14  3.43232e-14  3.32706e-14  3.33857e-14  3.48500e-14
1.03500e+02  8.17652e-14  4.47736e-14  4.42006e-14  4.47326e-14  4.79971e-14
1.04500e+02  9.73584e-14  5.38427e-14  5.32221e-14  5.37456e-14  5.73736e-14
1.05500e+02  1.09260e-13  5.98101e-14  5.87504e-14  5.92558e-14  6.31805e-14
1.06500e+02  1.48737e-13  8.34926e-14  8.29911e-14  8.44831e-14  9.11677e-14
1.07500e+02  1.71442e-13  9.69760e-14  9.59627e-14  9.73385e-14  1.04372e-13
1.08500e+02  2.16447e-13  1.24239e-13  1.23762e-13  1.26261e-13  1.36210e-13
1.09500e+02  2.51544e-13  1.44679e-13  1.43606e-13  1.46178e-13  1.57702e-13
1.10500e+02  2.22861e-13  1.37421e-13  1.23805e-13  1.10676e-13  1.00789e-13
1.11500e+02  1.88128e-13  1.29322e-13  1.02068e-13  7.40232e-14  5.00092e-14
1.12500e+02  2.55624e-13  1.83193e-13  1.50928e-13  1.15348e-13  8.38577e-14
1.13500e+02  3.06164e-13  2.30870e-13  1.87452e-13  1.37189e-13  9.01654e-14
1.14500e+02  3.72233e-13  2.84647e-13  2.31014e-13  1.68559e-13  1.07624e-13
1.15500e+02  4.71288e-13  3.56015e-13  2.94122e-13  2.22577e-13  1.55534e-13
1.16500e+02  4.81458e-13  3.66402e-13  2.86953e-13  1.96538e-13  1.10955e-13
1.17500e+02  5.94152e-13  4.57896e-13  3.59680e-13  2.46952e-13  1.37586e-13
1.18500e+02  8.51184e-13  6.23105e-13  5.17216e-13  3.97370e-13  2.88148e-13
1.19500e+02  1.40858e-12  9.29970e-13  8.84357e-13  8.48431e-13  8.53554e-13
1.20500e+02  2.12786e-12  1.29234e-12  1.29799e-12  1.31854e-12  1.38850e-12
1.21500e+02  3.34261e-12  2.28702e-12  2.37321e-12  2.51986e-12  2.68034e-12
1.22500e+02  3.13476e-12  1.90385e-12  1.92785e-12  1.96674e-12  2.06755e-12
1.23500e+02  2.46237e-12  1.62852e-12  1.50759e-12  1.39306e-12  1.34861e-12
1.24500e+02  1.78838e-12  1.36364e-12  1.06056e-12  7.05641e-13  3.62017e-13
1.25500e+02  2.02104e-12  1.58700e-12  1.19343e-12  7.33649e-13  3.03041e-13
1.26500e+02  2.88087e-12  2.21247e-12  1.80071e-12  1.31685e-12  8.73018e-13
1.27500e+02  3.03502e-12  2.34891e-12  1.85531e-12  1.27769e-12  7.65409e-13
1.28500e+02  2.96233e-12  2.32940e-12  1.74719e-12  1.07708e-12  5.09950e-13
1.29500e+02  3.06681e-12  2.43646e-12  1.74115e-12  9.59961e-13  3.15663e-13
1.30500e+02  4.14304e-12  3.24769e-12  2.48822e-12  1.60670e-12  8.50679e-13
1.31500e+02  4.30494e-12  3.38272e-12  2.46731e-12  1.42033e-12  5.56828e-13
1.32500e+02  4.82226e-12  3.72970e-12  2.70626e-12  1.56687e-12  6.65457e-13
1.33500e+02  5.15509e-12  4.16697e-12  3.08608e-12  1.92570e-12  1.10803e-12
1.34500e+02  5.46901e-12  4.28519e-12  2.94375e-12  1.50419e-12  4.05344e-13
1.35500e+02  6.94716e-12  5.41481e-12  3.88629e-12  2.20659e-12  8.97210e-13
1.36500e+02  7.17544e-12  5.55764e-12  3.83243e-12  1.99673e-12  6.23376e-13
1.37500e+02  7.90254e-12  6.10091e-12  4.15978e-12  2.12556e-12  6.30493e-13
1.38500e+02  8.54182e-12  6.55099e-12  4.41023e-12  2.21855e-12  6.18183e-13
1.39500e+02  9.27020e-12  7.05981e-12  4.69659e-12  2.32082e-12  6.27149e-13
1.40500e+02  1.11153e-11  8.51866e-12  5.75816e-12  2.91431e-12  8.44296e-13
1.41500e+02  1.23162e-11  9.41218e-12  6.38822e-12  3.28182e-12  1.00554e-12
1.42500e+02  1.36308e-11  1.03557e-11  7.00458e-12  3.56659e-12  1.06874e-12
1.43500e+02  1.62489e-11  1.23714e-11  8.48565e-12  4.48766e-12  1.56342e-12
1.44200e+02  1.77659e-11  1.37573e-11  9.45595e-12  4.87263e-12  1.35482e-12
1.44700e+02  1.70573e-11  1.29441e-11  8.69466e-12  4.39091e-12  1.23598e-12
1.45500e+02  1.88422e-11  1.43311e-11  9.67348e-12  4.86236e-12  1.30819e-12
1.46500e+02  2.33990e-11  1.79402e-11  1.24498e-11  6.70645e-12  2.39251e-12
1.47500e+02  2.27220e-11  1.71254e-11  1.14189e-11  5.73286e-12  1.62339e-12
1.48500e+02  2.58718e-11  1.95290e-11  1.31900e-11  6.74235e-12  2.02593e-12
1.49500e+02  3.19374e-11  2.45596e-11  1.68355e-11  8.63928e-12  2.46985e-12
1.50500e+02  3.59663e-11  2.79024e-11  1.91897e-11  9.84518e-12  2.59881e-12
1.51200e+02  3.09196e-11  2.30206e-11  1.51439e-11  7.39164e-12  1.86271e-12
1.51700e+02  3.82687e-11  2.94376e-11  2.00300e-11  1.01240e-11  2.56817e-12
1.52500e+02  5.06284e-11  4.02606e-11  2.91783e-11  1.63633e-11  4.83681e-12
1.53500e+02  8.28910e-11  7.15891e-11  5.92794e-11  4.26950e-11  2.04924e-11
1.54500e+02  7.39245e-11  6.25344e-11  4.98027e-11  3.44072e-11  1.59248e-11
1.55500e+02  1.01645e-10  8.82851e-11  7.42914e-11  5.56035e-11  2.94733e-11
1.56500e+02  1.14458e-10  9.72180e-11  8.24414e-11  6.29503e-11  3.63854e-11
1.57500e+02  1.46471e-10  1.30235e-10  1.13626e-10  9.01534e-11  5.50867e-11
1.58500e+02  1.65739e-10  1.48737e-10  1.30253e-10  1.03509e-10  6.26669e-11
1.59500e+02  1.76514e-10  1.59365e-10  1.39579e-10  1.11408e-10  6.79163e-11
1.60500e+02  1.99743e-10  1.80308e-10  1.58420e-10  1.26518e-10  7.65378e-11
1.61500e+02  2.24701e-10  2.02643e-10  1.77923e-10  1.41547e-10  8.42050e-11
1.62500e+02  2.41637e-10  2.15617e-10  1.88079e-10  1.48378e-10  8.75301e-11
1.63500e+02  2.78757e-10  2.48661e-10  2.17261e-10  1.71369e-10  1.01065e-10
1.64500e+02  3.35875e-10  3.02137e-10  2.66627e-10  2.14104e-10  1.29860e-10
1.65500e+02  3.19890e-10  2.75756e-10  2.40627e-10  1.92011e-10  1.21485e-10
1.66500e+02  3.69101e-10  3.26698e-10  2.80788e-10  2.18327e-10  1.25086e-10
1.67200e+02  3.50984e-10  3.05365e-10  2.58795e-10  1.96436e-10  1.10085e-10
1.67700e+02  4.14104e-10  3.62273e-10  3.08824e-10  2.38411e-10  1.37191e-10
1.68500e+02  5.37064e-10  4.70306e-10  4.01359e-10  3.13452e-10  1.86430e-10
1.69500e+02  6.92215e-10  5.99251e-10  5.08687e-10  3.99098e-10  2.45985e-10
1.70500e+02  9.44358e-10  7.53899e-10  6.05241e-10  4.52747e-10  2.67401e-10
1.71500e+02  1.57597e-09  9.71170e-10  6.46291e-10  4.31333e-10  2.31823e-10
1.72500e+02  3.57849e-09  1.84394e-09  9.83171e-10  5.73955e-10  3.03547e-10
1.73500e+02  7.64980e-09  3.65634e-09  1.57696e-09  6.93879e-10  3.19270e-10
1.74500e+02  1.33570e-08  6.43295e-09  2.64111e-09  1.00543e-09  4.39232e-10
1.75500e+02  2.74450e-08  1.34530e-08  5.27179e-09  1.57099e-09  5.17668e-10
1.76500e+02  1.87111e-08  9.40411e-09  3.93665e-09  1.37776e-09  5.35981e-10
1.77500e+02  2.99844e-08  1.53368e-08  6.29452e-09  1.86928e-09  5.44221e-10
1.78500e+02  5.05435e-08  2.62469e-08  1.08216e-08  3.03158e-09  7.78274e-10
1.79500e+02  6.83222e-08  3.64602e-08  1.53515e-08  4.10544e-09  7.89501e-10
1.80500e+02  6.22687e-08  3.31468e-08  1.41025e-08  4.04915e-09  9.89634e-10
1.81500e+02  5.31901e-08  2.80306e-08  1.18237e-08  3.46157e-09  9.06933e-10
1.82500e+02  5.91670e-08  3.16618e-08  1.36591e-08  4.14668e-09  1.14163e-09
1.83500e+02  7.28542e-08  3.94409e-08  1.71861e-08  5.11274e-09  1.23026e-09
1.84500e+02  2.26034e-08  1.20313e-08  5.58538e-09  2.33765e-09  1.03379e-09
1.85500e+02  6.98705e-08  3.86728e-08  1.73686e-08  5.39955e-09  1.34129e-09
1.86500e+02  1.12280e-07  6.30883e-08  2.85070e-08  8.41460e-09  1.66095e-09
1.87500e+02  1.14416e-07  6.44839e-08  2.93068e-08  8.80324e-09  1.78645e-09
1.88500e+02  1.24901e-07  7.09982e-08  3.26199e-08  9.90943e-09  1.98734e-09
1.89500e+02  1.57009e-07  8.97191e-08  4.14352e-08  1.26473e-08  2.52603e-09
1.90500e+02  1.39158e-07  7.94912e-08  3.68094e-08  1.14739e-08  2.49509e-09
1.91500e+02  1.73203e-07  9.92851e-08  4.60214e-08  1.41893e-08  2.96393e-09
1.92500e+02  1.44411e-07  8.11777e-08  3.69995e-08  1.17298e-08  2.96293e-09
1.93500e+02  4.59804e-08  2.54826e-08  1.22803e-08  5.27215e-09  2.38998e-09
1.94500e+02  1.92236e-07  1.10659e-07  5.16564e-08  1.63266e-08  3.58209e-09
1.95500e+02  2.10519e-07  1.21727e-07  5.71070e-08  1.80944e-08  3.96786e-09
1.96700e+02  2.76639e-07  1.62241e-07  7.71847e-08  2.44987e-08  4.92227e-09
1.97600e+02  2.37700e-07  1.38014e-07  6.52022e-08  2.11135e-08  4.87747e-09
1.98400e+02  2.26647e-07  1.31721e-07  6.25156e-08  2.07002e-08  5.13768e-09
1.99500e+02  2.70000e-07  1.59949e-07  7.74268e-08  2.56460e-08  5.64730e-09
2.00500e+02  2.46113e-07  1.46828e-07  7.21121e-08  2.47524e-08  5.84095e-09
2.01500e+02  3.00510e-07  1.81342e-07  9.01534e-08  3.10702e-08  6.96568e-09
2.02500e+02  1.80864e-07  1.07647e-07  5.32888e-08  1.93064e-08  5.41457e-09
2.03500e+02  3.48248e-07  2.13291e-07  1.07831e-07  3.75914e-08  7.94889e-09
2.04500e+02  4.18326e-07  2.59576e-07  1.33202e-07  4.69193e-08  9.35362e-09
2.05500e+02  3.98950e-07  2.46399e-07  1.26057e-07  4.49150e-08  9.76627e-09
2.06500e+02  3.90387e-07  2.42160e-07  1.24728e-07  4.50576e-08  9.96746e-09
2.07400e+02  4.36833e-07  2.68191e-07  1.35326e-07  4.70669e-08  9.98278e-09
2.07800e+02  5.79539e-07  3.69026e-07  1.95378e-07  7.11050e-08  1.32099e-08
2.08500e+02  5.51263e-07  3.53448e-07  1.90003e-07  7.16362e-08  1.42389e-08
2.09500e+02  6.47061e-07  4.34786e-07  2.51897e-07  1.07520e-07  2.33995e-08
2.10500e+02  7.47336e-07  5.18505e-07  3.14813e-07  1.44172e-07  3.31518e-08
2.11500e+02  9.51669e-07  6.69878e-07  4.14043e-07  1.93785e-07  4.47262e-08
2.12500e+02  7.95939e-07  5.54573e-07  3.38290e-07  1.56186e-07  3.67261e-08
2.13500e+02  8.22009e-07  5.77101e-07  3.56759e-07  1.69301e-07  4.28146e-08
2.14500e+02  1.05590e-06  7.52688e-07  4.72990e-07  2.27616e-07  5.52525e-08
2.15500e+02  1.02892e-06  7.35749e-07  4.64202e-07  2.24588e-07  5.50061e-08
2.16500e+02  8.69897e-07  6.14503e-07  3.81687e-07  1.81764e-07  4.54298e-08
2.17500e+02  9.18625e-07  6.52272e-07  4.07761e-07  1.95792e-07  4.91361e-08
2.18500e+02  1.16833e-06  8.45415e-07  5.41173e-07  2.67803e-07  6.77564e-08
2.19500e+02  1.24575e-06  8.97338e-07  5.71010e-07  2.80565e-07  7.13451e-08
2.20500e+02  1.16884e-06  8.41722e-07  5.35984e-07  2.64856e-07  6.90843e-08
2.21500e+02  9.14713e-07  6.47645e-07  4.03997e-07  1.95549e-07  5.21851e-08
2.22500e+02  1.19349e-06  8.64045e-07  5.54755e-07  2.79221e-07  7.65193e-08
2.23500e+02  1.53346e-06  1.12592e-06  7.36571e-07  3.80324e-07  1.07003e-07
2.24500e+02  1.45906e-06  1.07354e-06  7.04813e-07  3.66585e-07  1.05663e-07
2.25500e+02  1.12403e-06  8.10194e-07  5.18652e-07  2.62693e-07  7.66686e-08
2.26500e+02  9.79949e-07  7.01572e-07  4.43828e-07  2.20529e-07  6.26798e-08
2.27500e+02  1.05163e-06  7.58613e-07  4.85629e-07  2.45655e-07  7.17194e-08
2.28500e+02  1.39901e-06  1.02926e-06  6.75585e-07  3.52860e-07  1.04845e-07
2.29500e+02  1.15683e-06  8.43456e-07  5.48237e-07  2.84340e-07  8.69537e-08
2.30500e+02  1.41063e-06  1.04248e-06  6.87043e-07  3.60499e-07  1.05924e-07
2.31500e+02  1.34597e-06  9.81822e-07  6.37682e-07  3.30387e-07  1.00927e-07
2.32500e+02  1.25319e-06  9.10273e-07  5.87714e-07  3.02790e-07  9.38597e-08
2.33500e+02  1.02460e-06  7.30769e-07  4.63329e-07  2.38273e-07  8.26965e-08
2.34500e+02  6.54219e-07  4.58162e-07  2.85962e-07  1.48009e-07  5.73147e-08
2.35500e+02  1.39648e-06  1.01772e-06  6.59450e-07  3.42969e-07  1.09289e-07
2.36500e+02  7.27805e-07  5.11038e-07  3.20163e-07  1.66868e-07  6.55019e-08
2.37500e+02  1.05348e-06  7.51691e-07  4.75871e-07  2.44339e-07  8.45500e-08
2.38500e+02  4.85330e-07  3.36776e-07  2.11761e-07  1.16766e-07  5.66797e-08
2.39500e+02  7.39460e-07  5.17144e-07  3.22926e-07  1.69617e-07  7.04516e-08
2.40500e+02  7.42274e-07  5.19554e-07  3.25534e-07  1.73227e-07  7.57563e-08
2.41500e+02  9.21605e-07  6.66967e-07  4.33577e-07  2.34756e-07  9.03652e-08
2.42500e+02  1.71550e-06  1.28615e-06  8.67494e-07  4.80224e-07  1.68188e-07
2.43500e+02  1.63974e-06  1.23270e-06  8.36204e-07  4.69140e-07  1.71313e-07
2.44500e+02  1.93496e-06  1.46894e-06  1.00845e-06  5.73815e-07  2.11042e-07
2.45500e+02  1.99996e-06  1.52198e-06  1.04802e-06  5.98753e-07  2.21468e-07
2.46500e+02  1.82978e-06  1.37667e-06  9.32414e-07  5.20070e-07  1.85985e-07
2.47500e+02  1.57933e-06  1.18241e-06  7.97110e-07  4.43815e-07  1.62485e-07
2.48500e+02  6.86359e-07  4.87016e-07  3.07498e-07  1.59791e-07  5.93692e-08
2.49500e+02  1.12418e-06  8.35439e-07  5.58384e-07  3.08782e-07  1.13378e-07
2.50500e+02  1.68273e-06  1.25815e-06  8.44421e-07  4.65539e-07  1.66307e-07
2.51300e+02  8.00275e-07  5.64177e-07  3.56095e-07  1.90409e-07  8.07585e-08
2.51800e+02  2.69010e-07  1.89883e-07  1.28864e-07  8.50294e-08  5.24632e-08
2.52500e+02  4.42107e-07  3.11368e-07  2.00971e-07  1.16579e-07  6.03583e-08
2.53500e+02  8.53941e-07  6.22974e-07  4.14184e-07  2.40503e-07  1.14018e-07
2.54500e+02  9.83891e-07  7.34143e-07  5.02126e-07  2.99801e-07  1.40320e-07
2.55500e+02  1.73266e-06  1.34852e-06  9.66669e-07  6.00133e-07  2.71122e-07
2.56500e+02  1.54252e-06  1.18138e-06  8.29940e-07  5.04788e-07  2.29234e-07
2.57500e+02  2.04888e-06  1.58281e-06  1.11929e-06  6.80068e-07  2.98252e-07
2.58500e+02  1.89891e-06  1.44878e-06  1.00852e-06  6.02787e-07  2.66221e-07
2.59500e+02  1.71011e-06  1.28842e-06  8.84023e-07  5.22717e-07  2.35958e-07
2.60500e+02  1.39066e-06  1.03219e-06  6.97906e-07  4.10800e-07  1.96477e-07
2.61500e+02  1.24593e-06  9.29813e-07  6.34964e-07  3.80734e-07  1.88852e-07
2.62500e+02  1.79465e-06  1.34866e-06  9.22188e-07  5.44077e-07  2.49899e-07
2.63500e+02  2.70164e-06  2.12841e-06  1.54164e-06  9.66182e-07  4.41266e-07
2.64500e+02  3.62019e-06  2.88293e-06  2.11052e-06  1.33187e-06  5.94488e-07
2.65500e+02  4.32888e-06  3.49102e-06  2.59791e-06  1.67790e-06  7.75416e-07
2.66500e+02  3.41656e-06  2.71828e-06  1.99073e-06  1.26395e-06  5.81688e-07
2.67500e+02  3.77770e-06  3.01485e-06  2.21397e-06  1.40747e-06  6.42197e-07
2.68500e+02  4.20729e-06  3.38033e-06  2.50298e-06  1.60766e-06  7.41548e-07
2.69500e+02  3.30926e-06  2.63068e-06  1.92368e-06  1.21923e-06  5.60069e-07
2.70500e+02  3.80572e-06  3.05217e-06  2.25593e-06  1.44883e-06  6.75069e-07
2.71500e+02  2.81848e-06  2.22679e-06  1.61781e-06  1.02084e-06  4.74692e-07
2.72500e+02  2.49823e-06  1.93436e-06  1.36620e-06  8.28099e-07  3.67393e-07
2.73500e+02  2.94880e-06  2.31295e-06  1.66220e-06  1.03242e-06  4.70658e-07
2.74500e+02  1.78370e-06  1.36484e-06  9.61856e-07  6.01571e-07  3.11745e-07
2.75500e+02  2.48192e-06  1.93848e-06  1.39105e-06  8.72423e-07  4.22450e-07
2.76500e+02  3.32229e-06  2.61979e-06  1.89707e-06  1.19488e-06  5.64473e-07
2.77500e+02  3.40832e-06  2.67652e-06  1.92422e-06  1.19796e-06  5.57703e-07
2.78500e+02  1.88532e-06  1.41192e-06  9.73281e-07  6.03002e-07  3.24173e-07
2.79500e+02  3.82503e-07  3.18660e-07  2.65689e-07  2.21311e-07  1.80351e-07
2.80500e+02  5.91425e-07  4.66409e-07  3.60175e-07  2.74816e-07  2.06065e-07
2.81500e+02  3.14096e-06  2.40098e-06  1.67127e-06  1.00893e-06  4.76431e-07
2.82500e+02  4.20758e-06  3.33127e-06  2.41058e-06  1.49964e-06  6.73533e-07
2.83500e+02  3.80762e-06  2.99317e-06  2.14607e-06  1.31772e-06  5.80639e-07
2.84500e+02  2.14803e-06  1.63101e-06  1.12716e-06  6.72851e-07  3.10535e-07
2.85500e+02  6.17259e-07  4.79790e-07  3.54097e-07  2.44442e-07  1.47658e-07
2.86500e+02  3.35461e-06  2.61012e-06  1.84604e-06  1.11380e-06  4.84889e-07
2.87500e+02  4.48181e-06  3.60704e-06  2.66796e-06  1.71046e-06  7.93083e-07
2.88500e+02  4.16878e-06  3.35409e-06  2.49012e-06  1.62001e-06  7.90292e-07
2.89500e+02  4.92817e-06  4.01674e-06  3.03055e-06  2.01304e-06  1.00574e-06
2.91000e+02  5.84569e-06  4.81106e-06  3.67144e-06  2.47166e-06  1.24706e-06
2.93000e+02  5.51660e-06  4.52958e-06  3.45097e-06  2.32618e-06  1.19010e-06
2.95000e+02  5.34777e-06  4.38592e-06  3.33432e-06  2.23821e-06  1.13408e-06
2.97000e+02  5.50333e-06  4.51253e-06  3.42705e-06  2.29419e-06  1.15324e-06
2.99000e+02  5.55127e-06  4.56162e-06  3.47525e-06  2.33991e-06  1.19133e-06
3.01000e+02  5.60721e-06  4.60870e-06  3.50834e-06  2.35392e-06  1.18220e-06
3.03000e+02  5.81865e-06  4.80983e-06  3.69132e-06  2.50962e-06  1.29241e-06
3.05000e+02  6.23178e-06  5.16088e-06  3.97059e-06  2.70989e-06  1.40523e-06
3.07000e+02  6.24265e-06  5.17631e-06  3.99397e-06  2.74671e-06  1.45899e-06
3.09000e+02  5.98920e-06  4.94365e-06  3.79258e-06  2.59049e-06  1.37056e-06
3.11000e+02  6.41279e-06  5.33940e-06  4.14618e-06  2.88460e-06  1.57305e-06
3.13000e+02  6.43750e-06  5.33385e-06  4.11382e-06  2.83461e-06  1.52850e-06
3.15000e+02  6.12257e-06  5.06470e-06  3.90591e-06  2.70244e-06  1.48299e-06
3.17000e+02  6.74338e-06  5.60121e-06  4.34143e-06  3.02442e-06  1.67634e-06
3.19000e+02  6.37412e-06  5.29052e-06  4.09828e-06  2.85562e-06  1.58884e-06
3.21000e+02  7.04828e-06  5.87892e-06  4.57656e-06  3.20114e-06  1.77497e-06
3.23000e+02  6.61222e-06  5.50228e-06  4.27230e-06  2.98231e-06  1.66030e-06
3.25000e+02  7.87207e-06  6.63837e-06  5.24277e-06  3.74262e-06  2.13730e-06
3.27000e+02  8.93448e-06  7.58051e-06  6.02943e-06  4.34118e-06  2.50325e-06
3.29000e+02  8.89506e-06  7.53939e-06  5.99204e-06  4.31531e-06  2.49984e-06
3.31000e+02  8.72811e-06  7.36080e-06  5.81005e-06  4.14339e-06  2.36636e-06
3.33000e+02  8.67445e-06  7.33173e-06  5.80591e-06  4.16186e-06  2.39877e-06
3.35000e+02  8.63707e-06  7.29174e-06  5.76486e-06  4.12129e-06  2.36324e-06
3.37000e+02  6.86626e-06  5.71176e-06  4.44088e-06  3.11754e-06  1.76761e-06
3.39000e+02  8.22115e-06  6.90252e-06  5.41831e-06  3.83663e-06  2.17397e-06
3.41000e+02  8.43080e-06  7.11710e-06  5.62671e-06  4.02203e-06  2.30528e-06
3.43000e+02  9.19259e-06  7.80071e-06  6.21063e-06  4.48633e-06  2.61544e-06
3.45000e+02  8.91821e-06  7.57848e-06  6.04595e-06  4.37925e-06  2.55873e-06
3.47000e+02  9.42892e-06  8.03842e-06  6.44038e-06  4.69400e-06  2.76908e-06
3.49000e+02  1.00235e-05  8.58470e-06  6.92097e-06  5.09247e-06  3.05526e-06
3.51000e+02  1.04123e-05  8.95006e-06  7.24971e-06  5.37027e-06  3.25565e-06
3.53000e+02  9.93768e-06  8.53830e-06  6.91643e-06  5.12683e-06  3.11428e-06
3.55000e+02  1.12380e-05  9.70972e-06  7.91762e-06  5.91893e-06  3.63611e-06
3.57000e+02  9.60244e-06  8.22384e-06  6.63550e-06  4.89218e-06  2.94801e-06
3.59000e+02  9.53767e-06  8.17628e-06  6.60849e-06  4.88788e-06  2.96645e-06
3.61000e+02  1.02469e-05  8.83016e-06  7.18867e-06  5.37680e-06  3.33188e-06
3.63000e+02  1.04904e-05  9.03841e-06  7.35901e-06  5.50882e-06  3.42626e-06
3.64000e+02  1.08825e-05  9.39230e-06  7.66268e-06  5.75227e-06  3.59726e-06
3.65000e+02  1.14981e-05  9.93597e-06  8.11322e-06  6.09079e-06  3.79724e-06
3.67000e+02  1.19488e-05  1.03574e-05  8.49456e-06  6.42031e-06  4.05209e-06
3.69000e+02  1.15871e-05  1.00309e-05  8.21915e-06  6.21110e-06  3.92748e-06
3.71000e+02  1.19464e-05  1.03789e-05  8.54686e-06  6.49606e-06  4.11876e-06
3.73000e+02  9.70461e-06  8.35459e-06  6.79822e-06  5.06941e-06  3.10777e-06
3.75000e+02  1.09022e-05  9.45085e-06  7.72114e-06  5.76651e-06  3.53620e-06
3.77000e+02  1.26889e-05  1.11362e-05  9.21618e-06  6.99376e-06  4.38855e-06
3.79000e+02  1.36598e-05  1.19441e-05  9.81088e-06  7.36475e-06  4.55387e-06
3.81000e+02  1.44202e-05  1.24864e-05  1.01511e-05  7.52252e-06  4.56405e-06
3.83000e+02  1.03878e-05  8.91451e-06  7.18019e-06  5.27584e-06  3.20416e-06
3.85000e+02  1.42646e-05  1.21758e-05  9.74720e-06  7.07972e-06  4.16800e-06
3.87000e+02  1.41340e-05  1.19395e-05  9.47743e-06  6.82648e-06  3.98984e-06
3.89000e+02  1.26871e-05  1.11414e-05  9.17550e-06  6.89678e-06  4.27029e-06
3.91000e+02  1.54909e-05  1.31719e-05  1.05868e-05  7.81045e-06  4.83045e-06
3.93000e+02  9.66111e-06  8.05180e-06  6.39387e-06  4.72813e-06  3.06625e-06
3.95000e+02  1.56614e-05  1.32873e-05  1.06575e-05  7.85499e-06  4.88285e-06
3.97000e+02  1.05471e-05  9.17380e-06  7.52265e-06  5.70547e-06  3.74182e-06
3.99000e+02  1.80590e-05  1.55582e-05  1.26928e-05  9.54404e-06  6.05058e-06
4.01000e+02  1.93637e-05  1.65477e-05  1.34750e-05  1.01479e-05  6.47189e-06
4.03000e+02  1.93311e-05  1.64850e-05  1.33983e-05  1.00590e-05  6.37146e-06
4.05000e+02  1.91540e-05  1.63424e-05  1.32952e-05  1.00056e-05  6.37894e-06
4.07000e+02  1.87790e-05  1.60770e-05  1.31022e-05  9.87493e-06  6.30764e-06
4.09000e+02  1.92099e-05  1.68875e-05  1.40459e-05  1.07994e-05  7.03337e-06
4.11000e+02  1.76791e-05  1.58064e-05  1.33930e-05  1.05207e-05  7.01086e-06
4.13000e+02  2.02631e-05  1.74896e-05  1.43675e-05  1.09298e-05  7.05197e-06
4.15000e+02  2.04609e-05  1.75556e-05  1.43707e-05  1.08933e-05  6.98964e-06
4.17000e+02  2.09921e-05  1.80169e-05  1.47750e-05  1.12423e-05  7.27415e-06
4.19000e+02  2.03939e-05  1.74751e-05  1.43082e-05  1.08744e-05  7.04879e-06
4.21000e+02  2.03852e-05  1.74759e-05  1.43225e-05  1.09073e-05  7.10316e-06
4.23000e+02  1.96690e-05  1.68596e-05  1.38246e-05  1.05526e-05  6.92737e-06
4.25000e+02  2.00631e-05  1.71687e-05  1.40406e-05  1.06756e-05  6.97706e-06
4.27000e+02  1.94459e-05  1.65980e-05  1.35297e-05  1.02528e-05  6.69767e-06
4.29000e+02  1.81319e-05  1.54409e-05  1.25630e-05  9.52539e-06  6.27089e-06
4.31000e+02  1.53102e-05  1.29906e-05  1.05401e-05  8.01981e-06  5.41235e-06
4.33000e+02  1.97750e-05  1.74732e-05  1.46434e-05  1.14052e-05  7.64633e-06
4.35000e+02  1.88230e-05  1.67748e-05  1.41939e-05  1.11725e-05  7.57906e-06
4.37000e+02  2.15008e-05  1.86222e-05  1.53789e-05  1.18272e-05  7.86038e-06
4.39000e+02  2.09686e-05  1.80334e-05  1.48240e-05  1.13596e-05  7.54300e-06
4.41000e+02  2.21980e-05  1.91896e-05  1.58850e-05  1.22739e-05  8.20324e-06
4.43000e+02  2.34717e-05  2.04019e-05  1.70125e-05  1.32758e-05  8.98592e-06
4.45000e+02  2.34004e-05  2.03401e-05  1.69685e-05  1.32581e-05  9.00580e-06
4.47000e+02  2.39514e-05  2.08705e-05  1.74673e-05  1.37082e-05  9.37134e-06
4.49000e+02  2.44871e-05  2.13592e-05  1.79003e-05  1.40762e-05  9.65565e-06
4.51000e+02  2.54502e-05  2.22509e-05  1.87017e-05  1.47634e-05  1.01874e-05
4.53000e+02  2.44518e-05  2.13549e-05  1.79281e-05  1.41380e-05  9.74776e-06
4.55000e+02  2.50574e-05  2.19187e-05  1.84399e-05  1.45857e-05  1.01105e-05
4.57000e+02  2.58931e-05  2.26858e-05  1.91183e-05  1.51503e-05  1.05178e-05
4.59000e+02  2.55484e-05  2.23759e-05  1.88530e-05  1.49441e-05  1.03938e-05
4.61000e+02  2.58823e-05  2.26981e-05  1.91549e-05  1.52150e-05  1.06131e-05
4.63000e+02  2.60729e-05  2.28800e-05  1.93266e-05  1.53764e-05  1.07609e-05
4.65000e+02  2.61687e-05  2.29830e-05  1.94312e-05  1.54756e-05  1.08406e-05
4.67000e+02  2.67781e-05  2.35403e-05  1.99250e-05  1.58935e-05  1.11625e-05
4.69000e+02  2.67786e-05  2.35591e-05  1.99595e-05  1.59414e-05  1.12157e-05
4.71000e+02  2.64613e-05  2.33046e-05  1.97713e-05  1.58255e-05  1.11799e-05
4.73000e+02  2.70534e-05  2.38322e-05  2.02245e-05  1.61924e-05  1.14398e-05
4.75000e+02  2.72463e-05  2.40232e-05  2.04068e-05  1.63602e-05  1.15821e-05
4.77000e+02  2.73519e-05  2.41287e-05  2.05053e-05  1.64480e-05  1.16532e-05
4.79000e+02  2.73975e-05  2.41978e-05  2.05884e-05  1.65406e-05  1.17496e-05
4.81000e+02  2.76362e-05  2.44516e-05  2.08287e-05  1.67545e-05  1.19242e-05
4.83000e+02  2.74225e-05  2.43821e-05  2.08298e-05  1.67949e-05  1.19772e-05
4.85000e+02  2.58813e-05  2.34275e-05  2.02962e-05  1.65721e-05  1.19512e-05
4.87000e+02  2.32936e-05  2.13009e-05  1.87156e-05  1.55698e-05  1.15428e-05
4.89000e+02  2.71856e-05  2.42669e-05  2.08065e-05  1.68532e-05  1.21084e-05
4.91000e+02  2.78144e-05  2.46859e-05  2.11087e-05  1.70766e-05  1.22769e-05
4.93000e+02  2.75134e-05  2.43981e-05  2.08713e-05  1.69078e-05  1.21908e-05
4.95000e+02  2.80226e-05  2.48614e-05  2.12869e-05  1.72658e-05  1.24684e-05
4.97000e+02  2.87153e-05  2.54854e-05  2.18331e-05  1.77196e-05  1.28028e-05
4.99000e+02  2.78684e-05  2.47269e-05  2.11846e-05  1.72041e-05  1.24532e-05
5.01000e+02  2.74075e-05  2.43169e-05  2.08352e-05  1.69248e-05  1.22588e-05
5.03000e+02  2.85591e-05  2.53514e-05  2.17291e-05  1.76528e-05  1.27803e-05
5.05000e+02  2.83367e-05  2.51739e-05  2.15986e-05  1.75681e-05  1.27325e-05
5.07000e+02  2.90769e-05  2.58595e-05  2.22150e-05  1.80973e-05  1.31407e-05
5.09000e+02  2.87833e-05  2.55949e-05  2.19872e-05  1.79156e-05  1.30192e-05
5.11000e+02  2.89730e-05  2.57801e-05  2.21605e-05  1.80671e-05  1.31303e-05
5.13000e+02  2.89557e-05  2.57702e-05  2.21602e-05  1.80789e-05  1.31569e-05
5.15000e+02  2.84747e-05  2.53424e-05  2.17948e-05  1.77848e-05  1.29451e-05
5.17000e+02  2.67052e-05  2.37531e-05  2.04243e-05  1.66780e-05  1.21758e-05
5.19000e+02  2.72455e-05  2.42613e-05  2.08956e-05  1.71099e-05  1.25685e-05
5.21000e+02  2.85686e-05  2.54818e-05  2.19761e-05  1.80047e-05  1.31979e-05
5.23000e+02  2.92709e-05  2.61426e-05  2.25922e-05  1.85750e-05  1.37224e-05
5.25000e+02  3.01143e-05  2.69049e-05  2.32563e-05  1.91235e-05  1.41261e-05
5.27000e+02  2.85217e-05  2.54685e-05  2.20111e-05  1.81083e-05  1.34062e-05
5.29000e+02  3.01984e-05  2.70189e-05  2.33999e-05  1.92946e-05  1.43175e-05
5.31000e+02  3.07006e-05  2.74967e-05  2.38457e-05  1.97001e-05  1.46674e-05
5.33000e+02  2.95392e-05  2.64376e-05  2.29130e-05  1.89207e-05  1.40858e-05
5.35000e+02  3.05868e-05  2.74168e-05  2.38004e-05  1.96891e-05  1.46855e-05
5.37000e+02  3.05077e-05  2.73575e-05  2.37644e-05  1.96808e-05  1.47109e-05
5.39000e+02  3.06024e-05  2.74480e-05  2.38477e-05  1.97529e-05  1.47639e-05
5.41000e+02  3.02920e-05  2.71823e-05  2.36361e-05  1.96049e-05  1.46933e-05
5.43000e+02  3.07215e-05  2.75712e-05  2.39712e-05  1.98714e-05  1.48669e-05
5.45000e+02  3.09858e-05  2.78356e-05  2.42316e-05  2.01222e-05  1.50958e-05
5.47000e+02  3.11497e-05  2.79973e-05  2.43920e-05  2.02834e-05  1.52617e-05
5.49000e+02  3.14507e-05  2.82751e-05  2.46421e-05  2.05010e-05  1.54365e-05
5.51000e+02  3.14541e-05  2.82935e-05  2.46725e-05  2.05379e-05  1.54666e-05
5.53000e+02  3.16730e-05  2.85100e-05  2.48861e-05  2.07493e-05  1.56790e-05
5.55000e+02  3.20668e-05  2.88776e-05  2.52190e-05  2.10378e-05  1.59049e-05
5.57000e+02  3.16202e-05  2.84827e-05  2.48865e-05  2.07795e-05  1.57404e-05
5.59000e+02  3.15374e-05  2.84142e-05  2.48342e-05  2.07455e-05  1.57273e-05
5.61000e+02  3.18028e-05  2.86766e-05  2.50895e-05  2.09884e-05  1.59467e-05
5.63000e+02  3.23428e-05  2.91735e-05  2.55324e-05  2.13651e-05  1.62347e-05
5.65000e+02  3.24954e-05  2.93249e-05  2.56800e-05  2.15060e-05  1.63636e-05
5.67000e+02  3.22753e-05  2.91320e-05  2.55209e-05  2.13874e-05  1.62959e-05
5.69000e+02  3.26078e-05  2.94500e-05  2.58174e-05  2.16545e-05  1.65184e-05
5.71000e+02  3.23664e-05  2.92271e-05  2.56185e-05  2.14851e-05  1.63876e-05
5.73000e+02  3.30484e-05  2.98862e-05  2.62401e-05  2.20518e-05  1.68656e-05
5.75000e+02  3.29598e-05  2.98092e-05  2.61781e-05  2.20090e-05  1.68494e-05
5.77000e+02  3.31066e-05  2.99573e-05  2.63251e-05  2.21517e-05  1.69808e-05
5.79000e+02  3.30726e-05  2.99268e-05  2.62984e-05  2.21283e-05  1.69594e-05
5.81000e+02  3.32880e-05  3.01453e-05  2.65171e-05  2.23438e-05  1.71637e-05
5.83000e+02  3.34486e-05  3.03090e-05  2.66816e-05  2.25064e-05  1.73180e-05
5.85000e+02  3.33034e-05  3.01778e-05  2.65690e-05  2.24175e-05  1.72619e-05
5.87000e+02  3.34339e-05  3.03106e-05  2.67017e-05  2.25466e-05  1.73801e-05
5.89000e+02  3.21835e-05  2.91560e-05  2.56643e-05  2.16480e-05  1.66554e-05
5.91000e+02  3.35673e-05  3.04514e-05  2.68481e-05  2.26960e-05  1.75255e-05
5.93000e+02  3.36652e-05  3.05530e-05  2.69524e-05  2.28013e-05  1.76280e-05
5.95000e+02  3.37914e-05  3.06802e-05  2.70778e-05  2.29213e-05  1.77348e-05
5.97000e+02  3.38622e-05  3.07574e-05  2.71616e-05  2.30122e-05  1.78331e-05
5.99000e+02  3.39203e-05  3.08207e-05  2.72296e-05  2.30838e-05  1.79054e-05
6.01000e+02  3.38382e-05  3.07480e-05  2.71688e-05  2.30376e-05  1.78782e-05
6.03000e+02  3.39141e-05  3.08353e-05  2.72687e-05  2.31508e-05  1.80046e-05
6.05000e+02  3.42299e-05  3.11426e-05  2.75599e-05  2.34167e-05  1.82271e-05
6.07000e+02  3.42297e-05  3.11465e-05  2.75675e-05  2.34275e-05  1.82398e-05
6.09000e+02  3.42350e-05  3.11581e-05  2.75862e-05  2.34534e-05  1.82719e-05
6.11000e+02  3.41862e-05  3.11207e-05  2.75631e-05  2.34483e-05  1.82918e-05
6.13000e+02  3.36986e-05  3.06843e-05  2.71876e-05  2.31431e-05  1.80714e-05
6.15000e+02  3.41630e-05  3.11199e-05  2.75886e-05  2.35040e-05  1.83838e-05
6.17000e+02  3.37109e-05  3.07090e-05  2.72270e-05  2.31997e-05  1.81492e-05
6.19000e+02  3.43911e-05  3.13495e-05  2.78150e-05  2.37215e-05  1.85798e-05
6.21000e+02  3.45727e-05  3.15277e-05  2.79852e-05  2.38773e-05  1.87085e-05
6.23000e+02  3.43330e-05  3.13145e-05  2.78056e-05  2.37387e-05  1.86229e-05
6.25000e+02  3.41072e-05  3.11101e-05  2.76286e-05  2.35956e-05  1.85246e-05
6.27000e+02  3.47038e-05  3.16745e-05  2.81464e-05  2.40505e-05  1.88877e-05
6.29000e+02  3.48404e-05  3.18142e-05  2.82868e-05  2.41884e-05  1.90155e-05
6.31000e+02  3.45624e-05  3.15632e-05  2.80720e-05  2.40202e-05  1.89125e-05
6.33000e+02  3.47113e-05  3.17135e-05  2.82213e-05  2.41659e-05  1.90492e-05
6.35000e+02  3.49848e-05  3.19815e-05  2.84765e-05  2.43993e-05  1.92433e-05
6.37000e+02  3.50498e-05  3.20527e-05  2.85535e-05  2.44814e-05  1.93286e-05
6.39000e+02  3.50245e-05  3.20355e-05  2.85456e-05  2.44848e-05  1.93481e-05
6.41000e+02  3.47646e-05  3.18084e-05  2.83575e-05  2.43424e-05  1.92619e-05
6.43000e+02  3.49299e-05  3.19767e-05  2.85247e-05  2.45047e-05  1.94113e-05
6.45000e+02  3.48941e-05  3.19597e-05  2.85253e-05  2.45229e-05  1.94485e-05
6.47000e+02  3.49379e-05  3.20117e-05  2.85803e-05  2.45773e-05  1.94964e-05
6.49000e+02  3.47470e-05  3.18588e-05  2.84603e-05  2.44903e-05  1.94457e-05
6.51000e+02  3.51974e-05  3.23170e-05  2.88974e-05  2.48873e-05  1.97762e-05
6.53000e+02  3.51194e-05  3.23529e-05  2.89977e-05  2.50254e-05  1.99260e-05
6.55000e+02  3.37394e-05  3.13690e-05  2.83621e-05  2.46838e-05  1.98081e-05
6.57000e+02  2.98697e-05  2.80937e-05  2.58408e-05  2.30136e-05  1.91351e-05
6.59000e+02  3.47646e-05  3.21304e-05  2.88799e-05  2.49953e-05  1.99709e-05
6.61000e+02  3.54759e-05  3.26523e-05  2.92694e-05  2.52816e-05  2.01705e-05
6.63000e+02  3.56438e-05  3.27649e-05  2.93559e-05  2.53550e-05  2.02404e-05
6.65000e+02  3.57203e-05  3.28212e-05  2.94037e-05  2.53982e-05  2.02811e-05
6.67000e+02  3.56093e-05  3.27131e-05  2.93092e-05  2.53257e-05  2.02434e-05
6.69000e+02  3.59086e-05  3.30040e-05  2.95890e-05  2.55885e-05  2.04751e-05
6.71000e+02  3.58311e-05  3.29286e-05  2.95191e-05  2.55255e-05  2.04214e-05
6.73000e+02  3.59889e-05  3.30903e-05  2.96845e-05  2.56941e-05  2.05903e-05
6.75000e+02  3.59693e-05  3.30741e-05  2.96725e-05  2.56854e-05  2.05824e-05
6.77000e+02  3.60238e-05  3.31329e-05  2.97364e-05  2.57552e-05  2.06597e-05
6.79000e+02  3.60876e-05  3.32023e-05  2.98116e-05  2.58359e-05  2.07440e-05
6.81000e+02  3.60851e-05  3.32054e-05  2.98214e-05  2.58527e-05  2.07681e-05
6.83000e+02  3.61907e-05  3.33169e-05  2.99380e-05  2.59734e-05  2.08900e-05
6.85000e+02  3.60976e-05  3.32314e-05  2.98630e-05  2.59113e-05  2.08453e-05
6.87000e+02  3.61942e-05  3.33303e-05  2.99624e-05  2.60088e-05  2.09355e-05
6.89000e+02  3.62970e-05  3.34393e-05  3.00771e-05  2.61284e-05  2.10574e-05
6.91000e+02  3.63052e-05  3.34527e-05  3.00961e-05  2.61528e-05  2.10869e-05
6.93000e+02  3.63473e-05  3.35004e-05  3.01493e-05  2.62109e-05  2.11471e-05
6.95000e+02  3.63522e-05  3.35101e-05  3.01639e-05  2.62299e-05  2.11693e-05
6.97000e+02  3.64298e-05  3.35944e-05  3.02549e-05  2.63274e-05  2.12719e-05
6.99000e+02  3.64436e-05  3.36120e-05  3.02761e-05  2.63511e-05  2.12953e-05
7.01000e+02  3.63475e-05  3.35262e-05  3.02042e-05  2.62966e-05  2.12659e-05
7.03000e+02  3.64788e-05  3.36612e-05  3.03407e-05  2.64324e-05  2.13953e-05
7.05000e+02  3.65429e-05  3.37297e-05  3.04131e-05  2.65075e-05  2.14710e-05
7.07000e+02  3.65460e-05  3.37386e-05  3.04281e-05  2.65287e-05  2.14972e-05
7.09000e+02  3.65643e-05  3.37624e-05  3.04578e-05  2.65644e-05  2.15392e-05
7.11000e+02  3.66279e-05  3.38362e-05  3.05408e-05  2.66547e-05  2.16317e-05
7.13000e+02  3.65244e-05  3.37383e-05  3.04524e-05  2.65799e-05  2.15791e-05
7.15000e+02  3.64657e-05  3.36907e-05  3.04178e-05  2.65603e-05  2.15772e-05
7.17000e+02  3.66103e-05  3.38369e-05  3.05641e-05  2.67047e-05  2.17159e-05
7.19000e+02  3.63981e-05  3.36360e-05  3.03790e-05  2.65400e-05  2.15810e-05
7.21000e+02  3.65432e-05  3.37846e-05  3.05288e-05  2.66881e-05  2.17206e-05
7.23000e+02  3.67319e-05  3.39726e-05  3.07131e-05  2.68652e-05  2.18839e-05
7.25000e+02  3.67915e-05  3.40371e-05  3.07812e-05  2.69348e-05  2.19491e-05
7.27000e+02  3.68175e-05  3.40688e-05  3.08192e-05  2.69795e-05  2.20019e-05
7.29000e+02  3.66549e-05  3.39198e-05  3.06887e-05  2.68728e-05  2.19289e-05
7.31000e+02  3.68233e-05  3.40870e-05  3.08510e-05  2.70259e-05  2.20642e-05
7.33000e+02  3.67715e-05  3.40462e-05  3.08236e-05  2.70139e-05  2.20710e-05
7.35000e+02  3.69166e-05  3.41894e-05  3.09612e-05  2.71411e-05  2.21774e-05
7.37000e+02  3.69741e-05  3.42543e-05  3.10340e-05  2.72226e-05  2.22692e-05
7.39000e+02  3.68052e-05  3.40967e-05  3.08925e-05  2.71025e-05  2.21813e-05
7.41000e+02  3.66522e-05  3.39579e-05  3.07724e-05  2.70062e-05  2.21193e-05
7.43000e+02  3.68468e-05  3.41534e-05  3.09654e-05  2.71922e-05  2.22883e-05
7.45000e+02  3.69170e-05  3.42253e-05  3.10376e-05  2.72627e-05  2.23531e-05
7.47000e+02  3.70399e-05  3.43499e-05  3.11606e-05  2.73800e-05  2.24556e-05
7.49000e+02  3.69448e-05  3.42669e-05  3.10936e-05  2.73333e-05  2.24374e-05
7.51000e+02  3.69833e-05  3.43106e-05  3.11426e-05  2.73876e-05  2.24968e-05
7.53000e+02  3.70759e-05  3.44037e-05  3.12343e-05  2.74756e-05  2.25770e-05
7.55000e+02  3.71575e-05  3.44900e-05  3.13242e-05  2.75677e-05  2.26672e-05
7.57000e+02  3.71227e-05  3.44618e-05  3.13041e-05  2.75571e-05  2.26693e-05
7.59000e+02  3.71055e-05  3.44504e-05  3.12991e-05  2.75589e-05  2.26787e-05
7.61000e+02  3.71503e-05  3.45017e-05  3.13571e-05  2.76237e-05  2.27497e-05
7.63000e+02  3.71894e-05  3.45459e-05  3.14060e-05  2.76766e-05  2.28048e-05
7.65000e+02  3.72056e-05  3.45696e-05  3.14380e-05  2.77172e-05  2.28542e-05
7.67000e+02  3.68592e-05  3.42464e-05  3.11461e-05  2.74658e-05  2.26606e-05
7.69000e+02  3.72387e-05  3.46158e-05  3.14980e-05  2.77915e-05  2.29426e-05
7.71000e+02  3.70640e-05  3.44495e-05  3.13437e-05  2.76535e-05  2.28310e-05
7.73000e+02  3.72376e-05  3.46213e-05  3.15100e-05  2.78094e-05  2.29662e-05
7.75000e+02  3.70925e-05  3.44896e-05  3.13965e-05  2.77197e-05  2.29110e-05
7.77000e+02  3.72953e-05  3.47057e-05  3.16206e-05  2.79448e-05  2.31221e-05
7.79000e+02  3.73164e-05  3.47174e-05  3.16235e-05  2.79401e-05  2.31122e-05
7.81000e+02  3.73559e-05  3.47644e-05  3.16785e-05  2.80034e-05  2.31835e-05
7.83000e+02  3.72358e-05  3.46549e-05  3.15833e-05  2.79262e-05  2.31317e-05
7.85000e+02  3.73106e-05  3.47332e-05  3.16636e-05  2.80064e-05  2.32075e-05
7.87000e+02  3.74099e-05  3.48358e-05  3.17672e-05  2.81081e-05  2.33009e-05
7.89000e+02  3.74094e-05  3.48404e-05  3.17767e-05  2.81217e-05  2.33163e-05
7.91000e+02  3.73605e-05  3.47949e-05  3.17356e-05  2.80851e-05  2.32833e-05
7.93000e+02  3.71582e-05  3.46126e-05  3.15804e-05  2.79652e-05  2.32144e-05
7.95000e+02  3.71870e-05  3.46440e-05  3.16130e-05  2.79969e-05  2.32408e-05
7.97000e+02  3.74434e-05  3.48954e-05  3.18544e-05  2.82232e-05  2.34419e-05
7.99000e+02  3.74589e-05  3.49166e-05  3.18807e-05  2.82537e-05  2.34748e-05
8.01000e+02  3.73485e-05  3.48158e-05  3.17934e-05  2.81842e-05  2.34314e-05
8.03000e+02  3.74274e-05  3.48974e-05  3.18763e-05  2.82663e-05  2.35087e-05
8.05000e+02  3.73202e-05  3.47971e-05  3.17852e-05  2.81872e-05  2.34477e-05
8.07000e+02  3.74731e-05  3.49526e-05  3.19402e-05  2.83375e-05  2.35828e-05
8.09000e+02  3.73345e-05  3.48219e-05  3.18210e-05  2.82335e-05  2.35025e-05
8.11000e+02  3.74684e-05  3.49592e-05  3.19592e-05  2.83693e-05  2.36274e-05
8.13000e+02  3.75122e-05  3.50080e-05  3.20125e-05  2.84269e-05  2.36894e-05
8.15000e+02  3.75066e-05  3.50082e-05  3.20192e-05  2.84409e-05  2.37118e-05
8.17000e+02  3.75099e-05  3.50175e-05  3.20350e-05  2.84637e-05  2.37425e-05
8.19000e+02  3.70516e-05  3.45974e-05  3.16641e-05  2.81542e-05  2.35180e-05
8.21000e+02  3.73362e-05  3.48611e-05  3.19011e-05  2.83569e-05  2.36716e-05
8.23000e+02  3.72354e-05  3.47761e-05  3.18359e-05  2.83163e-05  2.36658e-05
8.25000e+02  3.74578e-05  3.49906e-05  3.20370e-05  2.84976e-05  2.38141e-05
8.27000e+02  3.75517e-05  3.50852e-05  3.21311e-05  2.85901e-05  2.39022e-05
8.29000e+02  3.75403e-05  3.50790e-05  3.21307e-05  2.85959e-05  2.39148e-05
8.31000e+02  3.74527e-05  3.49989e-05  3.20606e-05  2.85377e-05  2.38712e-05
8.33000e+02  3.71373e-05  3.47141e-05  3.18136e-05  2.83368e-05  2.37316e-05
8.35000e+02  3.74873e-05  3.50427e-05  3.21140e-05  2.86005e-05  2.39430e-05
8.37000e+02  3.75256e-05  3.50823e-05  3.21536e-05  2.86387e-05  2.39772e-05
8.39000e+02  3.71263e-05  3.47104e-05  3.18162e-05  2.83423e-05  2.37302e-05
8.41000e+02  3.75430e-05  3.51112e-05  3.21953e-05  2.86943e-05  2.40478e-05
8.43000e+02  3.73648e-05  3.49373e-05  3.20271e-05  2.85331e-05  2.38970e-05
8.45000e+02  3.74975e-05  3.50847e-05  3.21902e-05  2.87130e-05  2.40947e-05
8.47000e+02  3.73212e-05  3.49154e-05  3.20338e-05  2.85765e-05  2.39915e-05
8.49000e+02  3.72640e-05  3.48650e-05  3.19935e-05  2.85501e-05  2.39891e-05
8.51000e+02  3.61698e-05  3.38580e-05  3.10996e-05  2.77978e-05  2.34323e-05
8.53000e+02  3.72811e-05  3.48879e-05  3.20224e-05  2.85844e-05  2.40292e-05
8.55000e+02  3.37761e-05  3.16434e-05  2.91349e-05  2.61630e-05  2.22910e-05
8.57000e+02  3.75708e-05  3.51784e-05  3.23054e-05  2.88505e-05  2.42586e-05
8.59000e+02  3.73875e-05  3.50178e-05  3.21756e-05  2.87559e-05  2.42007e-05
8.61000e+02  3.73161e-05  3.49567e-05  3.21285e-05  2.87266e-05  2.41960e-05
8.63000e+02  3.75808e-05  3.51990e-05  3.23356e-05  2.88898e-05  2.43078e-05
8.65000e+02  3.74220e-05  3.50622e-05  3.22282e-05  2.88162e-05  2.42759e-05
8.67000e+02  3.41789e-05  3.20645e-05  2.95663e-05  2.65842e-05  2.26486e-05
8.69000e+02  3.70803e-05  3.47529e-05  3.19529e-05  2.85795e-05  2.40852e-05
8.71000e+02  3.75582e-05  3.51959e-05  3.23510e-05  2.89266e-05  2.43737e-05
8.73000e+02  3.74869e-05  3.51512e-05  3.23345e-05  2.89359e-05  2.44050e-05
8.75000e+02  3.68065e-05  3.45823e-05  3.19138e-05  2.86759e-05  2.42988e-05
8.77000e+02  3.74831e-05  3.51701e-05  3.23773e-05  2.89983e-05  2.44771e-05
8.79000e+02  3.75433e-05  3.52028e-05  3.23794e-05  2.89789e-05  2.44556e-05
8.81000e+02  3.71126e-05  3.48035e-05  3.20222e-05  2.86768e-05  2.42302e-05
8.83000e+02  3.72807e-05  3.49790e-05  3.21946e-05  2.88359e-05  2.43610e-05
8.85000e+02  3.72669e-05  3.50219e-05  3.22899e-05  2.89639e-05  2.44906e-05
8.87000e+02  3.64804e-05  3.43634e-05  3.17993e-05  2.86569e-05  2.43667e-05
8.89000e+02  3.75312e-05  3.52519e-05  3.24785e-05  2.91170e-05  2.46202e-05
8.91000e+02  3.76307e-05  3.53160e-05  3.25181e-05  2.91453e-05  2.46506e-05
8.93000e+02  3.75507e-05  3.52278e-05  3.24322e-05  2.90693e-05  2.45941e-05
8.95000e+02  3.75598e-05  3.52321e-05  3.24300e-05  2.90593e-05  2.45744e-05
8.97000e+02  3.75901e-05  3.52877e-05  3.24998e-05  2.91369e-05  2.46535e-05
8.99000e+02  3.74876e-05  3.52538e-05  3.25109e-05  2.91760e-05  2.47068e-05
9.01000e+02  3.60311e-05  3.40337e-05  3.15714e-05  2.85229e-05  2.43294e-05
9.03000e+02  3.70593e-05  3.49465e-05  3.23272e-05  2.90966e-05  2.46969e-05
9.05000e+02  3.75504e-05  3.53096e-05  3.25665e-05  2.92381e-05  2.47819e-05
9.07000e+02  3.74803e-05  3.52119e-05  3.24694e-05  2.91604e-05  2.47429e-05
9.09000e+02  3.71372e-05  3.48731e-05  3.21551e-05  2.88853e-05  2.45301e-05
9.11000e+02  3.74937e-05  3.51936e-05  3.24372e-05  2.91220e-05  2.47024e-05
9.13000e+02  3.76404e-05  3.53320e-05  3.25647e-05  2.92354e-05  2.47952e-05
9.15000e+02  3.76100e-05  3.53104e-05  3.25471e-05  2.92185e-05  2.47719e-05
9.17000e+02  3.75572e-05  3.52803e-05  3.25284e-05  2.92061e-05  2.47612e-05
9.19000e+02  3.74998e-05  3.52732e-05  3.25477e-05  2.92402e-05  2.48021e-05
9.21000e+02  3.70699e-05  3.49610e-05  3.23257e-05  2.90862e-05  2.47021e-05
9.23000e+02  3.57215e-05  3.39075e-05  3.16240e-05  2.87306e-05  2.46439e-05
9.25000e+02  3.68683e-05  3.48020e-05  3.22124e-05  2.90177e-05  2.46796e-05
9.27000e+02  3.73654e-05  3.51731e-05  3.24813e-05  2.92086e-05  2.48114e-05
9.29000e+02  3.74953e-05  3.52498e-05  3.25296e-05  2.92401e-05  2.48304e-05
9.31000e+02  3.75683e-05  3.53060e-05  3.25830e-05  2.92972e-05  2.48970e-05
9.33000e+02  3.75601e-05  3.52928e-05  3.25728e-05  2.92935e-05  2.49036e-05
9.35000e+02  3.75426e-05  3.52741e-05  3.25564e-05  2.92803e-05  2.48936e-05
9.37000e+02  3.74990e-05  3.52302e-05  3.25135e-05  2.92386e-05  2.48536e-05
9.39000e+02  3.75473e-05  3.52853e-05  3.25758e-05  2.93084e-05  2.49297e-05
9.41000e+02  3.69994e-05  3.47904e-05  3.21478e-05  2.89628e-05  2.46995e-05
9.43000e+02  3.74747e-05  3.52290e-05  3.25356e-05  2.92854e-05  2.49270e-05
9.45000e+02  3.73875e-05  3.51512e-05  3.24647e-05  2.92214e-05  2.48720e-05
9.47000e+02  3.74833e-05  3.52613e-05  3.25794e-05  2.93364e-05  2.49831e-05
9.49000e+02  3.74478e-05  3.52569e-05  3.25901e-05  2.93561e-05  2.50082e-05
9.51000e+02  3.73129e-05  3.51885e-05  3.25590e-05  2.93491e-05  2.50200e-05
9.53000e+02  3.69391e-05  3.49618e-05  3.24412e-05  2.93025e-05  2.50078e-05
9.55000e+02  3.53335e-05  3.36817e-05  3.15559e-05  2.88109e-05  2.48666e-05
9.57000e+02  3.69788e-05  3.49812e-05  3.24455e-05  2.93004e-05  2.50118e-05
9.59000e+02  3.73126e-05  3.51949e-05  3.25785e-05  2.93856e-05  2.50776e-05
9.61000e+02  3.73484e-05  3.51848e-05  3.25523e-05  2.93582e-05  2.50594e-05
9.63000e+02  3.73142e-05  3.51377e-05  3.25084e-05  2.93250e-05  2.50445e-05
9.65000e+02  3.72877e-05  3.50932e-05  3.24507e-05  2.92538e-05  2.49559e-05
9.67000e+02  3.72724e-05  3.50879e-05  3.24610e-05  2.92826e-05  2.50063e-05
9.69000e+02  3.74096e-05  3.52184e-05  3.25855e-05  2.94012e-05  2.51182e-05
9.71000e+02  3.73929e-05  3.52017e-05  3.25696e-05  2.93858e-05  2.51018e-05
9.73000e+02  3.73774e-05  3.51893e-05  3.25609e-05  2.93810e-05  2.51006e-05
9.75000e+02  3.72960e-05  3.51143e-05  3.24951e-05  2.93274e-05  2.50666e-05
9.77000e+02  3.73456e-05  3.51674e-05  3.25514e-05  2.93868e-05  2.51281e-05
9.79000e+02  3.73006e-05  3.51239e-05  3.25085e-05  2.93419e-05  2.50753e-05
9.81000e+02  3.73559e-05  3.51873e-05  3.25815e-05  2.94279e-05  2.51822e-05
9.83000e+02  3.73381e-05  3.51747e-05  3.25742e-05  2.94263e-05  2.51874e-05
9.85000e+02  3.73370e-05  3.51794e-05  3.25848e-05  2.94429e-05  2.52108e-05
9.87000e+02  3.72752e-05  3.51236e-05  3.25354e-05  2.94015e-05  2.51808e-05
9.89000e+02  3.72477e-05  3.51064e-05  3.25283e-05  2.94050e-05  2.51962e-05
9.91000e+02  3.72447e-05  3.51070e-05  3.25313e-05  2.94102e-05  2.52037e-05
9.93000e+02  3.72859e-05  3.51546e-05  3.25814e-05  2.94605e-05  2.52510e-05
9.95000e+02  3.72643e-05  3.51437e-05  3.25770e-05  2.94614e-05  2.52570e-05
9.97000e+02  3.72344e-05  3.51316e-05  3.25748e-05  2.94668e-05  2.52698e-05
9.99000e+02  3.71673e-05  3.50965e-05  3.25562e-05  2.94591e-05  2.52712e-05
1.00250e+03  3.66456e-05  3.47732e-05  3.23822e-05  2.93912e-05  2.52665e-05
1.00750e+03  3.61640e-05  3.43840e-05  3.21012e-05  2.92248e-05  2.52201e-05
1.01250e+03  3.70751e-05  3.50233e-05  3.25115e-05  2.94479e-05  2.52996e-05
1.01750e+03  3.70511e-05  3.49755e-05  3.24625e-05  2.94076e-05  2.52765e-05
1.02250e+03  3.70753e-05  3.50006e-05  3.24924e-05  2.94433e-05  2.53178e-05
1.02750e+03  3.70754e-05  3.50090e-05  3.25105e-05  2.94718e-05  2.53572e-05
1.03250e+03  3.69387e-05  3.48818e-05  3.23958e-05  2.93727e-05  2.52811e-05
1.03750e+03  3.69299e-05  3.48828e-05  3.24065e-05  2.93926e-05  2.53082e-05
1.04250e+03  3.69672e-05  3.49306e-05  3.24645e-05  2.94605e-05  2.53851e-05
1.04750e+03  3.68512e-05  3.48312e-05  3.23840e-05  2.94018e-05  2.53536e-05
1.05250e+03  3.68881e-05  3.48730e-05  3.24290e-05  2.94488e-05  2.54005e-05
1.05750e+03  3.67587e-05  3.47588e-05  3.23326e-05  2.93732e-05  2.53518e-05
1.06250e+03  3.66852e-05  3.46984e-05  3.22865e-05  2.93435e-05  2.53437e-05
1.06750e+03  3.64232e-05  3.44743e-05  3.21061e-05  2.92134e-05  2.52777e-05
1.07250e+03  3.66116e-05  3.46524e-05  3.22666e-05  2.93493e-05  2.53751e-05
1.07750e+03  3.64647e-05  3.45209e-05  3.21499e-05  2.92500e-05  2.53011e-05
1.08250e+03  3.62367e-05  3.43286e-05  3.19891e-05  2.91234e-05  2.52192e-05
1.08750e+03  3.62058e-05  3.43573e-05  3.20437e-05  2.91869e-05  2.52759e-05
1.09250e+03  3.50119e-05  3.35172e-05  3.15369e-05  2.89656e-05  2.52706e-05
1.09750e+03  3.57920e-05  3.40909e-05  3.18819e-05  2.90922e-05  2.52048e-05
1.10250e+03  3.62840e-05  3.44180e-05  3.20946e-05  2.92249e-05  2.52807e-05
1.10750e+03  3.63903e-05  3.44957e-05  3.21617e-05  2.92881e-05  2.53430e-05
1.11250e+03  3.63310e-05  3.44368e-05  3.21103e-05  2.92477e-05  2.53178e-05
1.11750e+03  3.62749e-05  3.43888e-05  3.20743e-05  2.92272e-05  2.53204e-05
1.12250e+03  3.63031e-05  3.44238e-05  3.21157e-05  2.92741e-05  2.53704e-05
1.12750e+03  3.60758e-05  3.42154e-05  3.19315e-05  2.91200e-05  2.52582e-05
1.13250e+03  3.61700e-05  3.43154e-05  3.20347e-05  2.92235e-05  2.53567e-05
1.13750e+03  3.61185e-05  3.42666e-05  3.19880e-05  2.91781e-05  2.53111e-05
1.14250e+03  3.59353e-05  3.40999e-05  3.18425e-05  2.90607e-05  2.52367e-05
1.14750e+03  3.61224e-05  3.42899e-05  3.20304e-05  2.92402e-05  2.53949e-05
1.15250e+03  3.60889e-05  3.42664e-05  3.20173e-05  2.92386e-05  2.54075e-05
1.15750e+03  3.59993e-05  3.41850e-05  3.19447e-05  2.91753e-05  2.53552e-05
1.16250e+03  3.57539e-05  3.39576e-05  3.17402e-05  2.90006e-05  2.52241e-05
1.16750e+03  3.58402e-05  3.40542e-05  3.18439e-05  2.91067e-05  2.53231e-05
1.17250e+03  3.59414e-05  3.41571e-05  3.19461e-05  2.92066e-05  2.54186e-05
1.17750e+03  3.56900e-05  3.39325e-05  3.17527e-05  2.90489e-05  2.53052e-05
1.18250e+03  3.55577e-05  3.38104e-05  3.16435e-05  2.89571e-05  2.52407e-05
1.18750e+03  3.55184e-05  3.37743e-05  3.16097e-05  2.89248e-05  2.52079e-05
1.19250e+03  3.57866e-05  3.40398e-05  3.18654e-05  2.91628e-05  2.54134e-05
1.19750e+03  3.52311e-05  3.35216e-05  3.13966e-05  2.87576e-05  2.50996e-05
1.20250e+03  3.54715e-05  3.37574e-05  3.16218e-05  2.89654e-05  2.52773e-05
1.20750e+03  3.53562e-05  3.36566e-05  3.15366e-05  2.88977e-05  2.52315e-05
1.21250e+03  3.55284e-05  3.38225e-05  3.16906e-05  2.90339e-05  2.53379e-05
1.21750e+03  3.55813e-05  3.38818e-05  3.17534e-05  2.90969e-05  2.53949e-05
1.22250e+03  3.55382e-05  3.38483e-05  3.17292e-05  2.90819e-05  2.53896e-05
1.22750e+03  3.54315e-05  3.37537e-05  3.16485e-05  2.90175e-05  2.53460e-05
1.23250e+03  3.54511e-05  3.37809e-05  3.16808e-05  2.90524e-05  2.53793e-05
1.23750e+03  3.54016e-05  3.37410e-05  3.16501e-05  2.90312e-05  2.53683e-05
1.24250e+03  3.53495e-05  3.36986e-05  3.16170e-05  2.90075e-05  2.53548e-05
1.24750e+03  3.53361e-05  3.36957e-05  3.16231e-05  2.90213e-05  2.53744e-05
1.25250e+03  3.52818e-05  3.36525e-05  3.15898e-05  2.89976e-05  2.53601e-05
1.25750e+03  3.52305e-05  3.36158e-05  3.15658e-05  2.89860e-05  2.53607e-05
1.26250e+03  3.51687e-05  3.35700e-05  3.15322e-05  2.89634e-05  2.53488e-05
1.26750e+03  3.50972e-05  3.35208e-05  3.14968e-05  2.89382e-05  2.53321e-05
1.27250e+03  3.50048e-05  3.34813e-05  3.14880e-05  2.89498e-05  2.53552e-05
1.27750e+03  3.46088e-05  3.32371e-05  3.13543e-05  2.88960e-05  2.53503e-05
1.28250e+03  3.26980e-05  3.16544e-05  3.01773e-05  2.81444e-05  2.50244e-05
1.28750e+03  3.45986e-05  3.32157e-05  3.13263e-05  2.88670e-05  2.53265e-05
1.29250e+03  3.48251e-05  3.33308e-05  3.13688e-05  2.88623e-05  2.52978e-05
1.29750e+03  3.48989e-05  3.33789e-05  3.14089e-05  2.89028e-05  2.53448e-05
1.30250e+03  3.48697e-05  3.33449e-05  3.13778e-05  2.88778e-05  2.53291e-05
1.30750e+03  3.48636e-05  3.33426e-05  3.13817e-05  2.88885e-05  2.53455e-05
1.31250e+03  3.46888e-05  3.31768e-05  3.12299e-05  2.87550e-05  2.52377e-05
1.31750e+03  3.46523e-05  3.31482e-05  3.12101e-05  2.87447e-05  2.52383e-05
1.32250e+03  3.47579e-05  3.32598e-05  3.13239e-05  2.88561e-05  2.53370e-05
1.32750e+03  3.46442e-05  3.31523e-05  3.12237e-05  2.87639e-05  2.52554e-05
1.33250e+03  3.46521e-05  3.31716e-05  3.12537e-05  2.88041e-05  2.53035e-05
1.33750e+03  3.46176e-05  3.31469e-05  3.12388e-05  2.87994e-05  2.53091e-05
1.34250e+03  3.46147e-05  3.31547e-05  3.12566e-05  2.88262e-05  2.53428e-05
1.34750e+03  3.45727e-05  3.31223e-05  3.12337e-05  2.88127e-05  2.53383e-05
1.35250e+03  3.45359e-05  3.30963e-05  3.12183e-05  2.88080e-05  2.53437e-05
1.35750e+03  3.44378e-05  3.30061e-05  3.11367e-05  2.87360e-05  2.52832e-05
1.36250e+03  3.44231e-05  3.29997e-05  3.11365e-05  2.87391e-05  2.52828e-05
1.36750e+03  3.44038e-05  3.29930e-05  3.11434e-05  2.87614e-05  2.53244e-05
1.37250e+03  3.43534e-05  3.29565e-05  3.11218e-05  2.87564e-05  2.53376e-05
1.37750e+03  3.43304e-05  3.29410e-05  3.11127e-05  2.87523e-05  2.53364e-05
1.38250e+03  3.43054e-05  3.29268e-05  3.11088e-05  2.87585e-05  2.53516e-05
1.38750e+03  3.42605e-05  3.28895e-05  3.10774e-05  2.87309e-05  2.53226e-05
1.39250e+03  3.42310e-05  3.28728e-05  3.10742e-05  2.87423e-05  2.53500e-05
1.39750e+03  3.41859e-05  3.28381e-05  3.10503e-05  2.87300e-05  2.53510e-05
1.40250e+03  3.41104e-05  3.27709e-05  3.09914e-05  2.86796e-05  2.53093e-05
1.40750e+03  3.41196e-05  3.27922e-05  3.10239e-05  2.87221e-05  2.53575e-05
1.41250e+03  3.40113e-05  3.26930e-05  3.09352e-05  2.86454e-05  2.52948e-05
1.41750e+03  3.40461e-05  3.27399e-05  3.09922e-05  2.87103e-05  2.53613e-05
1.42250e+03  3.38879e-05  3.25896e-05  3.08526e-05  2.85852e-05  2.52591e-05
1.42750e+03  3.37907e-05  3.25013e-05  3.07743e-05  2.85183e-05  2.52058e-05
1.43250e+03  3.39106e-05  3.26361e-05  3.09203e-05  2.86716e-05  2.53563e-05
1.43750e+03  3.39018e-05  3.26400e-05  3.09370e-05  2.87014e-05  2.53992e-05
1.44250e+03  3.35916e-05  3.23462e-05  3.06681e-05  2.84674e-05  2.52188e-05
1.44750e+03  3.38152e-05  3.25758e-05  3.08958e-05  2.86852e-05  2.54104e-05
1.45250e+03  3.35908e-05  3.23659e-05  3.07064e-05  2.85228e-05  2.52877e-05
1.45700e+03  3.36240e-05  3.24037e-05  3.07462e-05  2.85622e-05  2.53212e-05
1.46200e+03  3.36627e-05  3.24546e-05  3.08076e-05  2.86321e-05  2.53928e-05
1.46750e+03  3.36259e-05  3.24288e-05  3.07930e-05  2.86292e-05  2.54013e-05
1.47250e+03  3.35106e-05  3.23215e-05  3.06959e-05  2.85454e-05  2.53377e-05
1.47750e+03  3.34861e-05  3.23115e-05  3.07016e-05  2.85686e-05  2.53806e-05
1.48250e+03  3.34708e-05  3.23064e-05  3.07061e-05  2.85823e-05  2.54017e-05
1.48750e+03  3.29886e-05  3.18493e-05  3.02877e-05  2.82197e-05  2.51301e-05
1.49250e+03  3.34582e-05  3.23186e-05  3.07433e-05  2.86460e-05  2.54935e-05
1.49750e+03  3.33533e-05  3.22223e-05  3.06577e-05  2.85739e-05  2.54409e-05
1.50250e+03  3.27563e-05  3.16477e-05  3.01206e-05  2.80926e-05  2.50520e-05
1.50750e+03  3.29765e-05  3.18682e-05  3.03350e-05  2.82937e-05  2.52250e-05
1.51250e+03  3.32518e-05  3.21552e-05  3.06269e-05  2.85829e-05  2.54932e-05
1.51750e+03  3.32200e-05  3.21358e-05  3.06210e-05  2.85925e-05  2.55216e-05
1.52250e+03  3.30849e-05  3.20081e-05  3.05037e-05  2.84898e-05  2.54430e-05
1.52750e+03  3.30657e-05  3.20021e-05  3.05116e-05  2.85130e-05  2.54824e-05
1.53250e+03  3.30353e-05  3.19832e-05  3.05050e-05  2.85208e-05  2.55082e-05
1.53750e+03  3.29692e-05  3.19283e-05  3.04634e-05  2.84953e-05  2.55035e-05
1.54250e+03  3.29364e-05  3.19086e-05  3.04586e-05  2.85082e-05  2.55387e-05
1.54750e+03  3.29063e-05  3.18906e-05  3.04539e-05  2.85189e-05  2.55679e-05
1.55250e+03  3.28112e-05  3.18030e-05  3.03755e-05  2.84518e-05  2.55147e-05
1.55750e+03  3.26973e-05  3.16974e-05  3.02814e-05  2.83746e-05  2.54672e-05
1.56250e+03  3.27376e-05  3.17534e-05  3.03522e-05  2.84585e-05  2.55589e-05
1.56750e+03  3.25711e-05  3.15928e-05  3.02033e-05  2.83291e-05  2.54634e-05
1.57250e+03  3.24177e-05  3.14485e-05  3.00728e-05  2.82198e-05  2.53919e-05
1.57750e+03  3.20612e-05  3.11051e-05  2.97482e-05  2.79186e-05  2.51246e-05
1.58250e+03  3.23600e-05  3.14124e-05  3.00580e-05  2.82243e-05  2.54108e-05
1.58750e+03  3.18402e-05  3.08947e-05  2.95612e-05  2.77735e-05  2.50565e-05
1.59250e+03  3.22251e-05  3.12989e-05  2.99728e-05  2.81766e-05  2.54141e-05
1.59750e+03  3.21638e-05  3.12489e-05  2.99312e-05  2.81423e-05  2.53913e-05
1.60500e+03  3.20234e-05  3.11245e-05  2.98310e-05  2.80751e-05  2.53683e-05
1.61500e+03  3.16691e-05  3.07821e-05  2.95143e-05  2.78028e-05  2.51783e-05
1.62500e+03  3.17867e-05  3.09236e-05  2.96626e-05  2.79404e-05  2.52778e-05
1.63500e+03  3.13477e-05  3.05043e-05  2.92844e-05  2.76242e-05  2.50554e-05
1.64500e+03  3.08384e-05  3.00040e-05  2.88145e-05  2.72102e-05  2.47431e-05
1.65500e+03  3.10806e-05  3.02551e-05  2.90427e-05  2.73864e-05  2.48277e-05
1.66500e+03  3.08047e-05  2.99882e-05  2.87878e-05  2.71481e-05  2.46171e-05
1.67500e+03  3.01600e-05  2.93796e-05  2.82431e-05  2.66895e-05  2.42729e-05
1.68500e+03  2.95421e-05  2.87762e-05  2.76825e-05  2.62022e-05  2.39108e-05
1.69500e+03  3.00062e-05  2.92209e-05  2.80652e-05  2.64875e-05  2.40539e-05
1.70500e+03  2.97516e-05  2.89531e-05  2.77912e-05  2.62138e-05  2.37936e-05
1.71500e+03  2.94052e-05  2.86182e-05  2.74732e-05  2.59200e-05  2.35396e-05
1.72500e+03  2.90674e-05  2.83263e-05  2.72241e-05  2.57138e-05  2.33792e-05
1.73500e+03  2.78176e-05  2.71506e-05  2.61897e-05  2.48788e-05  2.28246e-05
1.74500e+03  2.84231e-05  2.77207e-05  2.66703e-05  2.52243e-05  2.29763e-05
1.75500e+03  2.84620e-05  2.77151e-05  2.66244e-05  2.51436e-05  2.28724e-05
1.76500e+03  2.82468e-05  2.74889e-05  2.63984e-05  2.49266e-05  2.26790e-05
1.77500e+03  2.80261e-05  2.72704e-05  2.61876e-05  2.47282e-05  2.25014e-05
1.78500e+03  2.77929e-05  2.70485e-05  2.59798e-05  2.45390e-05  2.23400e-05
1.79500e+03  2.75310e-05  2.68065e-05  2.57563e-05  2.43362e-05  2.21658e-05
1.80500e+03  2.71600e-05  2.64834e-05  2.54731e-05  2.40909e-05  2.19602e-05
1.81500e+03  2.58873e-05  2.53175e-05  2.44756e-05  2.33109e-05  2.14653e-05
1.82500e+03  2.64180e-05  2.58041e-05  2.48712e-05  2.35776e-05  2.15533e-05
1.83500e+03  2.65300e-05  2.58514e-05  2.48569e-05  2.35079e-05  2.14429e-05
1.84500e+03  2.62824e-05  2.55896e-05  2.45924e-05  2.32496e-05  2.12053e-05
1.85500e+03  2.61038e-05  2.54287e-05  2.44487e-05  2.31247e-05  2.11036e-05
1.86500e+03  2.56886e-05  2.50755e-05  2.41460e-05  2.28685e-05  2.08940e-05
1.87500e+03  2.39391e-05  2.35067e-05  2.28276e-05  2.18478e-05  2.02488e-05
1.88500e+03  2.52127e-05  2.46257e-05  2.37296e-05  2.24933e-05  2.05760e-05
1.89500e+03  2.51141e-05  2.44593e-05  2.35169e-05  2.22494e-05  2.03229e-05
1.90500e+03  2.50688e-05  2.44113e-05  2.34728e-05  2.22131e-05  2.02991e-05
1.91500e+03  2.48443e-05  2.41924e-05  2.32627e-05  2.20157e-05  2.01224e-05
1.92500e+03  2.46157e-05  2.39857e-05  2.30752e-05  2.18487e-05  1.99820e-05
1.93500e+03  2.42145e-05  2.36408e-05  2.27792e-05  2.15970e-05  1.97722e-05
1.94500e+03  2.29402e-05  2.24792e-05  2.17955e-05  2.08352e-05  1.92916e-05
1.95500e+03  2.38329e-05  2.32708e-05  2.24283e-05  2.12731e-05  1.94910e-05
1.96500e+03  2.38148e-05  2.32050e-05  2.23291e-05  2.11523e-05  1.93645e-05
1.97500e+03  2.35802e-05  2.29582e-05  2.20818e-05  2.09127e-05  1.91457e-05
1.98500e+03  2.34682e-05  2.28474e-05  2.19762e-05  2.08149e-05  1.90587e-05
1.99500e+03  2.32894e-05  2.26728e-05  2.18101e-05  2.06613e-05  1.89251e-05
2.00500e+03  2.31344e-05  2.25246e-05  2.16722e-05  2.05377e-05  1.88236e-05
2.01500e+03  2.29621e-05  2.23582e-05  2.15147e-05  2.03927e-05  1.86976e-05
2.02500e+03  2.27536e-05  2.21533e-05  2.13167e-05  2.02047e-05  1.85260e-05
2.03500e+03  2.25411e-05  2.19450e-05  2.11163e-05  2.00163e-05  1.83583e-05
2.04500e+03  2.24175e-05  2.18297e-05  2.10111e-05  1.99238e-05  1.82831e-05
2.05500e+03  2.22337e-05  2.16506e-05  2.08396e-05  1.97628e-05  1.81380e-05
2.06500e+03  2.20004e-05  2.14220e-05  2.06200e-05  1.95567e-05  1.79554e-05
2.07500e+03  2.18732e-05  2.13008e-05  2.05060e-05  1.94517e-05  1.78625e-05
2.08500e+03  2.17091e-05  2.11423e-05  2.03555e-05  1.93120e-05  1.77390e-05
2.09500e+03  2.14966e-05  2.09341e-05  2.01549e-05  1.91227e-05  1.75691e-05
2.10500e+03  2.13725e-05  2.08175e-05  2.00474e-05  1.90265e-05  1.74883e-05
2.11500e+03  2.11967e-05  2.06479e-05  1.98861e-05  1.88763e-05  1.73550e-05
2.12500e+03  2.10318e-05  2.04904e-05  1.97374e-05  1.87387e-05  1.72339e-05
2.13500e+03  2.08585e-05  2.03264e-05  1.95831e-05  1.85961e-05  1.71087e-05
2.14500e+03  2.06845e-05  2.01699e-05  1.94408e-05  1.84676e-05  1.69965e-05
2.15500e+03  2.04142e-05  1.99427e-05  1.92504e-05  1.83097e-05  1.68696e-05
2.16500e+03  1.93519e-05  1.89908e-05  1.84607e-05  1.77117e-05  1.65022e-05
2.17500e+03  2.00157e-05  1.95662e-05  1.89024e-05  1.79946e-05  1.65965e-05
2.18500e+03  2.00134e-05  1.95197e-05  1.88211e-05  1.78894e-05  1.64830e-05
2.19500e+03  1.99378e-05  1.94348e-05  1.87340e-05  1.78047e-05  1.64052e-05
2.20500e+03  1.97346e-05  1.92292e-05  1.85323e-05  1.76116e-05  1.62295e-05
2.21500e+03  1.96508e-05  1.91498e-05  1.84595e-05  1.75475e-05  1.61774e-05
2.22500e+03  1.95015e-05  1.90027e-05  1.83170e-05  1.74115e-05  1.60510e-05
2.23500e+03  1.93584e-05  1.88636e-05  1.81843e-05  1.72878e-05  1.59417e-05
2.24500e+03  1.92166e-05  1.87260e-05  1.80534e-05  1.71663e-05  1.58350e-05
2.25500e+03  1.90645e-05  1.85783e-05  1.79128e-05  1.70358e-05  1.57207e-05
2.26500e+03  1.89253e-05  1.84423e-05  1.77817e-05  1.69113e-05  1.56056e-05
2.27500e+03  1.87991e-05  1.83212e-05  1.76679e-05  1.68073e-05  1.55167e-05
2.28500e+03  1.86340e-05  1.81591e-05  1.75113e-05  1.66587e-05  1.53812e-05
2.29500e+03  1.84823e-05  1.80063e-05  1.73558e-05  1.64954e-05  1.51905e-05
2.30500e+03  1.83764e-05  1.79076e-05  1.72677e-05  1.64236e-05  1.51512e-05
2.31500e+03  1.82423e-05  1.77780e-05  1.71451e-05  1.63113e-05  1.50572e-05
2.32500e+03  1.80623e-05  1.75944e-05  1.69559e-05  1.61098e-05  1.48197e-05
2.33500e+03  1.79509e-05  1.74913e-05  1.68658e-05  1.60406e-05  1.47945e-05
2.34500e+03  1.78556e-05  1.74026e-05  1.67862e-05  1.59741e-05  1.47516e-05
2.35500e+03  1.76688e-05  1.72114e-05  1.65888e-05  1.57640e-05  1.45053e-05
2.36500e+03  1.75875e-05  1.71398e-05  1.65313e-05  1.57287e-05  1.45156e-05
2.37500e+03  1.74604e-05  1.70174e-05  1.64166e-05  1.56259e-05  1.44357e-05
2.38500e+03  1.72896e-05  1.68441e-05  1.62396e-05  1.54402e-05  1.42226e-05
2.39500e+03  1.72148e-05  1.67779e-05  1.61855e-05  1.54045e-05  1.42241e-05
2.40500e+03  1.71000e-05  1.66680e-05  1.60829e-05  1.53128e-05  1.41524e-05
2.41500e+03  1.69444e-05  1.65113e-05  1.59250e-05  1.51509e-05  1.39752e-05
2.42500e+03  1.68513e-05  1.64248e-05  1.58479e-05  1.50882e-05  1.39402e-05
2.43500e+03  1.67338e-05  1.63116e-05  1.57413e-05  1.49914e-05  1.38619e-05
2.44500e+03  1.66122e-05  1.61918e-05  1.56238e-05  1.48755e-05  1.37428e-05
2.45500e+03  1.64668e-05  1.60495e-05  1.54872e-05  1.47475e-05  1.36307e-05
2.46500e+03  1.63988e-05  1.59879e-05  1.54339e-05  1.47061e-05  1.36107e-05
2.47500e+03  1.62681e-05  1.58588e-05  1.53076e-05  1.45829e-05  1.34902e-05
2.48500e+03  1.60806e-05  1.56752e-05  1.51310e-05  1.44167e-05  1.33407e-05
2.49500e+03  1.60548e-05  1.56537e-05  1.51143e-05  1.44063e-05  1.33415e-05
2.50500e+03  1.59591e-05  1.55619e-05  1.50276e-05  1.43266e-05  1.32729e-05
2.51500e+03  1.58382e-05  1.54425e-05  1.49104e-05  1.42111e-05  1.31558e-05
2.52500e+03  1.57277e-05  1.53366e-05  1.48118e-05  1.41235e-05  1.30882e-05
2.53500e+03  1.56345e-05  1.52471e-05  1.47271e-05  1.40452e-05  1.30203e-05
2.54500e+03  1.55231e-05  1.51382e-05  1.46217e-05  1.39442e-05  1.29258e-05
2.55500e+03  1.54151e-05  1.50342e-05  1.45236e-05  1.38543e-05  1.28487e-05
2.56500e+03  1.52858e-05  1.49090e-05  1.44053e-05  1.37465e-05  1.27592e-05
2.57500e+03  1.52281e-05  1.48557e-05  1.43558e-05  1.37004e-05  1.27170e-05
2.58500e+03  1.50810e-05  1.47109e-05  1.42142e-05  1.35630e-05  1.25857e-05
2.59500e+03  1.50171e-05  1.46542e-05  1.41642e-05  1.35206e-05  1.25543e-05
2.60500e+03  1.48961e-05  1.45445e-05  1.40655e-05  1.34335e-05  1.24816e-05
2.61500e+03  1.47072e-05  1.43790e-05  1.39228e-05  1.33131e-05  1.23870e-05
2.62500e+03  1.40684e-05  1.38164e-05  1.34631e-05  1.29681e-05  1.21747e-05
2.63500e+03  1.45136e-05  1.41956e-05  1.37500e-05  1.31498e-05  1.22338e-05
2.64500e+03  1.44960e-05  1.41553e-05  1.36914e-05  1.30801e-05  1.21630e-05
2.65500e+03  1.44178e-05  1.40716e-05  1.36061e-05  1.29953e-05  1.20798e-05
2.66500e+03  1.42855e-05  1.39404e-05  1.34804e-05  1.28790e-05  1.19793e-05
2.67500e+03  1.41870e-05  1.38480e-05  1.34000e-05  1.28162e-05  1.19427e-05
2.68500e+03  1.41687e-05  1.38289e-05  1.33770e-05  1.27860e-05  1.19013e-05
2.69500e+03  1.40883e-05  1.37490e-05  1.32976e-05  1.27079e-05  1.18267e-05
2.70500e+03  1.40017e-05  1.36644e-05  1.32164e-05  1.26316e-05  1.17591e-05
2.71500e+03  1.39121e-05  1.35771e-05  1.31325e-05  1.25527e-05  1.16880e-05
2.72500e+03  1.38244e-05  1.34922e-05  1.30517e-05  1.24772e-05  1.16210e-05
2.73500e+03  1.37345e-05  1.34056e-05  1.29694e-05  1.24004e-05  1.15516e-05
2.74500e+03  1.36423e-05  1.33180e-05  1.28881e-05  1.23266e-05  1.14875e-05
2.75500e+03  1.34570e-05  1.31420e-05  1.27295e-05  1.21922e-05  1.13873e-05
2.76500e+03  1.34325e-05  1.31169e-05  1.27009e-05  1.21572e-05  1.13419e-05
2.77500e+03  1.33879e-05  1.30701e-05  1.26496e-05  1.21011e-05  1.12831e-05
2.78500e+03  1.33113e-05  1.29944e-05  1.25758e-05  1.20304e-05  1.12183e-05
2.79500e+03  1.32304e-05  1.29151e-05  1.24989e-05  1.19571e-05  1.11501e-05
2.80500e+03  1.31475e-05  1.28342e-05  1.24209e-05  1.18831e-05  1.10822e-05
2.81500e+03  1.30693e-05  1.27585e-05  1.23490e-05  1.18163e-05  1.10235e-05
2.82500e+03  1.29882e-05  1.26801e-05  1.22742e-05  1.17463e-05  1.09611e-05
2.83500e+03  1.29095e-05  1.26043e-05  1.22022e-05  1.16791e-05  1.09012e-05
2.84500e+03  1.28211e-05  1.25190e-05  1.21210e-05  1.16029e-05  1.08322e-05
2.85500e+03  1.27397e-05  1.24421e-05  1.20491e-05  1.15365e-05  1.07724e-05
2.86500e+03  1.26280e-05  1.23387e-05  1.19573e-05  1.14575e-05  1.07071e-05
2.87500e+03  1.24348e-05  1.21566e-05  1.17949e-05  1.13221e-05  1.06098e-05
2.88500e+03  1.24967e-05  1.22084e-05  1.18282e-05  1.13312e-05  1.05887e-05
2.89500e+03  1.24371e-05  1.21473e-05  1.17660e-05  1.12694e-05  1.05304e-05
2.90500e+03  1.23645e-05  1.20752e-05  1.16954e-05  1.12016e-05  1.04675e-05
2.91500e+03  1.22935e-05  1.20059e-05  1.16290e-05  1.11396e-05  1.04126e-05
2.92500e+03  1.22122e-05  1.19256e-05  1.15507e-05  1.10640e-05  1.03409e-05
2.93500e+03  1.21457e-05  1.18613e-05  1.14893e-05  1.10066e-05  1.02894e-05
2.94500e+03  1.20692e-05  1.17866e-05  1.14175e-05  1.09385e-05  1.02271e-05
2.95500e+03  1.20026e-05  1.17223e-05  1.13564e-05  1.08818e-05  1.01772e-05
2.96500e+03  1.19283e-05  1.16497e-05  1.12861e-05  1.08143e-05  1.01131e-05
2.97500e+03  1.18598e-05  1.15838e-05  1.12237e-05  1.07567e-05  1.00633e-05
2.98500e+03  1.17906e-05  1.15170e-05  1.11600e-05  1.06970e-05  1.00096e-05
2.99500e+03  1.17162e-05  1.14449e-05  1.10908e-05  1.06314e-05  9.94940e-06
3.00500e+03  1.16432e-05  1.13743e-05  1.10228e-05  1.05661e-05  9.88718e-06
3.01500e+03  1.15765e-05  1.13120e-05  1.09654e-05  1.05144e-05  9.84410e-06
3.02500e+03  1.14953e-05  1.12366e-05  1.08961e-05  1.04513e-05  9.78790e-06
3.03500e+03  1.12860e-05  1.10446e-05  1.07304e-05  1.03175e-05  9.69416e-06
3.04500e+03  1.12894e-05  1.10443e-05  1.07228e-05  1.02992e-05  9.65763e-06
3.05500e+03  1.12996e-05  1.10453e-05  1.07116e-05  1.02763e-05  9.62801e-06
3.06500e+03  1.12398e-05  1.09839e-05  1.06500e-05  1.02161e-05  9.57174e-06
3.07500e+03  1.11831e-05  1.09277e-05  1.05953e-05  1.01641e-05  9.52415e-06
3.08500e+03  1.11140e-05  1.08593e-05  1.05286e-05  1.00999e-05  9.46337e-06
3.09500e+03  1.10494e-05  1.07961e-05  1.04676e-05  1.00419e-05  9.41005e-06
3.10500e+03  1.09934e-05  1.07422e-05  1.04167e-05  9.99521e-06  9.37018e-06
3.11500e+03  1.08971e-05  1.06475e-05  1.03251e-05  9.90797e-06  9.29037e-06
3.12500e+03  1.08669e-05  1.06190e-05  1.02984e-05  9.88337e-06  9.26815e-06
3.13500e+03  1.07991e-05  1.05520e-05  1.02324e-05  9.81835e-06  9.20325e-06
3.14500e+03  1.07444e-05  1.04998e-05  1.01839e-05  9.77483e-06  9.16841e-06
3.15500e+03  1.06666e-05  1.04237e-05  1.01104e-05  9.70507e-06  9.10471e-06
3.16500e+03  1.06234e-05  1.03822e-05  1.00710e-05  9.66833e-06  9.07176e-06
3.17500e+03  1.05570e-05  1.03171e-05  1.00078e-05  9.60740e-06  9.01373e-06
3.18500e+03  1.05004e-05  1.02621e-05  9.95496e-06  9.55729e-06  8.96754e-06
3.19500e+03  1.04448e-05  1.02085e-05  9.90394e-06  9.50972e-06  8.92524e-06
3.21000e+03  1.03554e-05  1.01218e-05  9.82103e-06  9.43197e-06  8.85581e-06
3.23000e+03  1.02380e-05  1.00073e-05  9.71013e-06  9.32531e-06  8.75442e-06
3.25000e+03  1.01279e-05  9.90148e-06  9.60966e-06  9.23193e-06  8.67237e-06
3.27000e+03  1.00110e-05  9.79012e-06  9.50399e-06  9.13255e-06  8.58144e-06
3.29000e+03  9.77657e-06  9.57752e-06  9.31892e-06  8.97742e-06  8.46019e-06
3.31000e+03  9.77034e-06  9.56124e-06  9.28928e-06  8.93355e-06  8.40243e-06
3.33000e+03  9.67647e-06  9.46267e-06  9.18759e-06  8.83126e-06  8.30318e-06
3.35000e+03  9.58821e-06  9.37619e-06  9.10439e-06  8.75284e-06  8.23222e-06
3.37000e+03  9.48647e-06  9.27719e-06  9.00950e-06  8.66354e-06  8.15163e-06
3.39000e+03  9.37301e-06  9.16552e-06  8.90047e-06  8.55780e-06  8.05030e-06
3.41000e+03  9.27927e-06  9.07513e-06  8.81476e-06  8.47850e-06  7.98136e-06
3.43000e+03  9.19133e-06  8.98998e-06  8.73323e-06  8.40163e-06  7.91128e-06
3.45000e+03  9.09141e-06  8.89208e-06  8.63799e-06  8.30955e-06  7.82306e-06
3.47000e+03  9.00006e-06  8.80378e-06  8.55388e-06  8.23113e-06  7.75385e-06
3.49000e+03  8.90769e-06  8.71405e-06  8.46770e-06  8.14962e-06  7.67944e-06
3.51000e+03  8.81357e-06  8.62214e-06  8.37874e-06  8.06434e-06  7.59922e-06
3.53000e+03  8.72044e-06  8.53136e-06  8.29115e-06  7.98091e-06  7.52201e-06
3.55000e+03  8.63550e-06  8.44921e-06  8.21274e-06  7.90748e-06  7.45642e-06
3.57000e+03  8.54238e-06  8.35812e-06  8.12440e-06  7.82261e-06  7.37639e-06
3.59000e+03  8.45676e-06  8.27483e-06  8.04418e-06  7.74636e-06  7.30602e-06
3.61000e+03  8.37703e-06  8.19783e-06  7.97080e-06  7.67780e-06  7.24505e-06
3.63000e+03  8.29097e-06  8.11382e-06  7.88948e-06  7.59982e-06  7.17170e-06
3.65000e+03  8.20431e-06  8.02942e-06  7.80816e-06  7.52260e-06  7.10093e-06
3.67000e+03  8.11968e-06  7.94708e-06  7.72879e-06  7.44704e-06  7.03105e-06
3.69000e+03  8.03314e-06  7.86322e-06  7.64836e-06  7.37108e-06  6.96193e-06
3.71000e+03  7.95607e-06  7.78891e-06  7.57676e-06  7.30236e-06  6.89678e-06
3.73000e+03  7.84511e-06  7.68956e-06  7.48982e-06  7.22756e-06  6.83460e-06
3.75000e+03  7.72902e-06  7.57891e-06  7.38685e-06  7.13491e-06  6.75823e-06
3.77000e+03  7.73006e-06  7.56911e-06  7.36514e-06  7.10133e-06  6.71145e-06
3.79000e+03  7.65906e-06  7.49920e-06  7.29754e-06  7.03726e-06  6.65331e-06
3.81000e+03  7.58345e-06  7.42528e-06  7.22611e-06  6.96906e-06  6.58965e-06
3.83000e+03  7.51352e-06  7.35729e-06  7.16074e-06  6.90714e-06  6.53298e-06
3.85000e+03  7.44431e-06  7.28968e-06  7.09522e-06  6.84433e-06  6.47418e-06
3.87000e+03  7.37210e-06  7.21943e-06  7.02764e-06  6.78028e-06  6.41562e-06
3.89000e+03  7.30095e-06  7.15006e-06  6.96059e-06  6.71611e-06  6.35547e-06
3.91000e+03  7.23121e-06  7.08259e-06  6.89616e-06  6.65568e-06  6.30100e-06
3.93000e+03  7.16722e-06  7.01988e-06  6.83502e-06  6.59654e-06  6.24490e-06
3.95000e+03  7.09926e-06  6.95364e-06  6.77112e-06  6.53578e-06  6.18917e-06
3.97000e+03  7.03579e-06  6.89188e-06  6.71152e-06  6.47894e-06  6.13630e-06
3.99000e+03  6.96292e-06  6.82058e-06  6.64224e-06  6.41216e-06  6.07307e-06
4.01000e+03  6.89894e-06  6.75931e-06  6.58435e-06  6.35856e-06  6.02577e-06
4.03000e+03  6.83480e-06  6.69789e-06  6.52567e-06  6.30297e-06  5.97436e-06
4.05000e+03  6.68563e-06  6.56649e-06  6.41378e-06  6.21148e-06  5.90724e-06
4.07000e+03  6.71183e-06  6.57798e-06  6.40930e-06  6.19090e-06  5.86855e-06
4.09000e+03  6.65646e-06  6.52267e-06  6.35527e-06  6.13942e-06  5.82175e-06
4.11000e+03  6.59791e-06  6.46524e-06  6.29946e-06  6.08574e-06  5.77112e-06
4.13000e+03  6.54041e-06  6.40929e-06  6.24558e-06  6.03454e-06  5.72396e-06
4.15000e+03  6.47911e-06  6.34968e-06  6.18816e-06  5.97985e-06  5.67318e-06
4.17000e+03  6.41125e-06  6.28465e-06  6.12692e-06  5.92329e-06  5.62292e-06
4.19000e+03  6.36426e-06  6.23782e-06  6.08019e-06  5.87689e-06  5.57768e-06
4.21000e+03  6.29646e-06  6.17116e-06  6.01522e-06  5.81436e-06  5.51928e-06
4.23000e+03  6.25750e-06  6.13345e-06  5.97898e-06  5.77994e-06  5.48728e-06
4.25000e+03  6.20055e-06  6.07776e-06  5.92495e-06  5.72806e-06  5.43859e-06
4.27000e+03  6.14828e-06  6.02689e-06  5.87586e-06  5.68126e-06  5.39517e-06
4.29000e+03  6.06463e-06  5.94148e-06  5.78788e-06  5.58903e-06  5.29471e-06
4.31000e+03  5.97360e-06  5.85053e-06  5.69733e-06  5.49940e-06  5.20684e-06
4.33000e+03  5.93291e-06  5.81316e-06  5.66426e-06  5.47216e-06  5.18901e-06
4.35000e+03  5.84014e-06  5.71905e-06  5.56815e-06  5.37267e-06  5.08286e-06
4.37000e+03  5.75430e-06  5.63717e-06  5.49150e-06  5.30258e-06  5.02152e-06
4.39000e+03  5.72372e-06  5.60802e-06  5.46386e-06  5.27660e-06  4.99695e-06
4.41000e+03  5.64014e-06  5.52145e-06  5.37342e-06  5.18079e-06  4.89237e-06
4.43000e+03  5.59428e-06  5.47844e-06  5.33439e-06  5.14766e-06  4.86919e-06
4.45000e+03  5.54634e-06  5.43230e-06  5.29042e-06  5.10627e-06  4.83099e-06
4.47000e+03  5.47177e-06  5.35568e-06  5.21080e-06  5.02178e-06  4.73739e-06
4.49000e+03  5.44241e-06  5.32985e-06  5.18985e-06  5.00797e-06  4.73546e-06
4.51000e+03  5.38522e-06  5.27417e-06  5.13595e-06  4.95606e-06  4.68537e-06
4.53000e+03  5.32924e-06  5.21685e-06  5.07669e-06  4.89368e-06  4.61754e-06
4.55000e+03  5.29806e-06  5.18801e-06  5.05102e-06  4.87261e-06  4.60432e-06
4.57000e+03  5.26608e-06  5.15787e-06  5.02333e-06  4.84836e-06  4.58573e-06
4.59000e+03  5.19939e-06  5.09034e-06  4.95444e-06  4.77698e-06  4.50873e-06
4.61000e+03  5.17634e-06  5.06931e-06  4.93606e-06  4.76254e-06  4.50187e-06
4.63000e+03  5.12682e-06  5.02157e-06  4.89028e-06  4.71911e-06  4.46149e-06
4.65000e+03  5.07070e-06  4.97600e-06  4.85586e-06  4.69574e-06  4.45021e-06
4.67000e+03  5.05451e-06  4.95499e-06  4.83048e-06  4.66714e-06  4.42047e-06
4.69000e+03  5.02920e-06  4.92678e-06  4.79935e-06  4.63358e-06  4.38549e-06
4.71000e+03  5.00114e-06  4.89908e-06  4.77233e-06  4.60759e-06  4.36115e-06
4.73000e+03  4.97922e-06  4.87887e-06  4.75444e-06  4.59296e-06  4.35222e-06
4.75000e+03  4.92827e-06  4.82830e-06  4.70438e-06  4.54355e-06  4.30360e-06
4.77000e+03  4.89516e-06  4.79610e-06  4.67333e-06  4.51398e-06  4.27642e-06
4.79000e+03  4.86617e-06  4.76845e-06  4.64735e-06  4.49013e-06  4.25590e-06
4.81000e+03  4.81325e-06  4.71569e-06  4.59476e-06  4.43769e-06  4.20346e-06
4.83000e+03  4.79319e-06  4.69803e-06  4.58022e-06  4.42735e-06  4.19994e-06
4.85000e+03  4.75351e-06  4.65923e-06  4.54253e-06  4.39111e-06  4.16584e-06
4.87000e+03  4.71514e-06  4.62139e-06  4.50522e-06  4.35422e-06  4.12903e-06
4.89000e+03  4.67977e-06  4.58729e-06  4.47276e-06  4.32394e-06  4.10208e-06
4.91000e+03  4.65186e-06  4.56034e-06  4.44699e-06  4.29969e-06  4.08009e-06
4.93000e+03  4.61020e-06  4.51993e-06  4.40820e-06  4.26296e-06  4.04613e-06
4.95000e+03  4.57855e-06  4.48887e-06  4.37786e-06  4.23356e-06  4.01830e-06
4.97000e+03  4.53994e-06  4.45168e-06  4.34251e-06  4.20063e-06  3.98885e-06
4.99000e+03  4.51914e-06  4.43162e-06  4.32333e-06  4.18260e-06  3.97267e-06
5.01000e+03  4.47104e-06  4.38425e-06  4.27686e-06  4.13716e-06  3.92820e-06
5.03000e+03  4.45164e-06  4.36610e-06  4.26044e-06  4.12332e-06  3.91921e-06
5.05000e+03  4.40171e-06  4.31703e-06  4.21235e-06  4.07627e-06  3.87295e-06
5.07000e+03  4.37640e-06  4.29269e-06  4.18928e-06  4.05497e-06  3.85459e-06
5.09000e+03  4.35637e-06  4.27356e-06  4.17129e-06  4.03857e-06  3.84110e-06
5.11000e+03  4.31372e-06  4.23215e-06  4.13123e-06  3.99998e-06  3.80400e-06
5.13000e+03  4.27088e-06  4.19351e-06  4.09755e-06  3.97205e-06  3.78379e-06
5.15000e+03  4.25337e-06  4.17324e-06  4.07428e-06  3.94578e-06  3.75451e-06
5.17000e+03  4.23825e-06  4.15895e-06  4.06118e-06  3.93451e-06  3.74685e-06
5.19000e+03  4.19479e-06  4.11581e-06  4.01849e-06  3.89238e-06  3.70514e-06
5.21000e+03  4.16527e-06  4.08714e-06  3.99096e-06  3.86646e-06  3.68181e-06
5.23000e+03  4.13688e-06  4.05925e-06  3.96372e-06  3.84009e-06  3.65704e-06
5.25000e+03  4.11309e-06  4.03644e-06  3.94218e-06  3.82031e-06  3.64024e-06
5.27000e+03  4.08854e-06  4.01281e-06  3.91975e-06  3.79954e-06  3.62225e-06
5.29000e+03  4.04796e-06  3.97243e-06  3.87960e-06  3.75960e-06  3.58233e-06
5.31000e+03  4.03041e-06  3.95572e-06  3.86388e-06  3.74513e-06  3.56978e-06
5.33000e+03  3.99676e-06  3.92287e-06  3.83214e-06  3.71499e-06  3.54228e-06
5.35000e+03  3.97595e-06  3.90270e-06  3.81274e-06  3.69657e-06  3.52547e-06
5.37000e+03  3.94860e-06  3.87627e-06  3.78752e-06  3.67298e-06  3.50453e-06
5.39000e+03  3.92322e-06  3.85153e-06  3.76357e-06  3.65008e-06  3.48336e-06
5.41000e+03  3.89747e-06  3.82625e-06  3.73887e-06  3.62611e-06  3.46049e-06
5.43000e+03  3.86322e-06  3.79223e-06  3.70516e-06  3.59287e-06  3.42808e-06
5.45000e+03  3.84623e-06  3.77632e-06  3.69059e-06  3.58006e-06  3.41801e-06
5.47000e+03  3.81918e-06  3.74996e-06  3.66512e-06  3.55572e-06  3.39542e-06
5.49000e+03  3.79069e-06  3.72177e-06  3.63729e-06  3.52839e-06  3.36897e-06
5.51000e+03  3.77109e-06  3.70305e-06  3.61963e-06  3.51204e-06  3.35444e-06
5.53000e+03  3.75012e-06  3.68315e-06  3.60115e-06  3.49554e-06  3.34135e-06
5.55000e+03  3.71693e-06  3.64974e-06  3.56739e-06  3.46118e-06  3.30577e-06
5.57000e+03  3.70146e-06  3.63552e-06  3.55479e-06  3.45080e-06  3.29901e-06
5.59000e+03  3.67082e-06  3.60528e-06  3.52508e-06  3.42180e-06  3.27111e-06
5.61000e+03  3.64856e-06  3.58345e-06  3.50373e-06  3.40101e-06  3.25113e-06
5.63000e+03  3.62449e-06  3.55993e-06  3.48088e-06  3.37901e-06  3.23031e-06
5.65000e+03  3.60585e-06  3.54223e-06  3.46438e-06  3.36410e-06  3.21788e-06
5.67000e+03  3.58322e-06  3.52018e-06  3.44303e-06  3.34362e-06  3.19865e-06
5.69000e+03  3.55525e-06  3.49246e-06  3.41559e-06  3.31646e-06  3.17179e-06
5.71000e+03  3.53565e-06  3.47396e-06  3.39852e-06  3.30133e-06  3.15981e-06
5.73000e+03  3.51357e-06  3.45224e-06  3.37720e-06  3.28051e-06  3.13962e-06
5.75000e+03  3.49043e-06  3.42956e-06  3.35512e-06  3.25923e-06  3.11967e-06
5.77000e+03  3.46881e-06  3.40854e-06  3.33484e-06  3.23986e-06  3.10148e-06
5.79000e+03  3.44777e-06  3.38819e-06  3.31539e-06  3.22166e-06  3.08538e-06
5.81000e+03  3.42487e-06  3.36569e-06  3.29332e-06  3.20008e-06  3.06427e-06
5.83000e+03  3.40329e-06  3.34469e-06  3.27305e-06  3.18078e-06  3.04648e-06
5.85000e+03  3.38359e-06  3.32566e-06  3.25488e-06  3.16373e-06  3.03116e-06
5.87000e+03  3.36031e-06  3.30279e-06  3.23247e-06  3.14188e-06  3.01000e-06
5.89000e+03  3.33790e-06  3.28127e-06  3.21195e-06  3.12254e-06  2.99241e-06
5.91000e+03  3.30222e-06  3.24959e-06  3.18481e-06  3.10051e-06  2.97705e-06
5.93000e+03  3.29747e-06  3.24177e-06  3.17363e-06  3.08582e-06  2.95809e-06
5.95000e+03  3.27394e-06  3.21882e-06  3.15156e-06  3.06499e-06  2.93929e-06
5.97000e+03  3.25681e-06  3.20212e-06  3.13539e-06  3.04951e-06  2.92481e-06
5.99000e+03  3.23702e-06  3.18264e-06  3.11633e-06  3.03106e-06  2.90735e-06
6.01000e+03  3.21685e-06  3.16298e-06  3.09733e-06  3.01294e-06  2.89063e-06
6.03000e+03  3.19670e-06  3.14323e-06  3.07805e-06  2.99428e-06  2.87285e-06
6.05000e+03  3.17636e-06  3.12328e-06  3.05858e-06  2.97540e-06  2.85476e-06
6.07000e+03  3.15642e-06  3.10382e-06  3.03973e-06  2.95736e-06  2.83799e-06
6.09000e+03  3.13646e-06  3.08436e-06  3.02093e-06  2.93943e-06  2.82146e-06
6.11000e+03  3.11564e-06  3.06396e-06  3.00104e-06  2.92022e-06  2.80327e-06
6.13000e+03  3.09848e-06  3.04725e-06  2.98490e-06  2.90483e-06  2.78901e-06
6.15000e+03  3.07982e-06  3.02903e-06  2.96721e-06  2.88783e-06  2.77307e-06
6.17000e+03  3.06099e-06  3.01064e-06  2.94939e-06  2.87077e-06  2.75718e-06
6.19000e+03  3.04253e-06  2.99263e-06  2.93195e-06  2.85411e-06  2.74174e-06
6.21000e+03  3.02374e-06  2.97424e-06  2.91405e-06  2.83685e-06  2.72545e-06
6.23000e+03  3.00315e-06  2.95409e-06  2.89448e-06  2.81807e-06  2.70798e-06
6.25000e+03  2.98522e-06  2.93652e-06  2.87731e-06  2.80138e-06  2.69188e-06
6.27000e+03  2.96756e-06  2.91933e-06  2.86069e-06  2.78547e-06  2.67702e-06
6.29000e+03  2.94751e-06  2.90011e-06  2.84251e-06  2.76862e-06  2.66217e-06
6.31000e+03  2.93154e-06  2.88413e-06  2.82652e-06  2.75263e-06  2.64620e-06
6.33000e+03  2.91547e-06  2.86837e-06  2.81116e-06  2.73786e-06  2.63242e-06
6.35000e+03  2.89748e-06  2.85068e-06  2.79385e-06  2.72103e-06  2.61626e-06
6.37000e+03  2.88008e-06  2.83371e-06  2.77745e-06  2.70542e-06  2.60195e-06
6.39000e+03  2.86254e-06  2.81646e-06  2.76053e-06  2.68889e-06  2.58591e-06
6.42000e+03  2.83751e-06  2.79201e-06  2.73681e-06  2.66614e-06  2.56468e-06
6.46000e+03  2.80333e-06  2.75853e-06  2.70420e-06  2.63466e-06  2.53491e-06
6.50000e+03  2.76983e-06  2.72573e-06  2.67229e-06  2.60392e-06  2.50595e-06
6.54000e+03  2.73831e-06  2.69486e-06  2.64221e-06  2.57485e-06  2.47839e-06
6.58000e+03  2.70651e-06  2.66372e-06  2.61190e-06  2.54563e-06  2.45080e-06
6.62000e+03  2.67489e-06  2.63274e-06  2.58169e-06  2.51642e-06  2.42310e-06
6.66000e+03  2.64418e-06  2.60266e-06  2.55239e-06  2.48814e-06  2.39635e-06
6.70000e+03  2.61369e-06  2.57278e-06  2.52328e-06  2.46003e-06  2.36974e-06
6.74000e+03  2.58342e-06  2.54316e-06  2.49443e-06  2.43216e-06  2.34333e-06
6.78000e+03  2.55260e-06  2.51328e-06  2.46568e-06  2.40481e-06  2.31801e-06
6.82000e+03  2.52562e-06  2.48648e-06  2.43914e-06  2.37869e-06  2.29258e-06
6.86000e+03  2.49731e-06  2.45872e-06  2.41208e-06  2.35253e-06  2.26779e-06
6.90000e+03  2.46932e-06  2.43127e-06  2.38530e-06  2.32662e-06  2.24318e-06
6.94000e+03  2.44167e-06  2.40417e-06  2.35886e-06  2.30105e-06  2.21891e-06
6.98000e+03  2.41494e-06  2.37797e-06  2.33331e-06  2.27635e-06  2.19546e-06
7.02000e+03  2.38777e-06  2.35132e-06  2.30731e-06  2.25120e-06  2.17159e-06
7.06000e+03  2.36217e-06  2.32622e-06  2.28282e-06  2.22750e-06  2.14904e-06
7.10000e+03  2.33648e-06  2.30102e-06  2.25823e-06  2.20370e-06  2.12643e-06
7.14000e+03  2.31114e-06  2.27617e-06  2.23399e-06  2.18024e-06  2.10413e-06
7.18000e+03  2.28622e-06  2.25173e-06  2.21013e-06  2.15714e-06  2.08216e-06
7.22000e+03  2.26164e-06  2.22763e-06  2.18662e-06  2.13439e-06  2.06054e-06
7.26000e+03  2.23747e-06  2.20392e-06  2.16347e-06  2.11199e-06  2.03924e-06
7.30000e+03  2.21390e-06  2.18080e-06  2.14089e-06  2.09011e-06  2.01840e-06
7.34000e+03  2.19028e-06  2.15762e-06  2.11827e-06  2.06821e-06  1.99759e-06
7.38000e+03  2.16749e-06  2.13527e-06  2.09645e-06  2.04706e-06  1.97744e-06
7.42000e+03  2.14464e-06  2.11286e-06  2.07458e-06  2.02589e-06  1.95728e-06
7.46000e+03  2.11384e-06  2.08427e-06  2.04848e-06  2.00269e-06  1.93825e-06
7.50000e+03  2.09294e-06  2.06366e-06  2.02825e-06  1.98297e-06  1.91934e-06
7.54000e+03  2.07867e-06  2.04817e-06  2.01143e-06  1.96473e-06  1.89907e-06
7.58000e+03  2.05758e-06  2.02742e-06  1.99112e-06  1.94501e-06  1.88023e-06
7.62000e+03  2.03658e-06  2.00680e-06  1.97098e-06  1.92548e-06  1.86161e-06
7.66000e+03  2.01596e-06  1.98655e-06  1.95119e-06  1.90629e-06  1.84329e-06
7.70000e+03  1.99546e-06  1.96643e-06  1.93152e-06  1.88721e-06  1.82509e-06
7.74000e+03  1.97551e-06  1.94685e-06  1.91239e-06  1.86865e-06  1.80735e-06
7.78000e+03  1.95564e-06  1.92736e-06  1.89338e-06  1.85025e-06  1.78986e-06
7.82000e+03  1.93629e-06  1.90835e-06  1.87476e-06  1.83215e-06  1.77251e-06
7.86000e+03  1.91712e-06  1.88951e-06  1.85635e-06  1.81428e-06  1.75544e-06
7.90000e+03  1.89822e-06  1.87096e-06  1.83822e-06  1.79670e-06  1.73867e-06
7.94000e+03  1.87959e-06  1.85267e-06  1.82034e-06  1.77935e-06  1.72211e-06
7.98000e+03  1.86124e-06  1.83466e-06  1.80274e-06  1.76228e-06  1.70583e-06
8.02000e+03  1.84309e-06  1.81683e-06  1.78531e-06  1.74538e-06  1.68972e-06
8.06000e+03  1.82519e-06  1.79925e-06  1.76813e-06  1.72872e-06  1.67383e-06
8.10000e+03  1.80779e-06  1.78217e-06  1.75144e-06  1.71252e-06  1.65838e-06
8.14000e+03  1.79003e-06  1.76477e-06  1.73447e-06  1.69613e-06  1.64288e-06
8.18000e+03  1.77324e-06  1.74826e-06  1.71831e-06  1.68042e-06  1.62781e-06
8.22000e+03  1.75660e-06  1.73190e-06  1.70229e-06  1.66485e-06  1.61290e-06
8.26000e+03  1.73999e-06  1.71558e-06  1.68634e-06  1.64937e-06  1.59812e-06
8.30000e+03  1.72363e-06  1.69951e-06  1.67062e-06  1.63411e-06  1.58354e-06
8.34000e+03  1.70734e-06  1.68351e-06  1.65497e-06  1.61892e-06  1.56904e-06
8.38000e+03  1.69150e-06  1.66795e-06  1.63975e-06  1.60414e-06  1.55490e-06
8.42000e+03  1.67588e-06  1.65260e-06  1.62474e-06  1.58956e-06  1.54096e-06
8.46000e+03  1.66040e-06  1.63740e-06  1.60987e-06  1.57512e-06  1.52716e-06
8.50000e+03  1.64513e-06  1.62239e-06  1.59519e-06  1.56086e-06  1.51350e-06
8.54000e+03  1.63007e-06  1.60759e-06  1.58071e-06  1.54681e-06  1.50007e-06
8.58000e+03  1.61521e-06  1.59299e-06  1.56643e-06  1.53293e-06  1.48680e-06
8.62000e+03  1.60052e-06  1.57857e-06  1.55232e-06  1.51923e-06  1.47370e-06
8.66000e+03  1.58578e-06  1.56414e-06  1.53829e-06  1.50570e-06  1.46094e-06
8.70000e+03  1.57182e-06  1.55037e-06  1.52474e-06  1.49243e-06  1.44806e-06
8.74000e+03  1.55688e-06  1.53589e-06  1.51079e-06  1.47916e-06  1.43581e-06
8.78000e+03  1.54296e-06  1.52221e-06  1.49740e-06  1.46616e-06  1.42337e-06
8.82000e+03  1.53006e-06  1.50932e-06  1.48456e-06  1.45339e-06  1.41070e-06
8.86000e+03  1.51641e-06  1.49591e-06  1.47144e-06  1.44066e-06  1.39854e-06
8.90000e+03  1.50309e-06  1.48281e-06  1.45862e-06  1.42820e-06  1.38661e-06
8.94000e+03  1.49005e-06  1.47000e-06  1.44608e-06  1.41600e-06  1.37492e-06
8.98000e+03  1.47690e-06  1.45707e-06  1.43342e-06  1.40371e-06  1.36318e-06
9.02000e+03  1.46421e-06  1.44459e-06  1.42121e-06  1.39183e-06  1.35180e-06
9.06000e+03  1.45162e-06  1.43222e-06  1.40910e-06  1.38006e-06  1.34052e-06
9.10000e+03  1.43893e-06  1.41975e-06  1.39689e-06  1.36819e-06  1.32916e-06
9.14000e+03  1.42646e-06  1.40748e-06  1.38487e-06  1.35650e-06  1.31795e-06
9.18000e+03  1.41445e-06  1.39568e-06  1.37332e-06  1.34527e-06  1.30720e-06
9.22000e+03  1.40243e-06  1.38386e-06  1.36174e-06  1.33401e-06  1.29640e-06
9.26000e+03  1.39050e-06  1.37212e-06  1.35025e-06  1.32284e-06  1.28570e-06
9.30000e+03  1.37891e-06  1.36073e-06  1.33911e-06  1.31201e-06  1.27534e-06
9.34000e+03  1.36711e-06  1.34912e-06  1.32773e-06  1.30092e-06  1.26469e-06
9.38000e+03  1.35523e-06  1.33752e-06  1.31647e-06  1.29011e-06  1.25459e-06
9.42000e+03  1.34452e-06  1.32694e-06  1.30603e-06  1.27986e-06  1.24454e-06
9.46000e+03  1.33307e-06  1.31564e-06  1.29492e-06  1.26900e-06  1.23406e-06
9.50000e+03  1.32236e-06  1.30513e-06  1.28466e-06  1.25905e-06  1.22457e-06
9.54000e+03  1.31144e-06  1.29439e-06  1.27414e-06  1.24883e-06  1.21479e-06
9.58000e+03  1.30031e-06  1.28342e-06  1.26335e-06  1.23828e-06  1.20459e-06
9.62000e+03  1.29003e-06  1.27334e-06  1.25351e-06  1.22876e-06  1.19553e-06
9.66000e+03  1.27901e-06  1.26246e-06  1.24281e-06  1.21828e-06  1.18538e-06
9.70000e+03  1.26914e-06  1.25278e-06  1.23337e-06  1.20914e-06  1.17669e-06
9.74000e+03  1.25867e-06  1.24248e-06  1.22328e-06  1.19933e-06  1.16729e-06
9.78000e+03  1.24807e-06  1.23202e-06  1.21298e-06  1.18924e-06  1.15751e-06
9.82000e+03  1.23876e-06  1.22290e-06  1.20409e-06  1.18065e-06  1.14935e-06
9.86000e+03  1.22884e-06  1.21315e-06  1.19454e-06  1.17135e-06  1.14042e-06
9.90000e+03  1.21882e-06  1.20326e-06  1.18483e-06  1.16186e-06  1.13125e-06
9.94000e+03  1.20897e-06  1.19357e-06  1.17532e-06  1.15260e-06  1.12235e-06
9.98000e+03  1.19995e-06  1.18472e-06  1.16669e-06  1.14424e-06  1.11438e-06
1.00200e+04  1.19052e-06  1.17545e-06  1.15759e-06  1.13538e-06  1.10588e-06
2.00000e+04  3.00325e-07  2.97911e-07  2.95290e-07  2.92418e-07  2.89771e-07
4.00000e+04  7.48974e-08  7.46146e-08  7.43705e-08  7.41930e-08  7.43255e-08
6.00000e+04  3.32900e-08  3.32145e-08  3.31655e-08  3.31538e-08  3.32904e-08
8.00000e+04  1.87243e-08  1.86899e-08  1.86712e-08  1.86727e-08  1.87591e-08
1.00000e+05  1.19742e-08  1.19521e-08  1.19402e-08  1.19408e-08  1.19983e-08
1.20000e+05  8.30384e-09  8.28693e-09  8.27760e-09  8.27720e-09  8.31852e-09
1.40000e+05  6.08971e-09  6.07583e-09  6.06815e-09  6.06746e-09  6.09883e-09
1.60000e+05  4.65285e-09  4.64109e-09  4.63473e-09  4.63413e-09  4.65882e-09
