9.09000e+00  1.00000e-38  1.00000e-38  1.00000e-38  1.00000e-38  1.00000e-38
9.35000e+00  1.00000e-38  1.00000e-38  1.00000e-38  1.00000e-38  1.00000e-38
9.61000e+00  1.00000e-38  1.00000e-38  1.00000e-38  1.00000e-38  1.00000e-38
9.77000e+00  1.00000e-38  1.00000e-38  1.00000e-38  1.00000e-38  1.00000e-38
9.96000e+00  1.00000e-38  1.00000e-38  1.00000e-38  1.00000e-38  1.00000e-38
1.02000e+01  1.00000e-38  1.00000e-38  1.00000e-38  1.00000e-38  1.00000e-38
1.03800e+01  1.00000e-38  1.00000e-38  1.00000e-38  1.00000e-38  1.00000e-38
1.05600e+01  1.00000e-38  1.00000e-38  1.00000e-38  1.00000e-38  1.00000e-38
1.07700e+01  1.00000e-38  1.00000e-38  1.00000e-38  1.00000e-38  1.00000e-38
1.10400e+01  1.00000e-38  1.00000e-38  1.00000e-38  1.00000e-38  1.00000e-38
1.14000e+01  1.00000e-38  1.00000e-38  1.00000e-38  1.00000e-38  1.00000e-38
1.17800e+01  1.00000e-38  1.00000e-38  1.00000e-38  1.00000e-38  1.00000e-38
1.21300e+01  1.00000e-38  1.00000e-38  1.00000e-38  1.00000e-38  1.00000e-38
1.24800e+01  1.00000e-38  1.00000e-38  1.00000e-38  1.00000e-38  1.00000e-38
1.27100e+01  1.00000e-38  1.00000e-38  1.00000e-38  1.00000e-38  1.00000e-38
1.28400e+01  1.00000e-38  1.00000e-38  1.00000e-38  1.00000e-38  1.00000e-38
1.30500e+01  1.00000e-38  1.00000e-38  1.00000e-38  1.00000e-38  1.00000e-38
1.32400e+01  1.00000e-38  1.00000e-38  1.00000e-38  1.00000e-38  1.00000e-38
1.33900e+01  1.00000e-38  1.00000e-38  1.00000e-38  1.00000e-38  1.00000e-38
1.36600e+01  1.00000e-38  1.00000e-38  1.00000e-38  1.00000e-38  1.00000e-38
1.39800e+01  1.00000e-38  1.00000e-38  1.00000e-38  1.00000e-38  1.00000e-38
1.43300e+01  1.00000e-38  1.00000e-38  1.00000e-38  1.00000e-38  1.00000e-38
1.47200e+01  1.00000e-38  1.00000e-38  1.00000e-38  1.00000e-38  1.00000e-38
1.51000e+01  1.00000e-38  1.00000e-38  1.00000e-38  1.00000e-38  1.00000e-38
1.55200e+01  1.00000e-38  1.00000e-38  1.00000e-38  1.00000e-38  1.00000e-38
1.58800e+01  1.00000e-38  1.00000e-38  1.00000e-38  1.00000e-38  1.00000e-38
1.62000e+01  1.00000e-38  1.00000e-38  1.00000e-38  1.00000e-38  1.00000e-38
1.66000e+01  1.00000e-38  1.00000e-38  1.00000e-38  1.00000e-38  1.00000e-38
1.70300e+01  1.00000e-38  1.00000e-38  1.00000e-38  1.00000e-38  1.00000e-38
1.73400e+01  1.00000e-38  1.00000e-38  1.00000e-38  1.00000e-38  1.00000e-38
1.76800e+01  1.00000e-38  1.00000e-38  1.00000e-38  1.00000e-38  1.00000e-38
1.80200e+01  1.00000e-38  1.00000e-38  1.00000e-38  1.00000e-38  1.00000e-38
1.81700e+01  1.00000e-38  1.00000e-38  1.00000e-38  1.00000e-38  1.00000e-38
1.86100e+01  1.00000e-38  1.00000e-38  1.00000e-38  1.00000e-38  1.00000e-38
1.91000e+01  1.00000e-38  1.00000e-38  1.00000e-38  1.00000e-38  1.00000e-38
1.93900e+01  1.00000e-38  1.00000e-38  1.00000e-38  1.00000e-38  1.00000e-38
1.98400e+01  1.00000e-38  1.00000e-38  1.00000e-38  1.00000e-38  1.00000e-38
2.01800e+01  1.00000e-38  1.00000e-38  1.00000e-38  1.00000e-38  1.00000e-38
2.05000e+01  1.00000e-38  1.00000e-38  1.00000e-38  1.00000e-38  1.00000e-38
2.10500e+01  1.00000e-38  1.00000e-38  1.00000e-38  1.00000e-38  1.00000e-38
2.16200e+01  1.00000e-38  1.00000e-38  1.00000e-38  1.00000e-38  1.00000e-38
2.19800e+01  1.00000e-38  1.00000e-38  1.00000e-38  1.00000e-38  1.00000e-38
2.23000e+01  1.00000e-38  1.00000e-38  1.00000e-38  1.00000e-38  1.00000e-38
2.26800e+01  1.00000e-38  1.00000e-38  1.00000e-38  1.00000e-38  1.00000e-38
2.30000e+01  1.00000e-38  1.00000e-38  1.00000e-38  1.00000e-38  1.00000e-38
2.34000e+01  1.00000e-38  1.00000e-38  1.00000e-38  1.00000e-38  1.00000e-38
2.40000e+01  1.00000e-38  1.00000e-38  1.00000e-38  1.00000e-38  1.00000e-38
2.46500e+01  1.00000e-38  1.00000e-38  1.00000e-38  1.00000e-38  1.00000e-38
2.52400e+01  1.00000e-38  1.00000e-38  1.00000e-38  1.00000e-38  1.00000e-38
2.56800e+01  1.00000e-38  1.00000e-38  1.00000e-38  1.00000e-38  1.00000e-38
2.60000e+01  1.00000e-38  1.00000e-38  1.00000e-38  1.00000e-38  1.00000e-38
2.64000e+01  1.00000e-38  1.00000e-38  1.00000e-38  1.00000e-38  1.00000e-38
2.68500e+01  1.00000e-38  1.00000e-38  1.00000e-38  1.00000e-38  1.00000e-38
2.73500e+01  1.00000e-38  1.00000e-38  1.00000e-38  1.00000e-38  1.00000e-38
2.78500e+01  1.00000e-38  1.00000e-38  1.00000e-38  1.00000e-38  1.00000e-38
2.84000e+01  1.00000e-38  1.00000e-38  1.00000e-38  1.00000e-38  1.00000e-38
2.90000e+01  1.00000e-38  1.00000e-38  1.00000e-38  1.00000e-38  1.00000e-38
2.96000e+01  1.00001e-38  1.00000e-38  1.00000e-38  1.00000e-38  1.00000e-38
3.01000e+01  1.00005e-38  1.00000e-38  1.00000e-38  1.00000e-38  1.00000e-38
3.08000e+01  1.00033e-38  1.00001e-38  1.00001e-38  1.00000e-38  1.00001e-38
3.18000e+01  1.00462e-38  1.00018e-38  1.00016e-38  1.00010e-38  1.00027e-38
3.28000e+01  1.05316e-38  1.00259e-38  1.00229e-38  1.00151e-38  1.00330e-38
3.38000e+01  1.52776e-38  1.02920e-38  1.02508e-38  1.01665e-38  1.03271e-38
3.48000e+01  5.58544e-38  1.28244e-38  1.23670e-38  1.15718e-38  1.28271e-38
3.57000e+01  2.99404e-37  2.94807e-38  2.60493e-38  2.06165e-38  2.77846e-38
3.66000e+01  1.67750e-36  1.32030e-37  1.09294e-37  7.54525e-38  1.12881e-37
3.75000e+01  8.83837e-36  7.09884e-37  5.73957e-37  3.79939e-37  5.60130e-37
3.85000e+01  5.13430e-35  4.43329e-36  3.54789e-36  2.32201e-36  3.25193e-36
3.95000e+01  2.72905e-34  2.54675e-35  2.02637e-35  1.31924e-35  1.76184e-35
4.05000e+01  1.33566e-33  1.34262e-34  1.06519e-34  6.91094e-35  8.83407e-35
4.14000e+01  5.22219e-33  5.59495e-34  4.43245e-34  2.87111e-34  3.54259e-34
4.22000e+01  1.67106e-32  1.88988e-33  1.49699e-33  9.68036e-34  1.16441e-33
4.30000e+01  5.12087e-32  6.10004e-33  4.83208e-33  3.12311e-33  3.66479e-33
4.41000e+01  2.23439e-31  2.84763e-32  2.25984e-32  1.45968e-32  1.66341e-32
4.51000e+01  8.01296e-31  1.08243e-31  8.60682e-32  5.56123e-32  6.19801e-32
4.60000e+01  2.41190e-30  3.42426e-31  2.72924e-31  1.76501e-31  1.93079e-31
4.70000e+01  7.80923e-30  1.16875e-30  9.34608e-31  6.05222e-31  6.50658e-31
4.80000e+01  2.40838e-29  3.78804e-30  3.04061e-30  1.97262e-30  2.08836e-30
4.90000e+01  7.09341e-29  1.17003e-29  9.42720e-30  6.13114e-30  6.40277e-30
5.00000e+01  2.00147e-28  3.45327e-29  2.79453e-29  1.82162e-29  1.88034e-29
5.06000e+01  3.65705e-28  6.41761e-29  5.31884e-29  3.59913e-29  3.91384e-29
5.12000e+01  6.58808e-28  1.18158e-28  9.88384e-29  6.78548e-29  7.44727e-29
5.20000e+01  1.41438e-27  2.62225e-28  2.19561e-28  1.50590e-28  1.62955e-28
5.30000e+01  3.55822e-27  6.86226e-28  5.75831e-28  3.95223e-28  4.21536e-28
5.40000e+01  8.65319e-27  1.73367e-27  1.45729e-27  9.99121e-28  1.04884e-27
5.50000e+01  2.03778e-26  4.23176e-27  3.56851e-27  2.44862e-27  2.54076e-27
5.60000e+01  4.65545e-26  1.00051e-26  8.46297e-27  5.81119e-27  5.96120e-27
5.70000e+01  1.03338e-25  2.29482e-26  1.94730e-26  1.33863e-26  1.35915e-26
5.80000e+01  2.23223e-25  5.11553e-26  4.35620e-26  2.99504e-26  3.01165e-26
5.90000e+01  4.69819e-25  1.10912e-25  9.48472e-26  6.53591e-26  6.52315e-26
6.00000e+01  9.64797e-25  2.34362e-25  2.01194e-25  1.38905e-25  1.37578e-25
6.10000e+01  1.93578e-24  4.83149e-25  4.16570e-25  2.88138e-25  2.83531e-25
6.20000e+01  3.79791e-24  9.73113e-25  8.42599e-25  5.83998e-25  5.71069e-25
6.30000e+01  7.29710e-24  1.91637e-24  1.66682e-24  1.15787e-24  1.12584e-24
6.40000e+01  1.37362e-23  3.69493e-24  3.22825e-24  2.24772e-24  2.17443e-24
6.50000e+01  2.53645e-23  6.98162e-24  6.12838e-24  4.27772e-24  4.11829e-24
6.58000e+01  4.08872e-23  1.14539e-23  1.00915e-23  7.05875e-24  6.77043e-24
6.65000e+01  6.15167e-23  1.74934e-23  1.54614e-23  1.08341e-23  1.03592e-23
6.75000e+01  1.08663e-22  3.15466e-23  2.80136e-23  1.96825e-23  1.87487e-23
6.85000e+01  1.88833e-22  5.59173e-23  4.98742e-23  3.51404e-23  3.33645e-23
6.95000e+01  3.23017e-22  9.75018e-23  8.73690e-23  6.17337e-23  5.84075e-23
7.05000e+01  5.44356e-22  1.67347e-22  1.50654e-22  1.06739e-22  1.00641e-22
7.16000e+01  9.50519e-22  2.97942e-22  2.69617e-22  1.91697e-22  1.80217e-22
7.26000e+01  1.55520e-21  4.95770e-22  4.50754e-22  3.21437e-22  3.01339e-22
7.35000e+01  2.39495e-21  7.74846e-22  7.07429e-22  5.05832e-22  4.73020e-22
7.45000e+01  3.82329e-21  1.25675e-21  1.15264e-21  8.26586e-22  7.70966e-22
7.55000e+01  6.02950e-21  2.01256e-21  1.85401e-21  1.33370e-21  1.24098e-21
7.65000e+01  9.39753e-21  3.18353e-21  2.94614e-21  2.12584e-21  1.97350e-21
7.75000e+01  1.44833e-20  4.97722e-21  4.62665e-21  3.34883e-21  3.10189e-21
7.85000e+01  2.20817e-20  7.69456e-21  7.18408e-21  5.21620e-21  4.82150e-21
7.95000e+01  3.33161e-20  1.17660e-20  1.10290e-20  8.03391e-21  7.41194e-21
8.05000e+01  4.97657e-20  1.78074e-20  1.67635e-20  1.22475e-20  1.12778e-20
8.15000e+01  7.36200e-20  2.66776e-20  2.52105e-20  1.84857e-20  1.69931e-20
8.25000e+01  1.07896e-19  3.95758e-20  3.75633e-20  2.76295e-20  2.53501e-20
8.35000e+01  1.56744e-19  5.81558e-20  5.54506e-20  4.09259e-20  3.74743e-20
8.45000e+01  2.25703e-19  8.47320e-20  8.11163e-20  6.00559e-20  5.49249e-20
8.55000e+01  3.22331e-19  1.22392e-19  1.17581e-19  8.73157e-20  7.97847e-20
8.65000e+01  4.56623e-19  1.75329e-19  1.69084e-19  1.25957e-19  1.14921e-19
8.75000e+01  6.41877e-19  2.49130e-19  2.41157e-19  1.80194e-19  1.64171e-19
8.85000e+01  8.95501e-19  3.51292e-19  3.41277e-19  2.55828e-19  2.32739e-19
8.95000e+01  1.24032e-18  4.91537e-19  4.79357e-19  3.60333e-19  3.27563e-19
9.05000e+01  1.70598e-18  6.82912e-19  6.68274e-19  5.03907e-19  4.58056e-19
9.15000e+01  7.64982e-18  2.94457e-18  3.33636e-18  3.39944e-18  3.66265e-18
9.25000e+01  1.81390e-17  7.07578e-18  8.12314e-18  8.58399e-18  9.31070e-18
9.35000e+01  2.30373e-17  9.20352e-18  1.05045e-17  1.10385e-17  1.17735e-17
9.45000e+01  3.12500e-17  1.26213e-17  1.44594e-17  1.52360e-17  1.62942e-17
9.55000e+01  4.11698e-17  1.67731e-17  1.91002e-17  2.00040e-17  2.12055e-17
9.65000e+01  5.48878e-17  2.25223e-17  2.56027e-17  2.68232e-17  2.87380e-17
9.75000e+01  7.02344e-17  2.92692e-17  3.32624e-17  3.47288e-17  3.69308e-17
9.85000e+01  9.12849e-17  3.81845e-17  4.31881e-17  4.49682e-17  4.77738e-17
9.95000e+01  1.19466e-16  5.05048e-17  5.71049e-17  5.94166e-17  6.28540e-17
1.00500e+02  1.55683e-16  6.65474e-17  7.50653e-17  7.79897e-17  8.17339e-17
1.01500e+02  1.98946e-16  8.57494e-17  9.63599e-17  1.00032e-16  1.05024e-16
1.02500e+02  2.49106e-16  1.09212e-16  1.22865e-16  1.27172e-16  1.33155e-16
1.03500e+02  3.29521e-16  1.45657e-16  1.63521e-16  1.69162e-16  1.78154e-16
1.04500e+02  4.24421e-16  1.87391e-16  2.09971e-16  2.17249e-16  2.27521e-16
1.05500e+02  5.13050e-16  2.32401e-16  2.59543e-16  2.66915e-16  2.75837e-16
1.06500e+02  6.60466e-16  2.98814e-16  3.33615e-16  3.43622e-16  3.55499e-16
1.07500e+02  8.21455e-16  3.75399e-16  4.17270e-16  4.27455e-16  4.37107e-16
1.08500e+02  1.02678e-15  4.71164e-16  5.21785e-16  5.31944e-16  5.38851e-16
1.09500e+02  1.22539e-15  5.72696e-16  6.31346e-16  6.38746e-16  6.44119e-16
1.10500e+02  1.59950e-15  7.75034e-16  6.60915e-16  5.48284e-16  4.50022e-16
1.11500e+02  2.84778e-15  1.47312e-15  8.17049e-16  4.20800e-16  2.26676e-16
1.12500e+02  3.91341e-15  2.03394e-15  1.08257e-15  5.34121e-16  2.97270e-16
1.13500e+02  5.07568e-15  2.64228e-15  1.33008e-15  5.82003e-16  2.58118e-16
1.14500e+02  6.10761e-15  3.19688e-15  1.59212e-15  6.79954e-16  2.79582e-16
1.15500e+02  6.91449e-15  3.60085e-15  1.89981e-15  9.17142e-16  4.85965e-16
1.16500e+02  8.52784e-15  4.43954e-15  2.16305e-15  8.75550e-16  3.23675e-16
1.17500e+02  1.01213e-14  5.24500e-15  2.52557e-15  1.01872e-15  3.48531e-16
1.18500e+02  1.11247e-14  5.78734e-15  2.93542e-15  1.30927e-15  5.60266e-16
1.19500e+02  1.00071e-14  5.15702e-15  3.34297e-15  2.08223e-15  1.35727e-15
1.20500e+02  1.08912e-14  5.66065e-15  3.41362e-15  1.83417e-15  9.11289e-16
1.21500e+02  7.43829e-15  3.67319e-15  3.40536e-15  2.89976e-15  2.57284e-15
1.22500e+02  1.38688e-14  7.12620e-15  4.47423e-15  2.55760e-15  1.35783e-15
1.23500e+02  2.02886e-14  1.04980e-14  5.50509e-15  2.53544e-15  1.08772e-15
1.24500e+02  2.84944e-14  1.34623e-14  5.97586e-15  2.30932e-15  8.83690e-16
1.25500e+02  3.66402e-14  1.56702e-14  6.30458e-15  2.16084e-15  7.55867e-16
1.26500e+02  3.82739e-14  1.69291e-14  7.88931e-15  3.60162e-15  1.99316e-15
1.27500e+02  4.61871e-14  1.98894e-14  8.79980e-15  3.78152e-15  2.05241e-15
1.28500e+02  5.03406e-14  2.09481e-14  8.51692e-15  3.15991e-15  1.40058e-15
1.29500e+02  5.79073e-14  2.38937e-14  9.37359e-15  3.23660e-15  1.21380e-15
1.30500e+02  5.83298e-14  2.47181e-14  1.05750e-14  4.37077e-15  2.19705e-15
1.31500e+02  7.05712e-14  2.92100e-14  1.20597e-14  4.67998e-15  2.12649e-15
1.32500e+02  7.27790e-14  2.95395e-14  1.21617e-14  4.77870e-15  2.23306e-15
1.33500e+02  7.83752e-14  3.18188e-14  1.31013e-14  5.27788e-15  2.65336e-15
1.34500e+02  8.79551e-14  3.54379e-14  1.44936e-14  5.71042e-15  2.62776e-15
1.35500e+02  1.00778e-13  4.15982e-14  1.79280e-14  7.75639e-15  4.19918e-15
1.36500e+02  1.05365e-13  4.28712e-14  1.81887e-14  7.65066e-15  3.88405e-15
1.37500e+02  1.13816e-13  4.63802e-14  2.00062e-14  8.61686e-15  4.51106e-15
1.38500e+02  1.22395e-13  5.01736e-14  2.18993e-14  9.56002e-15  5.10984e-15
1.39500e+02  1.33123e-13  5.45241e-14  2.39633e-14  1.07124e-14  5.84093e-15
1.40500e+02  1.59515e-13  6.64526e-14  2.98020e-14  1.34848e-14  7.42666e-15
1.41500e+02  1.76524e-13  7.44369e-14  3.40855e-14  1.57956e-14  8.91822e-15
1.42500e+02  1.98424e-13  8.39774e-14  3.86871e-14  1.82369e-14  1.03864e-14
1.43500e+02  2.26929e-13  9.73895e-14  4.59339e-14  2.21350e-14  1.29001e-14
1.44200e+02  2.75909e-13  1.19945e-13  5.55577e-14  2.55113e-14  1.39532e-14
1.44700e+02  2.55788e-13  1.09689e-13  5.16173e-14  2.47219e-14  1.43053e-14
1.45500e+02  2.91127e-13  1.25753e-13  5.91566e-14  2.82146e-14  1.62373e-14
1.46500e+02  3.42243e-13  1.51775e-13  7.29851e-14  3.57652e-14  2.12098e-14
1.47500e+02  3.34506e-13  1.45870e-13  7.16351e-14  3.63107e-14  2.22549e-14
1.48500e+02  3.92747e-13  1.73569e-13  8.53914e-14  4.34082e-14  2.65201e-14
1.49500e+02  4.93780e-13  2.21940e-13  1.08152e-13  5.33116e-14  3.10426e-14
1.50500e+02  5.84238e-13  2.66388e-13  1.30252e-13  6.39934e-14  3.64571e-14
1.51200e+02  4.85176e-13  2.13449e-13  1.07039e-13  5.66220e-14  3.60451e-14
1.51700e+02  6.58338e-13  3.00994e-13  1.47671e-13  7.25574e-14  4.19334e-14
1.52500e+02  1.36737e-12  6.77482e-13  3.21210e-13  1.32367e-13  5.63576e-14
1.53500e+02  1.00983e-11  6.89339e-12  4.17649e-12  1.90527e-12  3.55315e-13
1.54500e+02  1.05705e-11  7.28561e-12  4.56215e-12  2.17647e-12  4.10464e-13
1.55500e+02  1.71902e-11  1.22214e-11  7.85384e-12  3.85017e-12  7.26287e-13
1.56500e+02  1.65162e-11  1.17148e-11  7.49072e-12  3.64894e-12  6.97226e-13
1.57500e+02  3.04518e-11  2.26210e-11  1.55020e-11  8.45377e-12  2.01974e-12
1.58500e+02  3.66619e-11  2.72693e-11  1.86520e-11  1.01078e-11  2.32799e-12
1.59500e+02  4.10445e-11  3.04878e-11  2.07775e-11  1.11546e-11  2.46682e-12
1.60500e+02  4.53679e-11  3.36405e-11  2.27567e-11  1.20529e-11  2.58216e-12
1.61500e+02  4.91344e-11  3.62690e-11  2.42654e-11  1.26108e-11  2.59490e-12
1.62500e+02  5.41442e-11  4.02257e-11  2.70657e-11  1.41418e-11  2.88957e-12
1.63500e+02  6.51817e-11  4.86556e-11  3.32259e-11  1.79157e-11  4.09538e-12
1.64500e+02  8.89786e-11  6.70038e-11  4.64635e-11  2.55927e-11  6.01639e-12
1.65500e+02  6.20293e-11  4.63885e-11  3.15776e-11  1.70132e-11  4.03782e-12
1.66500e+02  1.03541e-10  7.85346e-11  5.49202e-11  3.06074e-11  7.35458e-12
1.67200e+02  7.42595e-11  5.56783e-11  3.80070e-11  2.05424e-11  4.84075e-12
1.67700e+02  1.11052e-10  8.45808e-11  5.98584e-11  3.41697e-11  8.82136e-12
1.68500e+02  1.72367e-10  1.31965e-10  9.64775e-11  5.86468e-11  1.75871e-11
1.69500e+02  2.55739e-10  1.95508e-10  1.46154e-10  9.40226e-11  3.38516e-11
1.70500e+02  3.21095e-10  2.35495e-10  1.73430e-10  1.10896e-10  4.13840e-11
1.71500e+02  3.52373e-10  2.40986e-10  1.74358e-10  1.10736e-10  4.31422e-11
1.72500e+02  4.44922e-10  3.08636e-10  2.26466e-10  1.46478e-10  5.88216e-11
1.73500e+02  5.23329e-10  3.54604e-10  2.58827e-10  1.67250e-10  6.78566e-11
1.74500e+02  6.53235e-10  4.59002e-10  3.39771e-10  2.23055e-10  9.23675e-11
1.75500e+02  8.25540e-10  5.65761e-10  4.14417e-10  2.69737e-10  1.11030e-10
1.76500e+02  7.48257e-10  5.43820e-10  4.07283e-10  2.70737e-10  1.14175e-10
1.77500e+02  8.43804e-10  5.88612e-10  4.31174e-10  2.78574e-10  1.12056e-10
1.78500e+02  1.10063e-09  7.87135e-10  5.89346e-10  3.95097e-10  1.74041e-10
1.79500e+02  1.22805e-09  8.38391e-10  6.13081e-10  3.99421e-10  1.66624e-10
1.80500e+02  1.34983e-09  9.79194e-10  7.38680e-10  5.00502e-10  2.26434e-10
1.81500e+02  1.30514e-09  9.31676e-10  6.91663e-10  4.55337e-10  1.91066e-10
1.82500e+02  1.54885e-09  1.14120e-09  8.64561e-10  5.87854e-10  2.67216e-10
1.83500e+02  1.63357e-09  1.19961e-09  8.99474e-10  6.01120e-10  2.60663e-10
1.84500e+02  1.40171e-09  1.05344e-09  8.03213e-10  5.45297e-10  2.41738e-10
1.85500e+02  1.76365e-09  1.29216e-09  9.67563e-10  6.44196e-10  2.74424e-10
1.86500e+02  2.16458e-09  1.57776e-09  1.19316e-09  8.11600e-10  3.71658e-10
1.87500e+02  2.28326e-09  1.67640e-09  1.26348e-09  8.53793e-10  3.83135e-10
1.88500e+02  2.49662e-09  1.84129e-09  1.39570e-09  9.51178e-10  4.36293e-10
1.89500e+02  3.05097e-09  2.26589e-09  1.72475e-09  1.18397e-09  5.52131e-10
1.90500e+02  3.00479e-09  2.24522e-09  1.71006e-09  1.17137e-09  5.42190e-10
1.91500e+02  3.42025e-09  2.57930e-09  1.98382e-09  1.37792e-09  6.54619e-10
1.92500e+02  3.39690e-09  2.59490e-09  1.99390e-09  1.37237e-09  6.23260e-10
1.93500e+02  2.42292e-09  1.90849e-09  1.46225e-09  9.75264e-10  3.79489e-10
1.94500e+02  4.25597e-09  3.22859e-09  2.47820e-09  1.71470e-09  8.07965e-10
1.95500e+02  4.67436e-09  3.57263e-09  2.77307e-09  1.95267e-09  9.58790e-10
1.96700e+02  5.63211e-09  4.28964e-09  3.31184e-09  2.31740e-09  1.12891e-09
1.97600e+02  5.70206e-09  4.38417e-09  3.40990e-09  2.40687e-09  1.18914e-09
1.98400e+02  6.00379e-09  4.67332e-09  3.66481e-09  2.61543e-09  1.32634e-09
1.99500e+02  6.27767e-09  4.85113e-09  3.77210e-09  2.65748e-09  1.30761e-09
2.00500e+02  6.43376e-09  5.02244e-09  3.92726e-09  2.78496e-09  1.39198e-09
2.01500e+02  7.10321e-09  5.57216e-09  4.36406e-09  3.09904e-09  1.54723e-09
2.02500e+02  6.18424e-09  4.84824e-09  3.78661e-09  2.66711e-09  1.29454e-09
2.03500e+02  8.03854e-09  6.28179e-09  4.91529e-09  3.48822e-09  1.73609e-09
2.04500e+02  8.95738e-09  6.97740e-09  5.43712e-09  3.83513e-09  1.88350e-09
2.05500e+02  9.41928e-09  7.41858e-09  5.82547e-09  4.15083e-09  2.08158e-09
2.06500e+02  9.48169e-09  7.47518e-09  5.85531e-09  4.14737e-09  2.03968e-09
2.07400e+02  9.72478e-09  7.61662e-09  5.92885e-09  4.14640e-09  1.93904e-09
2.07800e+02  1.16313e-08  9.06940e-09  7.07516e-09  5.00788e-09  2.49875e-09
2.08500e+02  1.21640e-08  9.60251e-09  7.57209e-09  5.44290e-09  2.82843e-09
2.09500e+02  1.68236e-08  1.30453e-08  1.01430e-08  7.29340e-09  3.97370e-09
2.10500e+02  3.29332e-08  2.17251e-08  1.46007e-08  9.53401e-09  4.94553e-09
2.11500e+02  4.53143e-08  2.81887e-08  1.77723e-08  1.10851e-08  5.58458e-09
2.12500e+02  4.01352e-08  2.52151e-08  1.62270e-08  1.03410e-08  5.27917e-09
2.13500e+02  4.47518e-08  2.84170e-08  1.83612e-08  1.18152e-08  6.25947e-09
2.14500e+02  5.87472e-08  3.53439e-08  2.12744e-08  1.27509e-08  6.23757e-09
2.15500e+02  5.66196e-08  3.45325e-08  2.12523e-08  1.30436e-08  6.56419e-09
2.16500e+02  5.04432e-08  3.19759e-08  2.04376e-08  1.28143e-08  6.42339e-09
2.17500e+02  5.02132e-08  3.23022e-08  2.10694e-08  1.34471e-08  6.84053e-09
2.18500e+02  6.97316e-08  4.17805e-08  2.49470e-08  1.47787e-08  7.07543e-09
2.19500e+02  6.93779e-08  4.32938e-08  2.73140e-08  1.71175e-08  8.80276e-09
2.20500e+02  6.57630e-08  4.16338e-08  2.65636e-08  1.66723e-08  8.41307e-09
2.21500e+02  4.93124e-08  3.32736e-08  2.27570e-08  1.50756e-08  7.91221e-09
2.22500e+02  6.49257e-08  4.22162e-08  2.75367e-08  1.74526e-08  8.73437e-09
2.23500e+02  9.54892e-08  5.98370e-08  3.72268e-08  2.28903e-08  1.17514e-08
2.24500e+02  9.20775e-08  5.88300e-08  3.75283e-08  2.36777e-08  1.25184e-08
2.25500e+02  7.27567e-08  4.92819e-08  3.34421e-08  2.21479e-08  1.21619e-08
2.26500e+02  5.87774e-08  4.08778e-08  2.84417e-08  1.88624e-08  9.79025e-09
2.27500e+02  7.15372e-08  4.95843e-08  3.46089e-08  2.34092e-08  1.29079e-08
2.28500e+02  1.04653e-07  6.82165e-08  4.41761e-08  2.80867e-08  1.49662e-08
2.29500e+02  8.06278e-08  5.64256e-08  3.97794e-08  2.73682e-08  1.57934e-08
2.30500e+02  9.76559e-08  6.34382e-08  4.06915e-08  2.52125e-08  1.24705e-08
2.31500e+02  9.12545e-08  6.33723e-08  4.42704e-08  3.02301e-08  1.73074e-08
2.32500e+02  8.59691e-08  6.15447e-08  4.42710e-08  3.07095e-08  1.74060e-08
2.33500e+02  7.88382e-08  6.03297e-08  4.60396e-08  3.36048e-08  2.04223e-08
2.34500e+02  5.16829e-08  4.18740e-08  3.32224e-08  2.45677e-08  1.44124e-08
2.35500e+02  9.31402e-08  6.76568e-08  4.88060e-08  3.34112e-08  1.81334e-08
2.36500e+02  6.19540e-08  4.98427e-08  3.93233e-08  2.89839e-08  1.69987e-08
2.37500e+02  7.71860e-08  6.02444e-08  4.63479e-08  3.34363e-08  1.91515e-08
2.38500e+02  5.35922e-08  4.51698e-08  3.72285e-08  2.87577e-08  1.81410e-08
2.39500e+02  6.79581e-08  5.58420e-08  4.50023e-08  3.39944e-08  2.08096e-08
2.40500e+02  7.38961e-08  6.15965e-08  5.04732e-08  3.90815e-08  2.53221e-08
2.41500e+02  7.40682e-08  5.98242e-08  4.75942e-08  3.56246e-08  2.15979e-08
2.42500e+02  1.24643e-07  9.20172e-08  6.77715e-08  4.81485e-08  2.85336e-08
2.43500e+02  1.31879e-07  9.90262e-08  7.42522e-08  5.39119e-08  3.33368e-08
2.44500e+02  1.63517e-07  1.20056e-07  8.81244e-08  6.31613e-08  3.92873e-08
2.45500e+02  1.78385e-07  1.29759e-07  9.44969e-08  6.75823e-08  4.23692e-08
2.46500e+02  1.42492e-07  1.07356e-07  8.07083e-08  5.83590e-08  3.51850e-08
2.47500e+02  1.33023e-07  1.02404e-07  7.89572e-08  5.88896e-08  3.75023e-08
2.48500e+02  6.49680e-08  5.34246e-08  4.30326e-08  3.18969e-08  1.79368e-08
2.49500e+02  9.57635e-08  7.55706e-08  5.90030e-08  4.33589e-08  2.54709e-08
2.50500e+02  1.46778e-07  1.13037e-07  8.71359e-08  6.45204e-08  3.99728e-08
2.51300e+02  8.28102e-08  7.06792e-08  5.88854e-08  4.56268e-08  2.82691e-08
2.51800e+02  6.51048e-08  5.63148e-08  4.74602e-08  3.70414e-08  2.27894e-08
2.52500e+02  6.31263e-08  5.49003e-08  4.65514e-08  3.66723e-08  2.29730e-08
2.53500e+02  8.89457e-08  7.86459e-08  6.80941e-08  5.57612e-08  3.88547e-08
2.54500e+02  1.13311e-07  9.87012e-08  8.42452e-08  6.82048e-08  4.73825e-08
2.55500e+02  2.81736e-07  2.25022e-07  1.73468e-07  1.26001e-07  7.94154e-08
2.56500e+02  2.57498e-07  2.03012e-07  1.55068e-07  1.11987e-07  6.93560e-08
2.57500e+02  4.30424e-07  3.24081e-07  2.32061e-07  1.54553e-07  8.83780e-08
2.58500e+02  4.04209e-07  3.04990e-07  2.20024e-07  1.48760e-07  8.64799e-08
2.59500e+02  3.52771e-07  2.70183e-07  1.99836e-07  1.39847e-07  8.45517e-08
2.60500e+02  2.78861e-07  2.22986e-07  1.74650e-07  1.30721e-07  8.54961e-08
2.61500e+02  2.57094e-07  2.07425e-07  1.64084e-07  1.24148e-07  8.20585e-08
2.62500e+02  3.88944e-07  3.01393e-07  2.27712e-07  1.64769e-07  1.05603e-07
2.63500e+02  9.34774e-07  6.94204e-07  4.80825e-07  3.02833e-07  1.62747e-07
2.64500e+02  1.28718e-06  9.52219e-07  6.50030e-07  3.94388e-07  1.94315e-07
2.65500e+02  2.01358e-06  1.50944e-06  1.03681e-06  6.20574e-07  2.83939e-07
2.66500e+02  1.04850e-06  7.91106e-07  5.58740e-07  3.59066e-07  1.94759e-07
2.67500e+02  1.24988e-06  9.33136e-07  6.46448e-07  4.01232e-07  2.03513e-07
2.68500e+02  1.59509e-06  1.19919e-06  8.34249e-07  5.16349e-07  2.57099e-07
2.69500e+02  1.09342e-06  8.21397e-07  5.74515e-07  3.62526e-07  1.90088e-07
2.70500e+02  1.43109e-06  1.07826e-06  7.53225e-07  4.69981e-07  2.38058e-07
2.71500e+02  9.19167e-07  6.96097e-07  4.95481e-07  3.23284e-07  1.80084e-07
2.72500e+02  5.79456e-07  4.40200e-07  3.23263e-07  2.26872e-07  1.42136e-07
2.73500e+02  7.88271e-07  5.96844e-07  4.31527e-07  2.93415e-07  1.76094e-07
2.74500e+02  4.07685e-07  3.35001e-07  2.69986e-07  2.09155e-07  1.45140e-07
2.75500e+02  6.30496e-07  4.97857e-07  3.80633e-07  2.76718e-07  1.78454e-07
2.76500e+02  9.47824e-07  7.29215e-07  5.36178e-07  3.70891e-07  2.27674e-07
2.77500e+02  9.29135e-07  7.19327e-07  5.36953e-07  3.81259e-07  2.43120e-07
2.78500e+02  4.46014e-07  3.80437e-07  3.18048e-07  2.54375e-07  1.80561e-07
2.79500e+02  1.85545e-07  1.67694e-07  1.48398e-07  1.25460e-07  9.36432e-08
2.80500e+02  2.35476e-07  2.10626e-07  1.84592e-07  1.54734e-07  1.14948e-07
2.81500e+02  7.98397e-07  6.38317e-07  4.98332e-07  3.73417e-07  2.51376e-07
2.82500e+02  1.35580e-06  1.02053e-06  7.31611e-07  4.93832e-07  2.98572e-07
2.83500e+02  1.18947e-06  8.94114e-07  6.41936e-07  4.37279e-07  2.70324e-07
2.84500e+02  5.49942e-07  4.41121e-07  3.49457e-07  2.67644e-07  1.80969e-07
2.85500e+02  2.30822e-07  1.99753e-07  1.68682e-07  1.32748e-07  8.39147e-08
2.86500e+02  9.38767e-07  7.12604e-07  5.24797e-07  3.72891e-07  2.41212e-07
2.87500e+02  1.88754e-06  1.41340e-06  9.87253e-07  6.31189e-07  3.54151e-07
2.88500e+02  1.75334e-06  1.34883e-06  9.74695e-07  6.46360e-07  3.71587e-07
2.89500e+02  2.48235e-06  1.91734e-06  1.37764e-06  8.90610e-07  4.78485e-07
2.91000e+02  3.42728e-06  2.65647e-06  1.90670e-06  1.21644e-06  6.20302e-07
2.93000e+02  3.07496e-06  2.41068e-06  1.76046e-06  1.15317e-06  6.11623e-07
2.95000e+02  2.91736e-06  2.27877e-06  1.65840e-06  1.08471e-06  5.80111e-07
2.97000e+02  3.16789e-06  2.46746e-06  1.78710e-06  1.15987e-06  6.12206e-07
2.99000e+02  3.11488e-06  2.43242e-06  1.76839e-06  1.15356e-06  6.14373e-07
3.01000e+02  3.04401e-06  2.35605e-06  1.69511e-06  1.09440e-06  5.81391e-07
3.03000e+02  3.54667e-06  2.78263e-06  2.02983e-06  1.32442e-06  6.97343e-07
3.05000e+02  3.69473e-06  2.89669e-06  2.11305e-06  1.38225e-06  7.37643e-07
3.07000e+02  4.22043e-06  3.35057e-06  2.48274e-06  1.65409e-06  8.93587e-07
3.09000e+02  4.01340e-06  3.18797e-06  2.37328e-06  1.60273e-06  8.96365e-07
3.11000e+02  4.78843e-06  3.85418e-06  2.90550e-06  1.97793e-06  1.09165e-06
3.13000e+02  4.70801e-06  3.75940e-06  2.81078e-06  1.90329e-06  1.06547e-06
3.15000e+02  4.57874e-06  3.69937e-06  2.81249e-06  1.94830e-06  1.11925e-06
3.17000e+02  5.03288e-06  4.07772e-06  3.10997e-06  2.16237e-06  1.24885e-06
3.19000e+02  4.35876e-06  3.53094e-06  2.69836e-06  1.88825e-06  1.11166e-06
3.21000e+02  4.92235e-06  3.97598e-06  3.02182e-06  2.09561e-06  1.21770e-06
3.23000e+02  3.92109e-06  3.17717e-06  2.43655e-06  1.72252e-06  1.04277e-06
3.25000e+02  5.62358e-06  4.59239e-06  3.53145e-06  2.47484e-06  1.43839e-06
3.27000e+02  6.85199e-06  5.62535e-06  4.34545e-06  3.05064e-06  1.75664e-06
3.29000e+02  6.58721e-06  5.41832e-06  4.20561e-06  2.98305e-06  1.75917e-06
3.31000e+02  6.28389e-06  5.14598e-06  3.97815e-06  2.81518e-06  1.66792e-06
3.33000e+02  6.47701e-06  5.31578e-06  4.11746e-06  2.91704e-06  1.72724e-06
3.35000e+02  6.32639e-06  5.18294e-06  4.00981e-06  2.84312e-06  1.69878e-06
3.37000e+02  4.95228e-06  4.04549e-06  3.13777e-06  2.25484e-06  1.40164e-06
3.39000e+02  5.70045e-06  4.65196e-06  3.59394e-06  2.56050e-06  1.56664e-06
3.41000e+02  5.83820e-06  4.78159e-06  3.70948e-06  2.65523e-06  1.63338e-06
3.43000e+02  5.98082e-06  4.92657e-06  3.85337e-06  2.79048e-06  1.74712e-06
3.45000e+02  6.40966e-06  5.27445e-06  4.10716e-06  2.94320e-06  1.80244e-06
3.47000e+02  6.74666e-06  5.56533e-06  4.34434e-06  3.11981e-06  1.91289e-06
3.49000e+02  7.48917e-06  6.21074e-06  4.87394e-06  3.51263e-06  2.14101e-06
3.51000e+02  7.86368e-06  6.53211e-06  5.13481e-06  3.70504e-06  2.25530e-06
3.53000e+02  7.27228e-06  6.02733e-06  4.72263e-06  3.39179e-06  2.05481e-06
3.55000e+02  8.37336e-06  6.92369e-06  5.40232e-06  3.85237e-06  2.30891e-06
3.57000e+02  5.70640e-06  4.67635e-06  3.63637e-06  2.61957e-06  1.64928e-06
3.59000e+02  6.09190e-06  5.04874e-06  3.97715e-06  2.90305e-06  1.83229e-06
3.61000e+02  7.41260e-06  6.21254e-06  4.94988e-06  3.64665e-06  2.29953e-06
3.63000e+02  7.75851e-06  6.53924e-06  5.24580e-06  3.89607e-06  2.47716e-06
3.64000e+02  7.82218e-06  6.59865e-06  5.30541e-06  3.95860e-06  2.54234e-06
3.65000e+02  9.27835e-06  7.81399e-06  6.25430e-06  4.62248e-06  2.90421e-06
3.67000e+02  9.71390e-06  8.21550e-06  6.60822e-06  4.91115e-06  3.10109e-06
3.69000e+02  9.22265e-06  7.77967e-06  6.24750e-06  4.64746e-06  2.96250e-06
3.71000e+02  9.73292e-06  8.23246e-06  6.62528e-06  4.92709e-06  3.12068e-06
3.73000e+02  6.70863e-06  5.62752e-06  4.50716e-06  3.36815e-06  2.21333e-06
3.75000e+02  7.75603e-06  6.48409e-06  5.14453e-06  3.77853e-06  2.41777e-06
3.77000e+02  9.78040e-06  8.21043e-06  6.51657e-06  4.75714e-06  2.97872e-06
3.79000e+02  1.00184e-05  8.33024e-06  6.52162e-06  4.69224e-06  2.91179e-06
3.81000e+02  9.65610e-06  7.92415e-06  6.12444e-06  4.36656e-06  2.72270e-06
3.83000e+02  5.09674e-06  4.24178e-06  3.41004e-06  2.62916e-06  1.87546e-06
3.85000e+02  7.41144e-06  5.95500e-06  4.53844e-06  3.24916e-06  2.12999e-06
3.87000e+02  7.66907e-06  6.20719e-06  4.77979e-06  3.45644e-06  2.25657e-06
3.89000e+02  9.69895e-06  8.19175e-06  6.56138e-06  4.87554e-06  3.15802e-06
3.91000e+02  1.27253e-05  1.04730e-05  8.16759e-06  5.91495e-06  3.76365e-06
3.93000e+02  5.95149e-06  5.00189e-06  4.08813e-06  3.21479e-06  2.32967e-06
3.95000e+02  1.08981e-05  8.99537e-06  7.10389e-06  5.28753e-06  3.53962e-06
3.97000e+02  6.94664e-06  5.93474e-06  4.89514e-06  3.84874e-06  2.75740e-06
3.99000e+02  1.60731e-05  1.33859e-05  1.05475e-05  7.68085e-06  4.83930e-06
4.01000e+02  1.79606e-05  1.48597e-05  1.16627e-05  8.45693e-06  5.28096e-06
4.03000e+02  1.79539e-05  1.48111e-05  1.15948e-05  8.38091e-06  5.21017e-06
4.05000e+02  1.70696e-05  1.40782e-05  1.10312e-05  8.00674e-06  5.04607e-06
4.07000e+02  1.66406e-05  1.37586e-05  1.07895e-05  7.83370e-06  4.94424e-06
4.09000e+02  1.87882e-05  1.59481e-05  1.27796e-05  9.41139e-06  5.88737e-06
4.11000e+02  1.78399e-05  1.53740e-05  1.25378e-05  9.40914e-06  5.98053e-06
4.13000e+02  1.89255e-05  1.57237e-05  1.23475e-05  8.92583e-06  5.54422e-06
4.15000e+02  1.93082e-05  1.58599e-05  1.23185e-05  8.79724e-06  5.40811e-06
4.17000e+02  1.95650e-05  1.60902e-05  1.25430e-05  9.01421e-06  5.58960e-06
4.19000e+02  1.89371e-05  1.55885e-05  1.21939e-05  8.83542e-06  5.57695e-06
4.21000e+02  1.98749e-05  1.64583e-05  1.29680e-05  9.47041e-06  6.00005e-06
4.23000e+02  1.89223e-05  1.57687e-05  1.25471e-05  9.30842e-06  6.04441e-06
4.25000e+02  2.02129e-05  1.68087e-05  1.33338e-05  9.85776e-06  6.39465e-06
4.27000e+02  1.87584e-05  1.56390e-05  1.24678e-05  9.31255e-06  6.17353e-06
4.29000e+02  1.73433e-05  1.44916e-05  1.15909e-05  8.70372e-06  5.82202e-06
4.31000e+02  1.43316e-05  1.20792e-05  9.79776e-06  7.53736e-06  5.25936e-06
4.33000e+02  2.01295e-05  1.72955e-05  1.41296e-05  1.07409e-05  7.12635e-06
4.35000e+02  1.92091e-05  1.66352e-05  1.37257e-05  1.05633e-05  7.13550e-06
4.37000e+02  2.30405e-05  1.94630e-05  1.56373e-05  1.16940e-05  7.66103e-06
4.39000e+02  2.10017e-05  1.76416e-05  1.41654e-05  1.06550e-05  7.10830e-06
4.41000e+02  2.27997e-05  1.91680e-05  1.53883e-05  1.15329e-05  7.60154e-06
4.43000e+02  2.37562e-05  2.00786e-05  1.62224e-05  1.22357e-05  8.07594e-06
4.45000e+02  2.42085e-05  2.04740e-05  1.65503e-05  1.24790e-05  8.21500e-06
4.47000e+02  2.57924e-05  2.18486e-05  1.76886e-05  1.33468e-05  8.75857e-06
4.49000e+02  2.61015e-05  2.21622e-05  1.79973e-05  1.36353e-05  8.99925e-06
4.51000e+02  2.95779e-05  2.51359e-05  2.04092e-05  1.54261e-05  1.00945e-05
4.53000e+02  2.65195e-05  2.25549e-05  1.83504e-05  1.39272e-05  9.19503e-06
4.55000e+02  2.76065e-05  2.34824e-05  1.91110e-05  1.45177e-05  9.60971e-06
4.57000e+02  2.96275e-05  2.52252e-05  2.05391e-05  1.55939e-05  1.02852e-05
4.59000e+02  2.80314e-05  2.39419e-05  1.95870e-05  1.49803e-05  1.00024e-05
4.61000e+02  2.89332e-05  2.47019e-05  2.01924e-05  1.54239e-05  1.02839e-05
4.63000e+02  2.83177e-05  2.41756e-05  1.97720e-05  1.51307e-05  1.01520e-05
4.65000e+02  2.89879e-05  2.47652e-05  2.02624e-05  1.55013e-05  1.03739e-05
4.67000e+02  2.99423e-05  2.55904e-05  2.09432e-05  1.60251e-05  1.07329e-05
4.69000e+02  2.93255e-05  2.51360e-05  2.06454e-05  1.58691e-05  1.06898e-05
4.71000e+02  2.79267e-05  2.40390e-05  1.98572e-05  1.53935e-05  1.05193e-05
4.73000e+02  3.01227e-05  2.58451e-05  2.12599e-05  1.63854e-05  1.10916e-05
4.75000e+02  3.10259e-05  2.66898e-05  2.20202e-05  1.70316e-05  1.15698e-05
4.77000e+02  3.13591e-05  2.70244e-05  2.23354e-05  1.73064e-05  1.17733e-05
4.79000e+02  3.14426e-05  2.71259e-05  2.24388e-05  1.74055e-05  1.18686e-05
4.81000e+02  3.08041e-05  2.66475e-05  2.21099e-05  1.72283e-05  1.18457e-05
4.83000e+02  3.16704e-05  2.75587e-05  2.29450e-05  1.79007e-05  1.22746e-05
4.85000e+02  2.84277e-05  2.51282e-05  2.12866e-05  1.69276e-05  1.18592e-05
4.87000e+02  2.49507e-05  2.23014e-05  1.91876e-05  1.55714e-05  1.12162e-05
4.89000e+02  3.01769e-05  2.63957e-05  2.21235e-05  1.74204e-05  1.21188e-05
4.91000e+02  3.08338e-05  2.68218e-05  2.23990e-05  1.75977e-05  1.22449e-05
4.93000e+02  3.04241e-05  2.64207e-05  2.20584e-05  1.73498e-05  1.21146e-05
4.95000e+02  3.23887e-05  2.81248e-05  2.34708e-05  1.84286e-05  1.27986e-05
4.97000e+02  3.24572e-05  2.81376e-05  2.34499e-05  1.83984e-05  1.27937e-05
4.99000e+02  3.02503e-05  2.62649e-05  2.19502e-05  1.73019e-05  1.21355e-05
5.01000e+02  2.88550e-05  2.50804e-05  2.10003e-05  1.66071e-05  1.17209e-05
5.03000e+02  3.09588e-05  2.68960e-05  2.24949e-05  1.77481e-05  1.24624e-05
5.05000e+02  3.12499e-05  2.71579e-05  2.27146e-05  1.79132e-05  1.25650e-05
5.07000e+02  3.29767e-05  2.86463e-05  2.39372e-05  1.88434e-05  1.31705e-05
5.09000e+02  3.16376e-05  2.74695e-05  2.29509e-05  1.80802e-05  1.26850e-05
5.11000e+02  3.25189e-05  2.82333e-05  2.35795e-05  1.85571e-05  1.29932e-05
5.13000e+02  3.16031e-05  2.74506e-05  2.29524e-05  1.81094e-05  1.27574e-05
5.15000e+02  3.05252e-05  2.65506e-05  2.22483e-05  1.76161e-05  1.24838e-05
5.17000e+02  2.64146e-05  2.29846e-05  1.93282e-05  1.54553e-05  1.12387e-05
5.19000e+02  2.72743e-05  2.38219e-05  2.01278e-05  1.61912e-05  1.18499e-05
5.21000e+02  3.16295e-05  2.75894e-05  2.31979e-05  1.84451e-05  1.31273e-05
5.23000e+02  3.22952e-05  2.82259e-05  2.38032e-05  1.90125e-05  1.36339e-05
5.25000e+02  3.35648e-05  2.93869e-05  2.48266e-05  1.98570e-05  1.42258e-05
5.27000e+02  2.89629e-05  2.54512e-05  2.16440e-05  1.75127e-05  1.28330e-05
5.29000e+02  3.37570e-05  2.96053e-05  2.50668e-05  2.01119e-05  1.44816e-05
5.31000e+02  3.54405e-05  3.11319e-05  2.64022e-05  2.12142e-05  1.52845e-05
5.33000e+02  3.10827e-05  2.73473e-05  2.32748e-05  1.88350e-05  1.37908e-05
5.35000e+02  3.43454e-05  3.02034e-05  2.56611e-05  2.06813e-05  1.49898e-05
5.37000e+02  3.48108e-05  3.06141e-05  2.60056e-05  2.09509e-05  1.51794e-05
5.39000e+02  3.45152e-05  3.03392e-05  2.57579e-05  2.07401e-05  1.50231e-05
5.41000e+02  3.30991e-05  2.91869e-05  2.48941e-05  2.01803e-05  1.47756e-05
5.43000e+02  3.47063e-05  3.05439e-05  2.59712e-05  2.09534e-05  1.52200e-05
5.45000e+02  3.62309e-05  3.19149e-05  2.71518e-05  2.19036e-05  1.58844e-05
5.47000e+02  3.54166e-05  3.12083e-05  2.65772e-05  2.14865e-05  1.56557e-05
5.49000e+02  3.48688e-05  3.07567e-05  2.62376e-05  2.12718e-05  1.55809e-05
5.51000e+02  3.51949e-05  3.10332e-05  2.64604e-05  2.14363e-05  1.56777e-05
5.53000e+02  3.58139e-05  3.16220e-05  2.70016e-05  2.19113e-05  1.60626e-05
5.55000e+02  3.66540e-05  3.23903e-05  2.76812e-05  2.24796e-05  1.64800e-05
5.57000e+02  3.58580e-05  3.17175e-05  2.71433e-05  2.20879e-05  1.62499e-05
5.59000e+02  3.50323e-05  3.09903e-05  2.65385e-05  2.16329e-05  1.59820e-05
5.61000e+02  3.68332e-05  3.26079e-05  2.79278e-05  2.27430e-05  1.67375e-05
5.63000e+02  3.68472e-05  3.26040e-05  2.79149e-05  2.27322e-05  1.67472e-05
5.65000e+02  3.69183e-05  3.27086e-05  2.80543e-05  2.29042e-05  1.69387e-05
5.67000e+02  3.60540e-05  3.19815e-05  2.74816e-05  2.25006e-05  1.67197e-05
5.69000e+02  3.71119e-05  3.29436e-05  2.83223e-05  2.31906e-05  1.72146e-05
5.71000e+02  3.66044e-05  3.24833e-05  2.79151e-05  2.28449e-05  1.69469e-05
5.73000e+02  3.96788e-05  3.52280e-05  3.02627e-05  2.47194e-05  1.82336e-05
5.75000e+02  3.80339e-05  3.37928e-05  2.90787e-05  2.38308e-05  1.77045e-05
5.77000e+02  3.88659e-05  3.45388e-05  2.97188e-05  2.43436e-05  1.80602e-05
5.79000e+02  3.74433e-05  3.32739e-05  2.86494e-05  2.35113e-05  1.75243e-05
5.81000e+02  3.89493e-05  3.46476e-05  2.98553e-05  2.45083e-05  1.82479e-05
5.83000e+02  3.99862e-05  3.56011e-05  3.06998e-05  2.52125e-05  1.87615e-05
5.85000e+02  3.90954e-05  3.48173e-05  3.00412e-05  2.47001e-05  1.84298e-05
5.87000e+02  3.93882e-05  3.50934e-05  3.02933e-05  2.49193e-05  1.86026e-05
5.89000e+02  3.55493e-05  3.16346e-05  2.73068e-05  2.25185e-05  1.69714e-05
5.91000e+02  3.92581e-05  3.49931e-05  3.02284e-05  2.48967e-05  1.86330e-05
5.93000e+02  3.93993e-05  3.51453e-05  3.03890e-05  2.50604e-05  1.87879e-05
5.95000e+02  3.96969e-05  3.54256e-05  3.06440e-05  2.52796e-05  1.89550e-05
5.97000e+02  4.01512e-05  3.58571e-05  3.10410e-05  2.56276e-05  1.92327e-05
5.99000e+02  3.97064e-05  3.54674e-05  3.07201e-05  2.53906e-05  1.91011e-05
6.01000e+02  3.90927e-05  3.49577e-05  3.03249e-05  2.51167e-05  1.89523e-05
6.03000e+02  3.96029e-05  3.54565e-05  3.08015e-05  2.55538e-05  1.93184e-05
6.05000e+02  4.06917e-05  3.64132e-05  3.16038e-05  2.61808e-05  1.97431e-05
6.07000e+02  4.07564e-05  3.64787e-05  3.16660e-05  2.62360e-05  1.97867e-05
6.09000e+02  3.93886e-05  3.52441e-05  3.06063e-05  2.54009e-05  1.92524e-05
6.11000e+02  3.93346e-05  3.52329e-05  3.06366e-05  2.54682e-05  1.93478e-05
6.13000e+02  3.77833e-05  3.38495e-05  2.94538e-05  2.45241e-05  1.87015e-05
6.15000e+02  3.85621e-05  3.46096e-05  3.01769e-05  2.51839e-05  1.92520e-05
6.17000e+02  3.73405e-05  3.35267e-05  2.92560e-05  2.44503e-05  1.87412e-05
6.19000e+02  4.01196e-05  3.59834e-05  3.13345e-05  2.60914e-05  1.98586e-05
6.21000e+02  4.04103e-05  3.62610e-05  3.15896e-05  2.63109e-05  2.00206e-05
6.23000e+02  3.92649e-05  3.52473e-05  3.07359e-05  2.56492e-05  1.95982e-05
6.25000e+02  3.80649e-05  3.42186e-05  2.99013e-05  2.50298e-05  1.92209e-05
6.27000e+02  4.02927e-05  3.61807e-05  3.15504e-05  2.63170e-05  2.00785e-05
6.29000e+02  4.07428e-05  3.66104e-05  3.19497e-05  2.66727e-05  2.03685e-05
6.31000e+02  3.93713e-05  3.54016e-05  3.09358e-05  2.58896e-05  1.98738e-05
6.33000e+02  3.96924e-05  3.57066e-05  3.12201e-05  2.61475e-05  2.00934e-05
6.35000e+02  3.95307e-05  3.55702e-05  3.11189e-05  2.60923e-05  2.01028e-05
6.37000e+02  3.95482e-05  3.55884e-05  3.11389e-05  2.61164e-05  2.01369e-05
6.39000e+02  4.07617e-05  3.67117e-05  3.21319e-05  2.69314e-05  2.06954e-05
6.41000e+02  3.97929e-05  3.58831e-05  3.14648e-05  2.64472e-05  2.04210e-05
6.43000e+02  4.05461e-05  3.65522e-05  3.20308e-05  2.68916e-05  2.07205e-05
6.45000e+02  3.98789e-05  3.60008e-05  3.16111e-05  2.66199e-05  2.06171e-05
6.47000e+02  4.00216e-05  3.61383e-05  3.17334e-05  2.67195e-05  2.06868e-05
6.49000e+02  3.97609e-05  3.59333e-05  3.15721e-05  2.65926e-05  2.05843e-05
6.51000e+02  4.08256e-05  3.69379e-05  3.24735e-05  2.73516e-05  2.11511e-05
6.53000e+02  4.05640e-05  3.68115e-05  3.24527e-05  2.74083e-05  2.12579e-05
6.55000e+02  3.89705e-05  3.56919e-05  3.17867e-05  2.71137e-05  2.12036e-05
6.57000e+02  3.47086e-05  3.22459e-05  2.92620e-05  2.55555e-05  2.05968e-05
6.59000e+02  4.02037e-05  3.66261e-05  3.24225e-05  2.74992e-05  2.14213e-05
6.61000e+02  4.13125e-05  3.74707e-05  3.30313e-05  2.79116e-05  2.16803e-05
6.63000e+02  4.10503e-05  3.71819e-05  3.27586e-05  2.76927e-05  2.15606e-05
6.65000e+02  4.13442e-05  3.74374e-05  3.29798e-05  2.78761e-05  2.16947e-05
6.67000e+02  4.09027e-05  3.70327e-05  3.26304e-05  2.75996e-05  2.15155e-05
6.69000e+02  4.17958e-05  3.78481e-05  3.33545e-05  2.82134e-05  2.19869e-05
6.71000e+02  4.08994e-05  3.70367e-05  3.26518e-05  2.76462e-05  2.15950e-05
6.73000e+02  4.17855e-05  3.78703e-05  3.34163e-05  2.83183e-05  2.21328e-05
6.75000e+02  4.13335e-05  3.74844e-05  3.31058e-05  2.80892e-05  2.19912e-05
6.77000e+02  4.14743e-05  3.76000e-05  3.32001e-05  2.81713e-05  2.20792e-05
6.79000e+02  4.13382e-05  3.74801e-05  3.31028e-05  2.81035e-05  2.20515e-05
6.81000e+02  4.12340e-05  3.74083e-05  3.30655e-05  2.81012e-05  2.20810e-05
6.83000e+02  4.19086e-05  3.80393e-05  3.36337e-05  2.85818e-05  2.24354e-05
6.85000e+02  4.08564e-05  3.70916e-05  3.28193e-05  2.79349e-05  2.20089e-05
6.87000e+02  4.16575e-05  3.78211e-05  3.34544e-05  2.84499e-05  2.23673e-05
6.89000e+02  4.17535e-05  3.79304e-05  3.35823e-05  2.85996e-05  2.25368e-05
6.91000e+02  4.15827e-05  3.77828e-05  3.34619e-05  2.85110e-05  2.24898e-05
6.93000e+02  4.15706e-05  3.77754e-05  3.34578e-05  2.85072e-05  2.24809e-05
6.95000e+02  4.16796e-05  3.78772e-05  3.35448e-05  2.85700e-05  2.25063e-05
6.97000e+02  4.16571e-05  3.78738e-05  3.35668e-05  2.86231e-05  2.25961e-05
6.99000e+02  4.18489e-05  3.80461e-05  3.37098e-05  2.87262e-05  2.26461e-05
7.01000e+02  4.01409e-05  3.65524e-05  3.24774e-05  2.78033e-05  2.21010e-05
7.03000e+02  4.14314e-05  3.76981e-05  3.34461e-05  2.85642e-05  2.26130e-05
7.05000e+02  4.18264e-05  3.80758e-05  3.37980e-05  2.88782e-05  2.28667e-05
7.07000e+02  4.14224e-05  3.77106e-05  3.34829e-05  2.86263e-05  2.26985e-05
7.09000e+02  4.13537e-05  3.76561e-05  3.34454e-05  2.86087e-05  2.27037e-05
7.11000e+02  4.16205e-05  3.79473e-05  3.37417e-05  2.88810e-05  2.29060e-05
7.13000e+02  4.11552e-05  3.74910e-05  3.33112e-05  2.85015e-05  2.26202e-05
7.15000e+02  4.10194e-05  3.73798e-05  3.32287e-05  2.84523e-05  2.26105e-05
7.17000e+02  4.10555e-05  3.74402e-05  3.33175e-05  2.85721e-05  2.27638e-05
7.19000e+02  3.98203e-05  3.63367e-05  3.23770e-05  2.78306e-05  2.22729e-05
7.21000e+02  4.12902e-05  3.76677e-05  3.35281e-05  2.87549e-05  2.29005e-05
7.23000e+02  4.12520e-05  3.76636e-05  3.35687e-05  2.88496e-05  2.30605e-05
7.25000e+02  4.16905e-05  3.80710e-05  3.39295e-05  2.91439e-05  2.32563e-05
7.27000e+02  4.17619e-05  3.81236e-05  3.39624e-05  2.91591e-05  2.32611e-05
7.29000e+02  4.03556e-05  3.68777e-05  3.29129e-05  2.83449e-05  2.27380e-05
7.31000e+02  4.15829e-05  3.79846e-05  3.38665e-05  2.91084e-05  2.32579e-05
7.33000e+02  4.15407e-05  3.79572e-05  3.38555e-05  2.91154e-05  2.32845e-05
7.35000e+02  4.18342e-05  3.82149e-05  3.40713e-05  2.92829e-05  2.33964e-05
7.37000e+02  4.19056e-05  3.83144e-05  3.42033e-05  2.94495e-05  2.35954e-05
7.39000e+02  4.08170e-05  3.73575e-05  3.34018e-05  2.88302e-05  2.31999e-05
7.41000e+02  4.06536e-05  3.72334e-05  3.33175e-05  2.87861e-05  2.31933e-05
7.43000e+02  4.11311e-05  3.76718e-05  3.37113e-05  2.91267e-05  2.34670e-05
7.45000e+02  4.14125e-05  3.79246e-05  3.39283e-05  2.92996e-05  2.35843e-05
7.47000e+02  4.19942e-05  3.84627e-05  3.44033e-05  2.96873e-05  2.38474e-05
7.49000e+02  4.16492e-05  3.81457e-05  3.41256e-05  2.94648e-05  2.37089e-05
7.51000e+02  4.19399e-05  3.84201e-05  3.43796e-05  2.96942e-05  2.39054e-05
7.53000e+02  4.21664e-05  3.86462e-05  3.45998e-05  2.98997e-05  2.40793e-05
7.55000e+02  4.22868e-05  3.87561e-05  3.47013e-05  2.99962e-05  2.41773e-05
7.57000e+02  4.18372e-05  3.83636e-05  3.43802e-05  2.97627e-05  2.40506e-05
7.59000e+02  4.20552e-05  3.85601e-05  3.45441e-05  2.98819e-05  2.41131e-05
7.61000e+02  4.16217e-05  3.81873e-05  3.42518e-05  2.96916e-05  2.40520e-05
7.63000e+02  4.24511e-05  3.89496e-05  3.49170e-05  3.02241e-05  2.43993e-05
7.65000e+02  4.21878e-05  3.87377e-05  3.47684e-05  3.01494e-05  2.44078e-05
7.67000e+02  4.10075e-05  3.76771e-05  3.38497e-05  2.93986e-05  2.38675e-05
7.69000e+02  4.20990e-05  3.86992e-05  3.47801e-05  3.02065e-05  2.45018e-05
7.71000e+02  4.19421e-05  3.85282e-05  3.45964e-05  3.00173e-05  2.43221e-05
7.73000e+02  4.18714e-05  3.84673e-05  3.45544e-05  3.00048e-05  2.43555e-05
7.75000e+02  4.15449e-05  3.81984e-05  3.43465e-05  2.98608e-05  2.42791e-05
7.77000e+02  4.22825e-05  3.89225e-05  3.50348e-05  3.04831e-05  2.47854e-05
7.79000e+02  4.27160e-05  3.92729e-05  3.52957e-05  3.06508e-05  2.48576e-05
7.81000e+02  4.22124e-05  3.88374e-05  3.49486e-05  3.04121e-05  2.47530e-05
7.83000e+02  4.19960e-05  3.86603e-05  3.48103e-05  3.03115e-05  2.46887e-05
7.85000e+02  4.20347e-05  3.86931e-05  3.48376e-05  3.03342e-05  2.47106e-05
7.87000e+02  4.25499e-05  3.91597e-05  3.52390e-05  3.06519e-05  2.49180e-05
7.89000e+02  4.22924e-05  3.89160e-05  3.50099e-05  3.04370e-05  2.47182e-05
7.91000e+02  4.17249e-05  3.83933e-05  3.45449e-05  3.00430e-05  2.44168e-05
7.93000e+02  4.08167e-05  3.76159e-05  3.39237e-05  2.96034e-05  2.41921e-05
7.95000e+02  4.11430e-05  3.78764e-05  3.41066e-05  2.97003e-05  2.42004e-05
7.97000e+02  4.22362e-05  3.88704e-05  3.49829e-05  3.04399e-05  2.47723e-05
7.99000e+02  4.23832e-05  3.90207e-05  3.51266e-05  3.05647e-05  2.48615e-05
8.01000e+02  4.19176e-05  3.86065e-05  3.47812e-05  3.03087e-05  2.47234e-05
8.03000e+02  4.18897e-05  3.86086e-05  3.48166e-05  3.03772e-05  2.48190e-05
8.05000e+02  4.15635e-05  3.83124e-05  3.45587e-05  3.01681e-05  2.46746e-05
8.07000e+02  4.20818e-05  3.87688e-05  3.49384e-05  3.04545e-05  2.48466e-05
8.09000e+02  4.13072e-05  3.80653e-05  3.43213e-05  2.99422e-05  2.44681e-05
8.11000e+02  4.18366e-05  3.85391e-05  3.47234e-05  3.02526e-05  2.46606e-05
8.13000e+02  4.23580e-05  3.90172e-05  3.51473e-05  3.06110e-05  2.49367e-05
8.15000e+02  4.20776e-05  3.87692e-05  3.49426e-05  3.04636e-05  2.48681e-05
8.17000e+02  4.21913e-05  3.88939e-05  3.50750e-05  3.05978e-05  2.49917e-05
8.19000e+02  4.07626e-05  3.76439e-05  3.40361e-05  2.98059e-05  2.44967e-05
8.21000e+02  4.08299e-05  3.77192e-05  3.41221e-05  2.99022e-05  2.45992e-05
8.23000e+02  4.12433e-05  3.80944e-05  3.44463e-05  3.01639e-05  2.47858e-05
8.25000e+02  4.17165e-05  3.85397e-05  3.48542e-05  3.05207e-05  2.50665e-05
8.27000e+02  4.23564e-05  3.90956e-05  3.53155e-05  3.08786e-05  2.53104e-05
8.29000e+02  4.22081e-05  3.89712e-05  3.52176e-05  3.08085e-05  2.52683e-05
8.31000e+02  4.09661e-05  3.78363e-05  3.42208e-05  2.99861e-05  2.46804e-05
8.33000e+02  4.12815e-05  3.81431e-05  3.45032e-05  3.02250e-05  2.48444e-05
8.35000e+02  4.13360e-05  3.81963e-05  3.45611e-05  3.02939e-05  2.49334e-05
8.37000e+02  4.19781e-05  3.87731e-05  3.50575e-05  3.06943e-05  2.52132e-05
8.39000e+02  4.11130e-05  3.79695e-05  3.43345e-05  3.00767e-05  2.47369e-05
8.41000e+02  4.20849e-05  3.88905e-05  3.51866e-05  3.08357e-05  2.53649e-05
8.43000e+02  4.11810e-05  3.80788e-05  3.44858e-05  3.02650e-05  2.49465e-05
8.45000e+02  4.15523e-05  3.84644e-05  3.48771e-05  3.06492e-05  2.53069e-05
8.47000e+02  4.14508e-05  3.83471e-05  3.47523e-05  3.05306e-05  2.52170e-05
8.49000e+02  4.10297e-05  3.80027e-05  3.45016e-05  3.03885e-05  2.52008e-05
8.51000e+02  3.90102e-05  3.61834e-05  3.29230e-05  2.90969e-05  2.42635e-05
8.53000e+02  4.03933e-05  3.74267e-05  3.40094e-05  3.00092e-05  2.49810e-05
8.55000e+02  3.37110e-05  3.14981e-05  2.89748e-05  2.60194e-05  2.22481e-05
8.57000e+02  4.20294e-05  3.89087e-05  3.52864e-05  3.10232e-05  2.56500e-05
8.59000e+02  4.11014e-05  3.81102e-05  3.46406e-05  3.05477e-05  2.53596e-05
8.61000e+02  4.12781e-05  3.82842e-05  3.48083e-05  3.07037e-05  2.54905e-05
8.63000e+02  4.20138e-05  3.89253e-05  3.53320e-05  3.10927e-05  2.57350e-05
8.65000e+02  4.12136e-05  3.82318e-05  3.47751e-05  3.07010e-05  2.55483e-05
8.67000e+02  3.45289e-05  3.22899e-05  2.97210e-05  2.66873e-05  2.27849e-05
8.69000e+02  4.04323e-05  3.75234e-05  3.41454e-05  3.01597e-05  2.51141e-05
8.71000e+02  4.14335e-05  3.84176e-05  3.49131e-05  3.07868e-05  2.55828e-05
8.73000e+02  4.13233e-05  3.83747e-05  3.49355e-05  3.08605e-05  2.56837e-05
8.75000e+02  4.02098e-05  3.75161e-05  3.43632e-05  3.05663e-05  2.56068e-05
8.77000e+02  4.17572e-05  3.87998e-05  3.53390e-05  3.12165e-05  2.59494e-05
8.79000e+02  4.16884e-05  3.86631e-05  3.51421e-05  3.09968e-05  2.57733e-05
8.81000e+02  4.05108e-05  3.75855e-05  3.41939e-05  3.02176e-05  2.52207e-05
8.83000e+02  4.15987e-05  3.86219e-05  3.51402e-05  3.10200e-05  2.58002e-05
8.85000e+02  4.13062e-05  3.84944e-05  3.51759e-05  3.11789e-05  2.60115e-05
8.87000e+02  3.96739e-05  3.71482e-05  3.41592e-05  3.05100e-05  2.56780e-05
8.89000e+02  4.18333e-05  3.88815e-05  3.54231e-05  3.13149e-05  2.60897e-05
8.91000e+02  4.23547e-05  3.93329e-05  3.57952e-05  3.16121e-05  2.63123e-05
8.93000e+02  4.13358e-05  3.83903e-05  3.49613e-05  3.09277e-05  2.58368e-05
8.95000e+02  4.17890e-05  3.87795e-05  3.52723e-05  3.11496e-05  2.59551e-05
8.97000e+02  4.17823e-05  3.88061e-05  3.53270e-05  3.12238e-05  2.60389e-05
8.99000e+02  4.17888e-05  3.88649e-05  3.54245e-05  3.13357e-05  2.61418e-05
9.01000e+02  3.88742e-05  3.64742e-05  3.36117e-05  3.01005e-05  2.54408e-05
9.03000e+02  4.08234e-05  3.81577e-05  3.49821e-05  3.11209e-05  2.60823e-05
9.05000e+02  4.24213e-05  3.94587e-05  3.59635e-05  3.18049e-05  2.65120e-05
9.07000e+02  4.16197e-05  3.87341e-05  3.53518e-05  3.13473e-05  2.62567e-05
9.09000e+02  4.04317e-05  3.76463e-05  3.43967e-05  3.05570e-05  2.56760e-05
9.11000e+02  4.09788e-05  3.80797e-05  3.47177e-05  3.07704e-05  2.57882e-05
9.13000e+02  4.22865e-05  3.92731e-05  3.57641e-05  3.16316e-05  2.64024e-05
9.15000e+02  4.16413e-05  3.86152e-05  3.50964e-05  3.09645e-05  2.57683e-05
9.17000e+02  4.13290e-05  3.83388e-05  3.48474e-05  3.07379e-05  2.55660e-05
9.19000e+02  4.16187e-05  3.86578e-05  3.51644e-05  3.10204e-05  2.57802e-05
9.21000e+02  4.00735e-05  3.73513e-05  3.41199e-05  3.02448e-05  2.52884e-05
9.23000e+02  3.83429e-05  3.61401e-05  3.34596e-05  3.00832e-05  2.54767e-05
9.25000e+02  3.96213e-05  3.70199e-05  3.39220e-05  3.01819e-05  2.53546e-05
9.27000e+02  4.08756e-05  3.80672e-05  3.47461e-05  3.07894e-05  2.57503e-05
9.29000e+02  4.12345e-05  3.82897e-05  3.48460e-05  3.07897e-05  2.56844e-05
9.31000e+02  4.17252e-05  3.87377e-05  3.52587e-05  3.11687e-05  2.60214e-05
9.33000e+02  4.15747e-05  3.86040e-05  3.51553e-05  3.11046e-05  2.60044e-05
9.35000e+02  4.15853e-05  3.86028e-05  3.51436e-05  3.10817e-05  2.59668e-05
9.37000e+02  4.15592e-05  3.85807e-05  3.51280e-05  3.10738e-05  2.59642e-05
9.39000e+02  4.13886e-05  3.84139e-05  3.49672e-05  3.09205e-05  2.58265e-05
9.41000e+02  3.92714e-05  3.66066e-05  3.35089e-05  2.98464e-05  2.51818e-05
9.43000e+02  4.09166e-05  3.80292e-05  3.46730e-05  3.07180e-05  2.57156e-05
9.45000e+02  4.03200e-05  3.74805e-05  3.41841e-05  3.03070e-05  2.54111e-05
9.47000e+02  4.13850e-05  3.84599e-05  3.50447e-05  3.10189e-05  2.59365e-05
9.49000e+02  4.15917e-05  3.86760e-05  3.52443e-05  3.11798e-05  2.60346e-05
9.51000e+02  4.11940e-05  3.83950e-05  3.50750e-05  3.11179e-05  2.60814e-05
9.53000e+02  4.05344e-05  3.79128e-05  3.47625e-05  3.09378e-05  2.59858e-05
9.55000e+02  3.81865e-05  3.61254e-05  3.35884e-05  3.03520e-05  2.58683e-05
9.57000e+02  4.04792e-05  3.78529e-05  3.47059e-05  3.09005e-05  2.59874e-05
9.59000e+02  4.14205e-05  3.86221e-05  3.52999e-05  3.13355e-05  2.62789e-05
9.61000e+02  4.09677e-05  3.81881e-05  3.49225e-05  3.10483e-05  2.61111e-05
9.63000e+02  4.07615e-05  3.79973e-05  3.47591e-05  3.09185e-05  2.60223e-05
9.65000e+02  4.08129e-05  3.79970e-05  3.47131e-05  3.08325e-05  2.58980e-05
9.67000e+02  4.06425e-05  3.78493e-05  3.45985e-05  3.07582e-05  2.58753e-05
9.69000e+02  4.12600e-05  3.84377e-05  3.51476e-05  3.12488e-05  2.62712e-05
9.71000e+02  4.12572e-05  3.83829e-05  3.50473e-05  3.11193e-05  2.61442e-05
9.73000e+02  4.13913e-05  3.85215e-05  3.51855e-05  3.12486e-05  2.62466e-05
9.75000e+02  4.09018e-05  3.80977e-05  3.48395e-05  3.09917e-05  2.60949e-05
9.77000e+02  4.11812e-05  3.83394e-05  3.50390e-05  3.11469e-05  2.62067e-05
9.79000e+02  4.07987e-05  3.79793e-05  3.47104e-05  3.08604e-05  2.59747e-05
9.81000e+02  4.15107e-05  3.86597e-05  3.53415e-05  3.14199e-05  2.64308e-05
9.83000e+02  4.11684e-05  3.83557e-05  3.50861e-05  3.12257e-05  2.63174e-05
9.85000e+02  4.14403e-05  3.86295e-05  3.53511e-05  3.14670e-05  2.65089e-05
9.87000e+02  4.11813e-05  3.84102e-05  3.51774e-05  3.13456e-05  2.64476e-05
9.89000e+02  4.11752e-05  3.84366e-05  3.52324e-05  3.14236e-05  2.65388e-05
9.91000e+02  4.08321e-05  3.81286e-05  3.49696e-05  3.12148e-05  2.63947e-05
9.93000e+02  4.16059e-05  3.88141e-05  3.55420e-05  3.16554e-05  2.66840e-05
9.95000e+02  4.14890e-05  3.87180e-05  3.54646e-05  3.15961e-05  2.66416e-05
9.97000e+02  4.14970e-05  3.87485e-05  3.55105e-05  3.16546e-05  2.67118e-05
9.99000e+02  4.12929e-05  3.85959e-05  3.53996e-05  3.15810e-05  2.66771e-05
1.00250e+03  4.06784e-05  3.82078e-05  3.52125e-05  3.15394e-05  2.67027e-05
1.00750e+03  3.99538e-05  3.76258e-05  3.47908e-05  3.12858e-05  2.66138e-05
1.01250e+03  4.11827e-05  3.85316e-05  3.53865e-05  3.16177e-05  2.67546e-05
1.01750e+03  4.06689e-05  3.80394e-05  3.49534e-05  3.12753e-05  2.65398e-05
1.02250e+03  4.10695e-05  3.83857e-05  3.52431e-05  3.15048e-05  2.67019e-05
1.02750e+03  4.14111e-05  3.87040e-05  3.55299e-05  3.17496e-05  2.68871e-05
1.03250e+03  4.09139e-05  3.82608e-05  3.51521e-05  3.14497e-05  2.66837e-05
1.03750e+03  4.08830e-05  3.82409e-05  3.51434e-05  3.14524e-05  2.66976e-05
1.04250e+03  4.10880e-05  3.84462e-05  3.53448e-05  3.16426e-05  2.68628e-05
1.04750e+03  4.06186e-05  3.80584e-05  3.50483e-05  3.14446e-05  2.67695e-05
1.05250e+03  4.08900e-05  3.83031e-05  3.52589e-05  3.16135e-05  2.68867e-05
1.05750e+03  4.06811e-05  3.81178e-05  3.51001e-05  3.14868e-05  2.68024e-05
1.06250e+03  4.06472e-05  3.80951e-05  3.50884e-05  3.14870e-05  2.68156e-05
1.06750e+03  3.96762e-05  3.72689e-05  3.44243e-05  3.10005e-05  2.65290e-05
1.07250e+03  4.01342e-05  3.76624e-05  3.47435e-05  3.12380e-05  2.66764e-05
1.07750e+03  3.99708e-05  3.75220e-05  3.46266e-05  3.11480e-05  2.66178e-05
1.08250e+03  3.91224e-05  3.67709e-05  3.39873e-05  3.06426e-05  2.62869e-05
1.08750e+03  3.92864e-05  3.69594e-05  3.41674e-05  3.07851e-05  2.63584e-05
1.09250e+03  3.81537e-05  3.62026e-05  3.37764e-05  3.06870e-05  2.64103e-05
1.09750e+03  3.80923e-05  3.58998e-05  3.32308e-05  2.99447e-05  2.55951e-05
1.10250e+03  3.90364e-05  3.66232e-05  3.37389e-05  3.02599e-05  2.57479e-05
1.10750e+03  3.94337e-05  3.69639e-05  3.40352e-05  3.05198e-05  2.59758e-05
1.11250e+03  3.93128e-05  3.68732e-05  3.39821e-05  3.05063e-05  2.59966e-05
1.11750e+03  3.93627e-05  3.69485e-05  3.40876e-05  3.06449e-05  2.61629e-05
1.12250e+03  3.95104e-05  3.70773e-05  3.41950e-05  3.07278e-05  2.62186e-05
1.12750e+03  3.86788e-05  3.63601e-05  3.36089e-05  3.02887e-05  2.59476e-05
1.13250e+03  3.90895e-05  3.67654e-05  3.40003e-05  3.06520e-05  2.62501e-05
1.13750e+03  3.89983e-05  3.66478e-05  3.38554e-05  3.04821e-05  2.60663e-05
1.14250e+03  3.87280e-05  3.64379e-05  3.37153e-05  3.04201e-05  2.60880e-05
1.14750e+03  3.96169e-05  3.72466e-05  3.44203e-05  3.09957e-05  2.64933e-05
1.15250e+03  3.95380e-05  3.71833e-05  3.43759e-05  3.09735e-05  2.64977e-05
1.15750e+03  3.91818e-05  3.68649e-05  3.41031e-05  3.07556e-05  2.63485e-05
1.16250e+03  3.87844e-05  3.65352e-05  3.38444e-05  3.05680e-05  2.62281e-05
1.16750e+03  3.88192e-05  3.65960e-05  3.39289e-05  3.06708e-05  2.63378e-05
1.17250e+03  3.95677e-05  3.72589e-05  3.44920e-05  3.11218e-05  2.66576e-05
1.17750e+03  3.86958e-05  3.65169e-05  3.38949e-05  3.06808e-05  2.63841e-05
1.18250e+03  3.85253e-05  3.63373e-05  3.37143e-05  3.05134e-05  2.62571e-05
1.18750e+03  3.85048e-05  3.63366e-05  3.37277e-05  3.05314e-05  2.62594e-05
1.19250e+03  3.95505e-05  3.72792e-05  3.45433e-05  3.11950e-05  2.67312e-05
1.19750e+03  3.78978e-05  3.57689e-05  3.32151e-05  3.00971e-05  2.59459e-05
1.20250e+03  3.86705e-05  3.64968e-05  3.38801e-05  3.06751e-05  2.63913e-05
1.20750e+03  3.82567e-05  3.61239e-05  3.35566e-05  3.04114e-05  2.62045e-05
1.21250e+03  3.86815e-05  3.65243e-05  3.39194e-05  3.07193e-05  2.64272e-05
1.21750e+03  3.92263e-05  3.70287e-05  3.43671e-05  3.10903e-05  2.66848e-05
1.22250e+03  3.91293e-05  3.69527e-05  3.43133e-05  3.10588e-05  2.66733e-05
1.22750e+03  3.88818e-05  3.67429e-05  3.41452e-05  3.09371e-05  2.66039e-05
1.23250e+03  3.88495e-05  3.67094e-05  3.41106e-05  3.09017e-05  2.65693e-05
1.23750e+03  3.88918e-05  3.67582e-05  3.41625e-05  3.09528e-05  2.66093e-05
1.24250e+03  3.86229e-05  3.65083e-05  3.39385e-05  3.07648e-05  2.64760e-05
1.24750e+03  3.89136e-05  3.67987e-05  3.42175e-05  3.10168e-05  2.66703e-05
1.25250e+03  3.85879e-05  3.65019e-05  3.39585e-05  3.08068e-05  2.65282e-05
1.25750e+03  3.85560e-05  3.65068e-05  3.39957e-05  3.08687e-05  2.65969e-05
1.26250e+03  3.85929e-05  3.65506e-05  3.40404e-05  3.09102e-05  2.66277e-05
1.26750e+03  3.82286e-05  3.62103e-05  3.37278e-05  3.06355e-05  2.64160e-05
1.27250e+03  3.84456e-05  3.64540e-05  3.39743e-05  3.08616e-05  2.65861e-05
1.27750e+03  3.81982e-05  3.63473e-05  3.39923e-05  3.09685e-05  2.67185e-05
1.28250e+03  3.51186e-05  3.37275e-05  3.19378e-05  2.95399e-05  2.59614e-05
1.28750e+03  3.77839e-05  3.59359e-05  3.35982e-05  3.06172e-05  2.64548e-05
1.29250e+03  3.78687e-05  3.59393e-05  3.35358e-05  3.05126e-05  2.63399e-05
1.29750e+03  3.83252e-05  3.63590e-05  3.39181e-05  3.08504e-05  2.66090e-05
1.30250e+03  3.78358e-05  3.58837e-05  3.34789e-05  3.04728e-05  2.63376e-05
1.30750e+03  3.82608e-05  3.62934e-05  3.38608e-05  3.08086e-05  2.65884e-05
1.31250e+03  3.75771e-05  3.56600e-05  3.32953e-05  3.03322e-05  2.62385e-05
1.31750e+03  3.75676e-05  3.56711e-05  3.33271e-05  3.03818e-05  2.62938e-05
1.32250e+03  3.80462e-05  3.61075e-05  3.37073e-05  3.06892e-05  2.64998e-05
1.32750e+03  3.74752e-05  3.55799e-05  3.32375e-05  3.02953e-05  2.62124e-05
1.33250e+03  3.77687e-05  3.58734e-05  3.35224e-05  3.05593e-05  2.64277e-05
1.33750e+03  3.76224e-05  3.57411e-05  3.34075e-05  3.04658e-05  2.63616e-05
1.34250e+03  3.78592e-05  3.59749e-05  3.36327e-05  3.06741e-05  2.65336e-05
1.34750e+03  3.77173e-05  3.58471e-05  3.35211e-05  3.05819e-05  2.64652e-05
1.35250e+03  3.77052e-05  3.58549e-05  3.35478e-05  3.06240e-05  2.65117e-05
1.35750e+03  3.71373e-05  3.53246e-05  3.30689e-05  3.02145e-05  2.62049e-05
1.36250e+03  3.72730e-05  3.54525e-05  3.31841e-05  3.03109e-05  2.62680e-05
1.36750e+03  3.72096e-05  3.54125e-05  3.31712e-05  3.03283e-05  2.63160e-05
1.37250e+03  3.71953e-05  3.54290e-05  3.32183e-05  3.04030e-05  2.64066e-05
1.37750e+03  3.71937e-05  3.54219e-05  3.32039e-05  3.03805e-05  2.63744e-05
1.38250e+03  3.72794e-05  3.55109e-05  3.32924e-05  3.04637e-05  2.64413e-05
1.38750e+03  3.72894e-05  3.55201e-05  3.32970e-05  3.04591e-05  2.64155e-05
1.39250e+03  3.71796e-05  3.54434e-05  3.32586e-05  3.04627e-05  2.64624e-05
1.39750e+03  3.71007e-05  3.53737e-05  3.31986e-05  3.04127e-05  2.64194e-05
1.40250e+03  3.67773e-05  3.50667e-05  3.29140e-05  3.01604e-05  2.62201e-05
1.40750e+03  3.69196e-05  3.51928e-05  3.30136e-05  3.02181e-05  2.62047e-05
1.41250e+03  3.62650e-05  3.45637e-05  3.24210e-05  2.96746e-05  2.57388e-05
1.41750e+03  3.67584e-05  3.50430e-05  3.28700e-05  3.00701e-05  2.60275e-05
1.42250e+03  3.60913e-05  3.44275e-05  3.23240e-05  2.96183e-05  2.57179e-05
1.42750e+03  3.55209e-05  3.38933e-05  3.18409e-05  2.92058e-05  2.54140e-05
1.43250e+03  3.62709e-05  3.46040e-05  3.24937e-05  2.97774e-05  2.58578e-05
1.43750e+03  3.66187e-05  3.49505e-05  3.28283e-05  3.00857e-05  2.61048e-05
1.44250e+03  3.50978e-05  3.35509e-05  3.15942e-05  2.90687e-05  2.53987e-05
1.44750e+03  3.62379e-05  3.46064e-05  3.25346e-05  2.98618e-05  2.59867e-05
1.45250e+03  3.54795e-05  3.39223e-05  3.19442e-05  2.93825e-05  2.56381e-05
1.45700e+03  3.59296e-05  3.43322e-05  3.22949e-05  2.96540e-05  2.57959e-05
1.46200e+03  3.57590e-05  3.41732e-05  3.21527e-05  2.95336e-05  2.57046e-05
1.46750e+03  3.57897e-05  3.42031e-05  3.21771e-05  2.95465e-05  2.56939e-05
1.47250e+03  3.50817e-05  3.35497e-05  3.16018e-05  2.90778e-05  2.53811e-05
1.47750e+03  3.52279e-05  3.37089e-05  3.17707e-05  2.92521e-05  2.55483e-05
1.48250e+03  3.53660e-05  3.38324e-05  3.18721e-05  2.93236e-05  2.55779e-05
1.48750e+03  3.43255e-05  3.28789e-05  3.10403e-05  2.86588e-05  2.51639e-05
1.49250e+03  3.58148e-05  3.42883e-05  3.23267e-05  2.97683e-05  2.59818e-05
1.49750e+03  3.53646e-05  3.38790e-05  3.19704e-05  2.94787e-05  2.57815e-05
1.50250e+03  3.41755e-05  3.27404e-05  3.09107e-05  2.85384e-05  2.50545e-05
1.50750e+03  3.44210e-05  3.29923e-05  3.11632e-05  2.87813e-05  2.52564e-05
1.51250e+03  3.52028e-05  3.37303e-05  3.18360e-05  2.93608e-05  2.56802e-05
1.51750e+03  3.54159e-05  3.39568e-05  3.20714e-05  2.95993e-05  2.59012e-05
1.52250e+03  3.47501e-05  3.33231e-05  3.14902e-05  2.90984e-05  2.55414e-05
1.52750e+03  3.52953e-05  3.38650e-05  3.20107e-05  2.95727e-05  2.59089e-05
1.53250e+03  3.49945e-05  3.35858e-05  3.17662e-05  2.93807e-05  2.58034e-05
1.53750e+03  3.50796e-05  3.36866e-05  3.18807e-05  2.95069e-05  2.59325e-05
1.54250e+03  3.49721e-05  3.35931e-05  3.18061e-05  2.94552e-05  2.59089e-05
1.54750e+03  3.49278e-05  3.35538e-05  3.17724e-05  2.94296e-05  2.58944e-05
1.55250e+03  3.44671e-05  3.31042e-05  3.13445e-05  2.90386e-05  2.55756e-05
1.55750e+03  3.43594e-05  3.30039e-05  3.12538e-05  2.89624e-05  2.55271e-05
1.56250e+03  3.49165e-05  3.35782e-05  3.18315e-05  2.95222e-05  2.60055e-05
1.56750e+03  3.38604e-05  3.25446e-05  3.08516e-05  2.86392e-05  2.53189e-05
1.57250e+03  3.43849e-05  3.30858e-05  3.13971e-05  2.91712e-05  2.57879e-05
1.57750e+03  3.27898e-05  3.15440e-05  2.99436e-05  2.78516e-05  2.47140e-05
1.58250e+03  3.37537e-05  3.24799e-05  3.08278e-05  2.86523e-05  2.53510e-05
1.58750e+03  3.24230e-05  3.11990e-05  2.96399e-05  2.76152e-05  2.45918e-05
1.59250e+03  3.32516e-05  3.19873e-05  3.03608e-05  2.82327e-05  2.50286e-05
1.59750e+03  3.36503e-05  3.24079e-05  3.07917e-05  2.86599e-05  2.54158e-05
1.60500e+03  3.35297e-05  3.23055e-05  3.07147e-05  2.86136e-05  2.53999e-05
1.61500e+03  3.30633e-05  3.18716e-05  3.03333e-05  2.83106e-05  2.52236e-05
1.62500e+03  3.35310e-05  3.23232e-05  3.07390e-05  2.86410e-05  2.54314e-05
1.63500e+03  3.28229e-05  3.16797e-05  3.01936e-05  2.82243e-05  2.51884e-05
1.64500e+03  3.22979e-05  3.11889e-05  2.97594e-05  2.78692e-05  2.49483e-05
1.65500e+03  3.29219e-05  3.17561e-05  3.02243e-05  2.81953e-05  2.50923e-05
1.66500e+03  3.27172e-05  3.15630e-05  3.00418e-05  2.80232e-05  2.49309e-05
1.67500e+03  3.17587e-05  3.06966e-05  2.93104e-05  2.74578e-05  2.45745e-05
1.68500e+03  3.09895e-05  2.99799e-05  2.86774e-05  2.69391e-05  2.42236e-05
1.69500e+03  3.21633e-05  3.10508e-05  2.95801e-05  2.76230e-05  2.46158e-05
1.70500e+03  3.14020e-05  3.03017e-05  2.88589e-05  2.69534e-05  2.40532e-05
1.71500e+03  3.12884e-05  3.02034e-05  2.87751e-05  2.68850e-05  2.40032e-05
1.72500e+03  3.05430e-05  2.95068e-05  2.81455e-05  2.63378e-05  2.35736e-05
1.73500e+03  2.89927e-05  2.81272e-05  2.70099e-05  2.55013e-05  2.31131e-05
1.74500e+03  2.98700e-05  2.88988e-05  2.76225e-05  2.59148e-05  2.32719e-05
1.75500e+03  3.01254e-05  2.90931e-05  2.77392e-05  2.59475e-05  2.32172e-05
1.76500e+03  2.99108e-05  2.88845e-05  2.75442e-05  2.57752e-05  2.30835e-05
1.77500e+03  2.95342e-05  2.84987e-05  2.71553e-05  2.53911e-05  2.27263e-05
1.78500e+03  2.95215e-05  2.85037e-05  2.71766e-05  2.54259e-05  2.27650e-05
1.79500e+03  2.92934e-05  2.82825e-05  2.69605e-05  2.52164e-05  2.25715e-05
1.80500e+03  2.87593e-05  2.78028e-05  2.65424e-05  2.48660e-05  2.23020e-05
1.81500e+03  2.73640e-05  2.65901e-05  2.55771e-05  2.41938e-05  2.19847e-05
1.82500e+03  2.78569e-05  2.69810e-05  2.58271e-05  2.42739e-05  2.18634e-05
1.83500e+03  2.79900e-05  2.70420e-05  2.58028e-05  2.41657e-05  2.16853e-05
1.84500e+03  2.75337e-05  2.65911e-05  2.53701e-05  2.37678e-05  2.13576e-05
1.85500e+03  2.75381e-05  2.66114e-05  2.54054e-05  2.38153e-05  2.14081e-05
1.86500e+03  2.68573e-05  2.59718e-05  2.48141e-05  2.32814e-05  2.09603e-05
1.87500e+03  2.51849e-05  2.45316e-05  2.36679e-05  2.24725e-05  2.05500e-05
1.88500e+03  2.65763e-05  2.57267e-05  2.46095e-05  2.31189e-05  2.08386e-05
1.89500e+03  2.57731e-05  2.49006e-05  2.37826e-05  2.23237e-05  2.01498e-05
1.90500e+03  2.65123e-05  2.56188e-05  2.44635e-05  2.29462e-05  2.06582e-05
1.91500e+03  2.61240e-05  2.52423e-05  2.41057e-05  2.26151e-05  2.03739e-05
1.92500e+03  2.59215e-05  2.50612e-05  2.39474e-05  2.24833e-05  2.02773e-05
1.93500e+03  2.53230e-05  2.45090e-05  2.34484e-05  2.20422e-05  1.99102e-05
1.94500e+03  2.39402e-05  2.33150e-05  2.24986e-05  2.13741e-05  1.95708e-05
1.95500e+03  2.52017e-05  2.44086e-05  2.33692e-05  2.19833e-05  1.98651e-05
1.96500e+03  2.49932e-05  2.41660e-05  2.30990e-05  2.16982e-05  1.95917e-05
1.97500e+03  2.46774e-05  2.38524e-05  2.27951e-05  2.14109e-05  1.93337e-05
1.98500e+03  2.47050e-05  2.38775e-05  2.28168e-05  2.14275e-05  1.93398e-05
1.99500e+03  2.45063e-05  2.36862e-05  2.26370e-05  2.12641e-05  1.92027e-05
2.00500e+03  2.44692e-05  2.36542e-05  2.26115e-05  2.12466e-05  1.91947e-05
2.01500e+03  2.44264e-05  2.36142e-05  2.25734e-05  2.12085e-05  1.91524e-05
2.02500e+03  2.39065e-05  2.31085e-05  2.20913e-05  2.07622e-05  1.87715e-05
2.03500e+03  2.35437e-05  2.27652e-05  2.17753e-05  2.04842e-05  1.85548e-05
2.04500e+03  2.38069e-05  2.30190e-05  2.20117e-05  2.06918e-05  1.87066e-05
2.05500e+03  2.34210e-05  2.26367e-05  2.16392e-05  2.03380e-05  1.83959e-05
2.06500e+03  2.31259e-05  2.23662e-05  2.13986e-05  2.01332e-05  1.82358e-05
2.07500e+03  2.30723e-05  2.23135e-05  2.13462e-05  2.00797e-05  1.81782e-05
2.08500e+03  2.28019e-05  2.20454e-05  2.10855e-05  1.98345e-05  1.79704e-05
2.09500e+03  2.25039e-05  2.17657e-05  2.08285e-05  1.96058e-05  1.77804e-05
2.10500e+03  2.26139e-05  2.18780e-05  2.09395e-05  1.97102e-05  1.78637e-05
2.11500e+03  2.23296e-05  2.16062e-05  2.06852e-05  1.94796e-05  1.76719e-05
2.12500e+03  2.20804e-05  2.13639e-05  2.04529e-05  1.92621e-05  1.74823e-05
2.13500e+03  2.20567e-05  2.13524e-05  2.04522e-05  1.92705e-05  1.74926e-05
2.14500e+03  2.18987e-05  2.12010e-05  2.03056e-05  1.91282e-05  1.73573e-05
2.15500e+03  2.16382e-05  2.09734e-05  2.01124e-05  1.89676e-05  1.72303e-05
2.16500e+03  2.02926e-05  1.98020e-05  1.91606e-05  1.82725e-05  1.68433e-05
2.17500e+03  2.09779e-05  2.03453e-05  1.95302e-05  1.84461e-05  1.68030e-05
2.18500e+03  2.10536e-05  2.03938e-05  1.95496e-05  1.84408e-05  1.67776e-05
2.19500e+03  2.11159e-05  2.04413e-05  1.95815e-05  1.84551e-05  1.67689e-05
2.20500e+03  2.06769e-05  2.00203e-05  1.91883e-05  1.81013e-05  1.64782e-05
2.21500e+03  2.07704e-05  2.01128e-05  1.92782e-05  1.81862e-05  1.65514e-05
2.22500e+03  2.05659e-05  1.99075e-05  1.90736e-05  1.79848e-05  1.63593e-05
2.23500e+03  2.03983e-05  1.97454e-05  1.89198e-05  1.78427e-05  1.62373e-05
2.24500e+03  2.02502e-05  1.96034e-05  1.87859e-05  1.77195e-05  1.61304e-05
2.25500e+03  2.00459e-05  1.94149e-05  1.86176e-05  1.75768e-05  1.60233e-05
2.26500e+03  1.98474e-05  1.92166e-05  1.84214e-05  1.73855e-05  1.58457e-05
2.27500e+03  1.98633e-05  1.92372e-05  1.84460e-05  1.74127e-05  1.58709e-05
2.28500e+03  1.94722e-05  1.88590e-05  1.80875e-05  1.70837e-05  1.55944e-05
2.29500e+03  1.91915e-05  1.85506e-05  1.77417e-05  1.66838e-05  1.51103e-05
2.30500e+03  1.92904e-05  1.86653e-05  1.78763e-05  1.68458e-05  1.53115e-05
2.31500e+03  1.91038e-05  1.84921e-05  1.77214e-05  1.67159e-05  1.52196e-05
2.32500e+03  1.86529e-05  1.80140e-05  1.72106e-05  1.61651e-05  1.46274e-05
2.33500e+03  1.86688e-05  1.80608e-05  1.72956e-05  1.62982e-05  1.48200e-05
2.34500e+03  1.87310e-05  1.81278e-05  1.73679e-05  1.63762e-05  1.49020e-05
2.35500e+03  1.81402e-05  1.75138e-05  1.67282e-05  1.57082e-05  1.42150e-05
2.36500e+03  1.83634e-05  1.77630e-05  1.70075e-05  1.60223e-05  1.45627e-05
2.37500e+03  1.79484e-05  1.73709e-05  1.66523e-05  1.57236e-05  1.43563e-05
2.38500e+03  1.76307e-05  1.70303e-05  1.62783e-05  1.53011e-05  1.38678e-05
2.39500e+03  1.79158e-05  1.73287e-05  1.65906e-05  1.56277e-05  1.42012e-05
2.40500e+03  1.77899e-05  1.72172e-05  1.64986e-05  1.55626e-05  1.41764e-05
2.41500e+03  1.72303e-05  1.66516e-05  1.59309e-05  1.49976e-05  1.36304e-05
2.42500e+03  1.74377e-05  1.68664e-05  1.61503e-05  1.52178e-05  1.38411e-05
2.43500e+03  1.73325e-05  1.67770e-05  1.60816e-05  1.51773e-05  1.38418e-05
2.44500e+03  1.71282e-05  1.65585e-05  1.58451e-05  1.49168e-05  1.35517e-05
2.45500e+03  1.67431e-05  1.61948e-05  1.55129e-05  1.46312e-05  1.33426e-05
2.46500e+03  1.70192e-05  1.64778e-05  1.58007e-05  1.49201e-05  1.36188e-05
2.47500e+03  1.67079e-05  1.61702e-05  1.54997e-05  1.46298e-05  1.33496e-05
2.48500e+03  1.64509e-05  1.59198e-05  1.52564e-05  1.43934e-05  1.31217e-05
2.49500e+03  1.66092e-05  1.60795e-05  1.54179e-05  1.45581e-05  1.32910e-05
2.50500e+03  1.64816e-05  1.59575e-05  1.53053e-05  1.44615e-05  1.32254e-05
2.51500e+03  1.63192e-05  1.57900e-05  1.51279e-05  1.42654e-05  1.29937e-05
2.52500e+03  1.63847e-05  1.58645e-05  1.52139e-05  1.43670e-05  1.31169e-05
2.53500e+03  1.62228e-05  1.57147e-05  1.50802e-05  1.42552e-05  1.30387e-05
2.54500e+03  1.59138e-05  1.54153e-05  1.47957e-05  1.39931e-05  1.28142e-05
2.55500e+03  1.59090e-05  1.54135e-05  1.47954e-05  1.39916e-05  1.28049e-05
2.56500e+03  1.58022e-05  1.53139e-05  1.47062e-05  1.39179e-05  1.27578e-05
2.57500e+03  1.58621e-05  1.53739e-05  1.47636e-05  1.39689e-05  1.27950e-05
2.58500e+03  1.53801e-05  1.48986e-05  1.43014e-05  1.35295e-05  1.24021e-05
2.59500e+03  1.55522e-05  1.50726e-05  1.44735e-05  1.36946e-05  1.25476e-05
2.60500e+03  1.55155e-05  1.50466e-05  1.44585e-05  1.36904e-05  1.25538e-05
2.61500e+03  1.53127e-05  1.48651e-05  1.43007e-05  1.35577e-05  1.24489e-05
2.62500e+03  1.45145e-05  1.41810e-05  1.37488e-05  1.31538e-05  1.22119e-05
2.63500e+03  1.50477e-05  1.46145e-05  1.40671e-05  1.33452e-05  1.22695e-05
2.64500e+03  1.49412e-05  1.44952e-05  1.39392e-05  1.32184e-05  1.21620e-05
2.65500e+03  1.49156e-05  1.44656e-05  1.39050e-05  1.31776e-05  1.21092e-05
2.66500e+03  1.47189e-05  1.42804e-05  1.37351e-05  1.30269e-05  1.19841e-05
2.67500e+03  1.47880e-05  1.43554e-05  1.38185e-05  1.31208e-05  1.20888e-05
2.68500e+03  1.47827e-05  1.43436e-05  1.37965e-05  1.30844e-05  1.20333e-05
2.69500e+03  1.46749e-05  1.42311e-05  1.36792e-05  1.29633e-05  1.19125e-05
2.70500e+03  1.46104e-05  1.41728e-05  1.36286e-05  1.29233e-05  1.18882e-05
2.71500e+03  1.44869e-05  1.40538e-05  1.35164e-05  1.28213e-05  1.18040e-05
2.72500e+03  1.44032e-05  1.39746e-05  1.34427e-05  1.27551e-05  1.17492e-05
2.73500e+03  1.43245e-05  1.38988e-05  1.33699e-05  1.26841e-05  1.16773e-05
2.74500e+03  1.42686e-05  1.38502e-05  1.33296e-05  1.26527e-05  1.16565e-05
2.75500e+03  1.39964e-05  1.36045e-05  1.31189e-05  1.24864e-05  1.15485e-05
2.76500e+03  1.39440e-05  1.35492e-05  1.30588e-05  1.24198e-05  1.14744e-05
2.77500e+03  1.39154e-05  1.35074e-05  1.30017e-05  1.23477e-05  1.13911e-05
2.78500e+03  1.38490e-05  1.34415e-05  1.29375e-05  1.22875e-05  1.13405e-05
2.79500e+03  1.38384e-05  1.34319e-05  1.29283e-05  1.22778e-05  1.13284e-05
2.80500e+03  1.37361e-05  1.33334e-05  1.28349e-05  1.21918e-05  1.12540e-05
2.81500e+03  1.36656e-05  1.32652e-05  1.27693e-05  1.21289e-05  1.11940e-05
2.82500e+03  1.35634e-05  1.31673e-05  1.26773e-05  1.20453e-05  1.11244e-05
2.83500e+03  1.35231e-05  1.31306e-05  1.26447e-05  1.20170e-05  1.11009e-05
2.84500e+03  1.33415e-05  1.29568e-05  1.24814e-05  1.18686e-05  1.09771e-05
2.85500e+03  1.33059e-05  1.29240e-05  1.24509e-05  1.18389e-05  1.09455e-05
2.86500e+03  1.31598e-05  1.27959e-05  1.23433e-05  1.17525e-05  1.08808e-05
2.87500e+03  1.29297e-05  1.25912e-05  1.21710e-05  1.16203e-05  1.07983e-05
2.88500e+03  1.30187e-05  1.26532e-05  1.22003e-05  1.16130e-05  1.07540e-05
2.89500e+03  1.29914e-05  1.26212e-05  1.21633e-05  1.15722e-05  1.07111e-05
2.90500e+03  1.29180e-05  1.25488e-05  1.20929e-05  1.15054e-05  1.06509e-05
2.91500e+03  1.28388e-05  1.24739e-05  1.20234e-05  1.14427e-05  1.05978e-05
2.92500e+03  1.26600e-05  1.23000e-05  1.18572e-05  1.12885e-05  1.04647e-05
2.93500e+03  1.26762e-05  1.23142e-05  1.18683e-05  1.12951e-05  1.04642e-05
2.94500e+03  1.25715e-05  1.22141e-05  1.17742e-05  1.12088e-05  1.03893e-05
2.95500e+03  1.25237e-05  1.21674e-05  1.17287e-05  1.11648e-05  1.03479e-05
2.96500e+03  1.24617e-05  1.21082e-05  1.16728e-05  1.11132e-05  1.03018e-05
2.97500e+03  1.23827e-05  1.20332e-05  1.16029e-05  1.10498e-05  1.02482e-05
2.98500e+03  1.23056e-05  1.19579e-05  1.15301e-05  1.09802e-05  1.01839e-05
2.99500e+03  1.21834e-05  1.18410e-05  1.14202e-05  1.08800e-05  1.00990e-05
3.00500e+03  1.21085e-05  1.17696e-05  1.13529e-05  1.08179e-05  1.00441e-05
3.01500e+03  1.20806e-05  1.17447e-05  1.13307e-05  1.07976e-05  1.00245e-05
3.02500e+03  1.19679e-05  1.16396e-05  1.12340e-05  1.07101e-05  9.94885e-06
3.03500e+03  1.17077e-05  1.14153e-05  1.10516e-05  1.05740e-05  9.86288e-06
3.04500e+03  1.17451e-05  1.14432e-05  1.10672e-05  1.05741e-05  9.84291e-06
3.05500e+03  1.17685e-05  1.14462e-05  1.10485e-05  1.05357e-05  9.79195e-06
3.06500e+03  1.16803e-05  1.13591e-05  1.09643e-05  1.04572e-05  9.72379e-06
3.07500e+03  1.16688e-05  1.13459e-05  1.09490e-05  1.04391e-05  9.70160e-06
3.08500e+03  1.15188e-05  1.12006e-05  1.08107e-05  1.03113e-05  9.59205e-06
3.09500e+03  1.14864e-05  1.11696e-05  1.07811e-05  1.02831e-05  9.56460e-06
3.10500e+03  1.14636e-05  1.11484e-05  1.07615e-05  1.02649e-05  9.54708e-06
3.11500e+03  1.12566e-05  1.09523e-05  1.05797e-05  1.01026e-05  9.41464e-06
3.12500e+03  1.13063e-05  1.09967e-05  1.06173e-05  1.01308e-05  9.42885e-06
3.13500e+03  1.12522e-05  1.09438e-05  1.05656e-05  1.00803e-05  9.37967e-06
3.14500e+03  1.11961e-05  1.08904e-05  1.05155e-05  1.00345e-05  9.34003e-06
3.15500e+03  1.10752e-05  1.07743e-05  1.04062e-05  9.93485e-06  9.25604e-06
3.16500e+03  1.10151e-05  1.07123e-05  1.03424e-05  9.87012e-06  9.19316e-06
3.17500e+03  1.09813e-05  1.06835e-05  1.03188e-05  9.85140e-06  9.17753e-06
3.18500e+03  1.09231e-05  1.06254e-05  1.02612e-05  9.79518e-06  9.12478e-06
3.19500e+03  1.08862e-05  1.05902e-05  1.02276e-05  9.76334e-06  9.09462e-06
3.21000e+03  1.07627e-05  1.04720e-05  1.01165e-05  9.66164e-06  9.00717e-06
3.23000e+03  1.06440e-05  1.03556e-05  1.00031e-05  9.55224e-06  8.90450e-06
3.25000e+03  1.05059e-05  1.02230e-05  9.87742e-06  9.43614e-06  8.80347e-06
3.27000e+03  1.03828e-05  1.01058e-05  9.76710e-06  9.33369e-06  8.71143e-06
3.29000e+03  1.01127e-05  9.87111e-06  9.57126e-06  9.17907e-06  8.59990e-06
3.31000e+03  1.00958e-05  9.83811e-06  9.52105e-06  9.11210e-06  8.52013e-06
3.33000e+03  9.99792e-06  9.73535e-06  9.41493e-06  9.00560e-06  8.41870e-06
3.35000e+03  9.93253e-06  9.67022e-06  9.35058e-06  8.94281e-06  8.35909e-06
3.37000e+03  9.79586e-06  9.54036e-06  9.22918e-06  8.83216e-06  8.26349e-06
3.39000e+03  9.68011e-06  9.42740e-06  9.11983e-06  8.72772e-06  8.16667e-06
3.41000e+03  9.55402e-06  9.30639e-06  9.00542e-06  8.62224e-06  8.07489e-06
3.43000e+03  9.50843e-06  9.26049e-06  8.95894e-06  8.57488e-06  8.02626e-06
3.45000e+03  9.43205e-06  9.18491e-06  8.88426e-06  8.50130e-06  7.95438e-06
3.47000e+03  9.31001e-06  9.06763e-06  8.77325e-06  8.39883e-06  7.86515e-06
3.49000e+03  9.21846e-06  8.97927e-06  8.68880e-06  8.31942e-06  7.79298e-06
3.51000e+03  9.13496e-06  8.89854e-06  8.61131e-06  8.24583e-06  7.72456e-06
3.53000e+03  9.01058e-06  8.77870e-06  8.49737e-06  8.13979e-06  7.63040e-06
3.55000e+03  8.93804e-06  8.70852e-06  8.42999e-06  8.07589e-06  7.57146e-06
3.57000e+03  8.83289e-06  8.60729e-06  8.33358e-06  7.98562e-06  7.48990e-06
3.59000e+03  8.72887e-06  8.50639e-06  8.23683e-06  7.89465e-06  7.40809e-06
3.61000e+03  8.67773e-06  8.45693e-06  8.18902e-06  7.84842e-06  7.36335e-06
3.63000e+03  8.58592e-06  8.36801e-06  8.10374e-06  7.76794e-06  7.29002e-06
3.65000e+03  8.41068e-06  8.19965e-06  7.94511e-06  7.62348e-06  7.16859e-06
3.67000e+03  8.34907e-06  8.14141e-06  7.89011e-06  7.57134e-06  7.11836e-06
3.69000e+03  8.18973e-06  7.98929e-06  7.74749e-06  7.44162e-06  7.00826e-06
3.71000e+03  8.08878e-06  7.89016e-06  7.65094e-06  7.34909e-06  6.92331e-06
3.73000e+03  8.04175e-06  7.85427e-06  7.62470e-06  7.32966e-06  6.90524e-06
3.75000e+03  7.81723e-06  7.64137e-06  7.42758e-06  7.15460e-06  6.76412e-06
3.77000e+03  7.91571e-06  7.72219e-06  7.48861e-06  7.19313e-06  6.77510e-06
3.79000e+03  7.83454e-06  7.64325e-06  7.41275e-06  7.12163e-06  6.71033e-06
3.81000e+03  7.76822e-06  7.57830e-06  7.34956e-06  7.06079e-06  6.65316e-06
3.83000e+03  7.74167e-06  7.55243e-06  7.32394e-06  7.03468e-06  6.62486e-06
3.85000e+03  7.68191e-06  7.49385e-06  7.26672e-06  6.97917e-06  6.57197e-06
3.87000e+03  7.57254e-06  7.38920e-06  7.16803e-06  6.88826e-06  6.49233e-06
3.89000e+03  7.47400e-06  7.29442e-06  7.07831e-06  6.80559e-06  6.42057e-06
3.91000e+03  7.45825e-06  7.27813e-06  7.06074e-06  6.78555e-06  6.39574e-06
3.93000e+03  7.38719e-06  7.20886e-06  6.99376e-06  6.72169e-06  6.33688e-06
3.95000e+03  7.25571e-06  7.08188e-06  6.87307e-06  6.61017e-06  6.24035e-06
3.97000e+03  7.22741e-06  7.05337e-06  6.84397e-06  6.57992e-06  6.20797e-06
3.99000e+03  7.08844e-06  6.92093e-06  6.71980e-06  6.46657e-06  6.11034e-06
4.01000e+03  7.05531e-06  6.89008e-06  6.69122e-06  6.44009e-06  6.08523e-06
4.03000e+03  7.02924e-06  6.86398e-06  6.66457e-06  6.41221e-06  6.05514e-06
4.05000e+03  6.85353e-06  6.71196e-06  6.53740e-06  6.31084e-06  5.98098e-06
4.07000e+03  6.86837e-06  6.70884e-06  6.51678e-06  6.27432e-06  5.93223e-06
4.09000e+03  6.82844e-06  6.66924e-06  6.47770e-06  6.23595e-06  5.89467e-06
4.11000e+03  6.77940e-06  6.62038e-06  6.42918e-06  6.18808e-06  5.84828e-06
4.13000e+03  6.73826e-06  6.58008e-06  6.38977e-06  6.14964e-06  5.81095e-06
4.15000e+03  6.63606e-06  6.48273e-06  6.29854e-06  6.06641e-06  5.73945e-06
4.17000e+03  6.59303e-06  6.44194e-06  6.26001e-06  6.02991e-06  5.70406e-06
4.19000e+03  6.53435e-06  6.38405e-06  6.20320e-06  5.97484e-06  5.65247e-06
4.21000e+03  6.42699e-06  6.28138e-06  6.10664e-06  5.88658e-06  5.57656e-06
4.23000e+03  6.45216e-06  6.30239e-06  6.12239e-06  5.89550e-06  5.57588e-06
4.25000e+03  6.36079e-06  6.21430e-06  6.03863e-06  5.81767e-06  5.50702e-06
4.27000e+03  6.32867e-06  6.18253e-06  6.00713e-06  5.78634e-06  5.47586e-06
4.29000e+03  6.14869e-06  6.00510e-06  5.83355e-06  5.61842e-06  5.31580e-06
4.31000e+03  6.03484e-06  5.89324e-06  5.72367e-06  5.51019e-06  5.20757e-06
4.33000e+03  6.02881e-06  5.89026e-06  5.72407e-06  5.51456e-06  5.21811e-06
4.35000e+03  5.84436e-06  5.70963e-06  5.54856e-06  5.34599e-06  5.05895e-06
4.37000e+03  5.77523e-06  5.64475e-06  5.48772e-06  5.28856e-06  5.00381e-06
4.39000e+03  5.78420e-06  5.65169e-06  5.49208e-06  5.28954e-06  5.00006e-06
4.41000e+03  5.56700e-06  5.43734e-06  5.28275e-06  5.08845e-06  4.81199e-06
4.43000e+03  5.60005e-06  5.46920e-06  5.31230e-06  5.11424e-06  4.83237e-06
4.45000e+03  5.57723e-06  5.44646e-06  5.28909e-06  5.08959e-06  4.80438e-06
4.47000e+03  5.39391e-06  5.26661e-06  5.11469e-06  4.92343e-06  4.65041e-06
4.49000e+03  5.44724e-06  5.31874e-06  5.16461e-06  4.96997e-06  4.69285e-06
4.51000e+03  5.39445e-06  5.26661e-06  5.11300e-06  4.91865e-06  4.64134e-06
4.53000e+03  5.24579e-06  5.12122e-06  4.97261e-06  4.78564e-06  4.51889e-06
4.55000e+03  5.27197e-06  5.14808e-06  4.99984e-06  4.81291e-06  4.54607e-06
4.57000e+03  5.25711e-06  5.13412e-06  4.98660e-06  4.80011e-06  4.53345e-06
4.59000e+03  5.11285e-06  4.99157e-06  4.84679e-06  4.66435e-06  4.40325e-06
4.61000e+03  5.14164e-06  5.02203e-06  4.87891e-06  4.69824e-06  4.43953e-06
4.63000e+03  5.09669e-06  4.97810e-06  4.83574e-06  4.65537e-06  4.39571e-06
4.65000e+03  5.00712e-06  4.90078e-06  4.77109e-06  4.60415e-06  4.36010e-06
4.67000e+03  5.01280e-06  4.90244e-06  4.76910e-06  4.59889e-06  4.35189e-06
4.69000e+03  5.00455e-06  4.89058e-06  4.75370e-06  4.58005e-06  4.32937e-06
4.71000e+03  4.95157e-06  4.83758e-06  4.70132e-06  4.52941e-06  4.28270e-06
4.73000e+03  4.96094e-06  4.84802e-06  4.71303e-06  4.54279e-06  4.29929e-06
4.75000e+03  4.90938e-06  4.79757e-06  4.66379e-06  4.49480e-06  4.25222e-06
4.77000e+03  4.86333e-06  4.75307e-06  4.62147e-06  4.45568e-06  4.21850e-06
4.79000e+03  4.83595e-06  4.72625e-06  4.59540e-06  4.43079e-06  4.19598e-06
4.81000e+03  4.77339e-06  4.66587e-06  4.53762e-06  4.37605e-06  4.14429e-06
4.83000e+03  4.79202e-06  4.68511e-06  4.55736e-06  4.39633e-06  4.16650e-06
4.85000e+03  4.72956e-06  4.62379e-06  4.49768e-06  4.33915e-06  4.11345e-06
4.87000e+03  4.69167e-06  4.58696e-06  4.46217e-06  4.30529e-06  4.08155e-06
4.89000e+03  4.66875e-06  4.56519e-06  4.44173e-06  4.28653e-06  4.06546e-06
4.91000e+03  4.63200e-06  4.52869e-06  4.40558e-06  4.25086e-06  4.03065e-06
4.93000e+03  4.60119e-06  4.49896e-06  4.37705e-06  4.22374e-06  4.00543e-06
4.95000e+03  4.55777e-06  4.45756e-06  4.33832e-06  4.18868e-06  3.97576e-06
4.97000e+03  4.53501e-06  4.43544e-06  4.31681e-06  4.16778e-06  3.95588e-06
4.99000e+03  4.51236e-06  4.41249e-06  4.29357e-06  4.14432e-06  3.93237e-06
5.01000e+03  4.45503e-06  4.35691e-06  4.24012e-06  4.09354e-06  3.88513e-06
5.03000e+03  4.45722e-06  4.36009e-06  4.24436e-06  4.09899e-06  3.89232e-06
5.05000e+03  4.39835e-06  4.30237e-06  4.18797e-06  4.04415e-06  3.83953e-06
5.07000e+03  4.37630e-06  4.28101e-06  4.16746e-06  4.02476e-06  3.82185e-06
5.09000e+03  4.35708e-06  4.26278e-06  4.15044e-06  4.00941e-06  3.80903e-06
5.11000e+03  4.30449e-06  4.21242e-06  4.10252e-06  3.96424e-06  3.76734e-06
5.13000e+03  4.27600e-06  4.18846e-06  4.08285e-06  3.94838e-06  3.75442e-06
5.15000e+03  4.25985e-06  4.16888e-06  4.06026e-06  3.92352e-06  3.72868e-06
5.17000e+03  4.25861e-06  4.16803e-06  4.06013e-06  3.92471e-06  3.73270e-06
5.19000e+03  4.20598e-06  4.11648e-06  4.00985e-06  3.87583e-06  3.68505e-06
5.21000e+03  4.16997e-06  4.08159e-06  3.97630e-06  3.84392e-06  3.65532e-06
5.23000e+03  4.14051e-06  4.05351e-06  3.94993e-06  3.81978e-06  3.63442e-06
5.25000e+03  4.13173e-06  4.04517e-06  3.94208e-06  3.81257e-06  3.62818e-06
5.27000e+03  4.11617e-06  4.03053e-06  3.92858e-06  3.80061e-06  3.61894e-06
5.29000e+03  4.05797e-06  3.97346e-06  3.87280e-06  3.74619e-06  3.56552e-06
5.31000e+03  4.04333e-06  3.95915e-06  3.85896e-06  3.73318e-06  3.55416e-06
5.33000e+03  4.01669e-06  3.93391e-06  3.83534e-06  3.71144e-06  3.53474e-06
5.35000e+03  3.99096e-06  3.90894e-06  3.81137e-06  3.68888e-06  3.51455e-06
5.37000e+03  3.94980e-06  3.86993e-06  3.77514e-06  3.65641e-06  3.48775e-06
5.39000e+03  3.94319e-06  3.86313e-06  3.76793e-06  3.64847e-06  3.47861e-06
5.41000e+03  3.91848e-06  3.83893e-06  3.74440e-06  3.62588e-06  3.45751e-06
5.43000e+03  3.86949e-06  3.79173e-06  3.69935e-06  3.58345e-06  3.41835e-06
5.45000e+03  3.86990e-06  3.79194e-06  3.69934e-06  3.58331e-06  3.41867e-06
5.47000e+03  3.83332e-06  3.75670e-06  3.66573e-06  3.55176e-06  3.38989e-06
5.49000e+03  3.80863e-06  3.73278e-06  3.64269e-06  3.52974e-06  3.36911e-06
5.51000e+03  3.79272e-06  3.71696e-06  3.62701e-06  3.51436e-06  3.35449e-06
5.53000e+03  3.78207e-06  3.70752e-06  3.61904e-06  3.50836e-06  3.35180e-06
5.55000e+03  3.73324e-06  3.65925e-06  3.57147e-06  3.46153e-06  3.30540e-06
5.57000e+03  3.73582e-06  3.66226e-06  3.57499e-06  3.46584e-06  3.31157e-06
5.59000e+03  3.67364e-06  3.60286e-06  3.51913e-06  3.41460e-06  3.26659e-06
5.61000e+03  3.67369e-06  3.60201e-06  3.51710e-06  3.41099e-06  3.26093e-06
5.63000e+03  3.64320e-06  3.57214e-06  3.48798e-06  3.38285e-06  3.23413e-06
5.65000e+03  3.63979e-06  3.56883e-06  3.48473e-06  3.37968e-06  3.23150e-06
5.67000e+03  3.61618e-06  3.54585e-06  3.46253e-06  3.35851e-06  3.21178e-06
5.69000e+03  3.56948e-06  3.50060e-06  3.41911e-06  3.31749e-06  3.17402e-06
5.71000e+03  3.56802e-06  3.49953e-06  3.41842e-06  3.31717e-06  3.17437e-06
5.73000e+03  3.54794e-06  3.47975e-06  3.39899e-06  3.29820e-06  3.15621e-06
5.75000e+03  3.52293e-06  3.45545e-06  3.37558e-06  3.27594e-06  3.13556e-06
5.77000e+03  3.49814e-06  3.43112e-06  3.35187e-06  3.25315e-06  3.11429e-06
5.79000e+03  3.48031e-06  3.41426e-06  3.33616e-06  3.23889e-06  3.10213e-06
5.81000e+03  3.45351e-06  3.38777e-06  3.31010e-06  3.21342e-06  3.07761e-06
5.83000e+03  3.43630e-06  3.37097e-06  3.29374e-06  3.19758e-06  3.06253e-06
5.85000e+03  3.42025e-06  3.35539e-06  3.27873e-06  3.18333e-06  3.04949e-06
5.87000e+03  3.38899e-06  3.32493e-06  3.24924e-06  3.15507e-06  3.02287e-06
5.89000e+03  3.35314e-06  3.29153e-06  3.21865e-06  3.12786e-06  3.00023e-06
5.91000e+03  3.34074e-06  3.28213e-06  3.21172e-06  3.12261e-06  2.99545e-06
5.93000e+03  3.33249e-06  3.27044e-06  3.19699e-06  3.10549e-06  2.97704e-06
5.95000e+03  3.29646e-06  3.23607e-06  3.16470e-06  3.07582e-06  2.95093e-06
5.97000e+03  3.29497e-06  3.23390e-06  3.16173e-06  3.07190e-06  2.94592e-06
5.99000e+03  3.27505e-06  3.21421e-06  3.14238e-06  3.05310e-06  2.92809e-06
6.01000e+03  3.24870e-06  3.18900e-06  3.11860e-06  3.03119e-06  2.90887e-06
6.03000e+03  3.23553e-06  3.17567e-06  3.10502e-06  3.01725e-06  2.89440e-06
6.05000e+03  3.21468e-06  3.15509e-06  3.08479e-06  2.99746e-06  2.87525e-06
6.07000e+03  3.19195e-06  3.13328e-06  3.06409e-06  2.97818e-06  2.85800e-06
6.09000e+03  3.16909e-06  3.11124e-06  3.04298e-06  2.95818e-06  2.83945e-06
6.11000e+03  3.14214e-06  3.08547e-06  3.01859e-06  2.93546e-06  2.81891e-06
6.13000e+03  3.13637e-06  3.07912e-06  3.01156e-06  2.92766e-06  2.81026e-06
6.15000e+03  3.12147e-06  3.06438e-06  2.99704e-06  2.91344e-06  2.79659e-06
6.17000e+03  3.10196e-06  3.04558e-06  2.97911e-06  2.89663e-06  2.78144e-06
6.19000e+03  3.08589e-06  3.02998e-06  2.96403e-06  2.88215e-06  2.76771e-06
6.21000e+03  3.06916e-06  3.01372e-06  2.94832e-06  2.86711e-06  2.75362e-06
6.23000e+03  3.03261e-06  2.97924e-06  2.91627e-06  2.83798e-06  2.72827e-06
6.25000e+03  3.02290e-06  2.96887e-06  2.90510e-06  2.82586e-06  2.71495e-06
6.27000e+03  3.00622e-06  2.95280e-06  2.88970e-06  2.81124e-06  2.70135e-06
6.29000e+03  2.99195e-06  2.93892e-06  2.87623e-06  2.79819e-06  2.68879e-06
6.31000e+03  2.96040e-06  2.90866e-06  2.84763e-06  2.77178e-06  2.66553e-06
6.33000e+03  2.96378e-06  2.91105e-06  2.84880e-06  2.77144e-06  2.66328e-06
6.35000e+03  2.94170e-06  2.88938e-06  2.82766e-06  2.75100e-06  2.64383e-06
6.37000e+03  2.92645e-06  2.87503e-06  2.81436e-06  2.73899e-06  2.63357e-06
6.39000e+03  2.90568e-06  2.85441e-06  2.79396e-06  2.71888e-06  2.61388e-06
6.42000e+03  2.88420e-06  2.83348e-06  2.77366e-06  2.69938e-06  2.59554e-06
6.46000e+03  2.84446e-06  2.79506e-06  2.73682e-06  2.66451e-06  2.56335e-06
6.50000e+03  2.81051e-06  2.76213e-06  2.70509e-06  2.63425e-06  2.53509e-06
6.54000e+03  2.78452e-06  2.73632e-06  2.67950e-06  2.60895e-06  2.51027e-06
6.58000e+03  2.75456e-06  2.70718e-06  2.65132e-06  2.58194e-06  2.48491e-06
6.62000e+03  2.71968e-06  2.67323e-06  2.61848e-06  2.55049e-06  2.45535e-06
6.66000e+03  2.69223e-06  2.64637e-06  2.59231e-06  2.52518e-06  2.43126e-06
6.70000e+03  2.65789e-06  2.61311e-06  2.56035e-06  2.49485e-06  2.40319e-06
6.74000e+03  2.62418e-06  2.58040e-06  2.52879e-06  2.46467e-06  2.37485e-06
6.78000e+03  2.59772e-06  2.55475e-06  2.50398e-06  2.44079e-06  2.35212e-06
6.82000e+03  2.56978e-06  2.52700e-06  2.47661e-06  2.41404e-06  2.32649e-06
6.86000e+03  2.54169e-06  2.49959e-06  2.45002e-06  2.38848e-06  2.30237e-06
6.90000e+03  2.51305e-06  2.47161e-06  2.42280e-06  2.36222e-06  2.27741e-06
6.94000e+03  2.48334e-06  2.44271e-06  2.39487e-06  2.33549e-06  2.25232e-06
6.98000e+03  2.45925e-06  2.41904e-06  2.37169e-06  2.31292e-06  2.23063e-06
7.02000e+03  2.42581e-06  2.38678e-06  2.34083e-06  2.28377e-06  2.20377e-06
7.06000e+03  2.40410e-06  2.36521e-06  2.31944e-06  2.26264e-06  2.18310e-06
7.10000e+03  2.37890e-06  2.34052e-06  2.29535e-06  2.23930e-06  2.16081e-06
7.14000e+03  2.35254e-06  2.31484e-06  2.27048e-06  2.21543e-06  2.13832e-06
7.18000e+03  2.32715e-06  2.28998e-06  2.24625e-06  2.19198e-06  2.11595e-06
7.22000e+03  2.30159e-06  2.26513e-06  2.22223e-06  2.16896e-06  2.09427e-06
7.26000e+03  2.27606e-06  2.24017e-06  2.19796e-06  2.14556e-06  2.07210e-06
7.30000e+03  2.25471e-06  2.21910e-06  2.17723e-06  2.12526e-06  2.05242e-06
7.34000e+03  2.22732e-06  2.19259e-06  2.15174e-06  2.10103e-06  2.02985e-06
7.38000e+03  2.20701e-06  2.17250e-06  2.13190e-06  2.08153e-06  2.01089e-06
7.42000e+03  2.17988e-06  2.14613e-06  2.10643e-06  2.05718e-06  1.98806e-06
7.46000e+03  2.14670e-06  2.11572e-06  2.07883e-06  2.03244e-06  1.96648e-06
7.50000e+03  2.13079e-06  2.09970e-06  2.06266e-06  2.01610e-06  1.94994e-06
7.54000e+03  2.11385e-06  2.08159e-06  2.04362e-06  1.99643e-06  1.93012e-06
7.58000e+03  2.09441e-06  2.06235e-06  2.02465e-06  1.97782e-06  1.91200e-06
7.62000e+03  2.07296e-06  2.04133e-06  2.00413e-06  1.95793e-06  1.89291e-06
7.66000e+03  2.05193e-06  2.02070e-06  1.98397e-06  1.93833e-06  1.87399e-06
7.70000e+03  2.02682e-06  1.99630e-06  1.96042e-06  1.91585e-06  1.85291e-06
7.74000e+03  2.01043e-06  1.98004e-06  1.94427e-06  1.89977e-06  1.83680e-06
7.78000e+03  1.99049e-06  1.96049e-06  1.92518e-06  1.88121e-06  1.81889e-06
7.82000e+03  1.97045e-06  1.94085e-06  1.90600e-06  1.86260e-06  1.80104e-06
7.86000e+03  1.95114e-06  1.92190e-06  1.88747e-06  1.84457e-06  1.78359e-06
7.90000e+03  1.93156e-06  1.90275e-06  1.86883e-06  1.82656e-06  1.76648e-06
7.94000e+03  1.91207e-06  1.88368e-06  1.85023e-06  1.80854e-06  1.74920e-06
7.98000e+03  1.89380e-06  1.86579e-06  1.83281e-06  1.79169e-06  1.73317e-06
8.02000e+03  1.87281e-06  1.84534e-06  1.81300e-06  1.77272e-06  1.71538e-06
8.06000e+03  1.85427e-06  1.82726e-06  1.79546e-06  1.75583e-06  1.69943e-06
8.10000e+03  1.83925e-06  1.81239e-06  1.78076e-06  1.74137e-06  1.68537e-06
8.14000e+03  1.81682e-06  1.79073e-06  1.76005e-06  1.72183e-06  1.66752e-06
8.18000e+03  1.80248e-06  1.77660e-06  1.74613e-06  1.70816e-06  1.65418e-06
8.22000e+03  1.78735e-06  1.76157e-06  1.73126e-06  1.69352e-06  1.63997e-06
8.26000e+03  1.76942e-06  1.74405e-06  1.71421e-06  1.67708e-06  1.62437e-06
8.30000e+03  1.75349e-06  1.72839e-06  1.69889e-06  1.66215e-06  1.60998e-06
8.34000e+03  1.73374e-06  1.70924e-06  1.68043e-06  1.64457e-06  1.59360e-06
8.38000e+03  1.71915e-06  1.69485e-06  1.66628e-06  1.63069e-06  1.58011e-06
8.42000e+03  1.70469e-06  1.68057e-06  1.65221e-06  1.61687e-06  1.56658e-06
8.46000e+03  1.68900e-06  1.66518e-06  1.63718e-06  1.60229e-06  1.55267e-06
8.50000e+03  1.67349e-06  1.64996e-06  1.62229e-06  1.58780e-06  1.53868e-06
8.54000e+03  1.65781e-06  1.63462e-06  1.60734e-06  1.57335e-06  1.52493e-06
8.58000e+03  1.64319e-06  1.62026e-06  1.59329e-06  1.55966e-06  1.51174e-06
8.62000e+03  1.62724e-06  1.60468e-06  1.57815e-06  1.54507e-06  1.49788e-06
8.66000e+03  1.61343e-06  1.59111e-06  1.56484e-06  1.53206e-06  1.48525e-06
8.70000e+03  1.59914e-06  1.57706e-06  1.55109e-06  1.51868e-06  1.47241e-06
8.74000e+03  1.58384e-06  1.56230e-06  1.53690e-06  1.50514e-06  1.45975e-06
8.78000e+03  1.56965e-06  1.54835e-06  1.52322e-06  1.49179e-06  1.44680e-06
8.82000e+03  1.55356e-06  1.53252e-06  1.50778e-06  1.47691e-06  1.43279e-06
8.86000e+03  1.54086e-06  1.52004e-06  1.49556e-06  1.46501e-06  1.42131e-06
8.90000e+03  1.52704e-06  1.50649e-06  1.48233e-06  1.45218e-06  1.40907e-06
8.94000e+03  1.51504e-06  1.49463e-06  1.47063e-06  1.44067e-06  1.39782e-06
8.98000e+03  1.49961e-06  1.47963e-06  1.45613e-06  1.42681e-06  1.38484e-06
9.02000e+03  1.48757e-06  1.46774e-06  1.44443e-06  1.41536e-06  1.37382e-06
9.06000e+03  1.47687e-06  1.45714e-06  1.43394e-06  1.40500e-06  1.36365e-06
9.10000e+03  1.46152e-06  1.44220e-06  1.41950e-06  1.39116e-06  1.35063e-06
9.14000e+03  1.44967e-06  1.43055e-06  1.40807e-06  1.38001e-06  1.33985e-06
9.18000e+03  1.43851e-06  1.41953e-06  1.39722e-06  1.36939e-06  1.32963e-06
9.22000e+03  1.42703e-06  1.40822e-06  1.38611e-06  1.35853e-06  1.31910e-06
9.26000e+03  1.41452e-06  1.39598e-06  1.37417e-06  1.34697e-06  1.30809e-06
9.30000e+03  1.40315e-06  1.38479e-06  1.36320e-06  1.33627e-06  1.29777e-06
9.34000e+03  1.39038e-06  1.37229e-06  1.35103e-06  1.32451e-06  1.28659e-06
9.38000e+03  1.37899e-06  1.36116e-06  1.34017e-06  1.31397e-06  1.27646e-06
9.42000e+03  1.36798e-06  1.35030e-06  1.32952e-06  1.30357e-06  1.26647e-06
9.46000e+03  1.35620e-06  1.33872e-06  1.31817e-06  1.29253e-06  1.25587e-06
9.50000e+03  1.34511e-06  1.32783e-06  1.30752e-06  1.28219e-06  1.24596e-06
9.54000e+03  1.33380e-06  1.31678e-06  1.29678e-06  1.27182e-06  1.23612e-06
9.58000e+03  1.32318e-06  1.30630e-06  1.28645e-06  1.26169e-06  1.22626e-06
9.62000e+03  1.31182e-06  1.29522e-06  1.27570e-06  1.25134e-06  1.21648e-06
9.66000e+03  1.30162e-06  1.28512e-06  1.26572e-06  1.24151e-06  1.20688e-06
9.70000e+03  1.29158e-06  1.27525e-06  1.25607e-06  1.23212e-06  1.19787e-06
9.74000e+03  1.27793e-06  1.26205e-06  1.24338e-06  1.22005e-06  1.18660e-06
9.78000e+03  1.26841e-06  1.25261e-06  1.23405e-06  1.21087e-06  1.17767e-06
9.82000e+03  1.26026e-06  1.24453e-06  1.22604e-06  1.20295e-06  1.16990e-06
9.86000e+03  1.25048e-06  1.23490e-06  1.21658e-06  1.19370e-06  1.16096e-06
9.90000e+03  1.24070e-06  1.22526e-06  1.20712e-06  1.18447e-06  1.15203e-06
9.94000e+03  1.22977e-06  1.21458e-06  1.19673e-06  1.17442e-06  1.14246e-06
9.98000e+03  1.22089e-06  1.20584e-06  1.18814e-06  1.16604e-06  1.13437e-06
1.00200e+04  1.21132e-06  1.19642e-06  1.17892e-06  1.15706e-06  1.12572e-06
2.00000e+04  3.07482e-07  3.05155e-07  3.02363e-07  2.98745e-07  2.93219e-07
4.00000e+04  7.65973e-08  7.61767e-08  7.56640e-08  7.49867e-08  7.39300e-08
6.00000e+04  3.38177e-08  3.36566e-08  3.34607e-08  3.32030e-08  3.28009e-08
8.00000e+04  1.89107e-08  1.88292e-08  1.87303e-08  1.86003e-08  1.83940e-08
1.00000e+05  1.20432e-08  1.19950e-08  1.19366e-08  1.18591e-08  1.17324e-08
1.20000e+05  8.32832e-09  8.29684e-09  8.25836e-09  8.20665e-09  8.11895e-09
1.40000e+05  6.09653e-09  6.07433e-09  6.04693e-09  6.00945e-09  5.94378e-09
1.60000e+05  4.65257e-09  4.63598e-09  4.61528e-09  4.58644e-09  4.53455e-09
