  1.690E-08
  1.692E-08
  1.677E-08
  1.655E-08
  1.633E-08
  1.598E-08
  1.559E-08
  1.504E-08
  1.448E-08
  1.397E-08
  1.328E-08
  1.769E-08
  1.638E-08
  1.504E-08
  1.397E-08
  1.306E-08
  1.230E-08
  1.157E-08
  1.103E-08
  1.058E-08
  1.023E-08
  1.325E-08
  1.312E-08
  1.498E-08
  1.515E-08
  1.557E-08
  1.594E-08
  1.635E-08
  1.694E-08
  1.742E-08
  1.779E-08
  1.807E-08
  1.334E-06
  1.395E-06
  1.475E-06
  1.537E-06
  1.578E-06
  1.617E-06
  1.654E-06
  1.679E-06
  1.700E-06
  1.722E-06
  1.744E-06
  1.773E-06
  1.803E-06
  1.835E-06
  1.869E-06
  1.957E-06
  1.999E-06
  2.041E-06
  2.424E-06
  2.455E-06
  2.484E-06
  2.512E-06
  2.538E-06
  2.559E-06
  2.580E-06
  2.600E-06
  2.698E-06
  2.713E-06
  2.728E-06
  2.742E-06
  2.756E-06
  2.771E-06
  2.786E-06
  2.800E-06
  2.816E-06
  2.832E-06
  2.847E-06
  2.967E-06
  2.978E-06
  2.987E-06
  2.996E-06
  3.005E-06
  3.014E-06
  3.101E-06
  3.104E-06
  9.701E-06
  9.775E-06
  9.880E-06
  9.984E-06
  1.009E-05
  1.019E-05
  1.030E-05
  1.040E-05
  1.050E-05
  1.061E-05
  1.071E-05
  1.082E-05
  1.101E-05
  1.111E-05
  1.122E-05
  1.132E-05
  1.142E-05
  1.153E-05
  1.163E-05
  1.183E-05
  1.193E-05
  1.203E-05
  1.212E-05
  1.222E-05
  1.232E-05
  1.242E-05
  1.251E-05
  1.261E-05
  1.271E-05
  1.280E-05
  1.290E-05
  1.300E-05
  1.310E-05
  1.320E-05
  1.330E-05
  1.339E-05
  1.349E-05
  1.359E-05
  1.369E-05
  1.389E-05
  1.408E-05
  1.428E-05
