           rhox         t           p          xne        xnatom        rho
    1   4.159E-07   3.340E+03   5.161E-01   9.287E+07   1.119E+12   2.392E-12
    2   1.572E-06   3.338E+03   5.373E-01   9.629E+07   1.166E+12   2.492E-12
    3   3.059E-06   3.334E+03   5.642E-01   1.005E+08   1.226E+12   2.620E-12
    4   5.019E-06   3.327E+03   5.962E-01   1.054E+08   1.298E+12   2.775E-12
    5   7.605E-06   3.310E+03   6.262E-01   1.091E+08   1.371E+12   2.929E-12
    6   1.106E-05   3.288E+03   6.644E-01   1.133E+08   1.464E+12   3.128E-12
    7   1.569E-05   3.264E+03   7.191E-01   1.190E+08   1.596E+12   3.412E-12
    8   2.193E-05   3.239E+03   8.009E-01   1.275E+08   1.791E+12   3.829E-12
    9   3.033E-05   3.221E+03   9.264E-01   1.413E+08   2.084E+12   4.454E-12
   10   4.116E-05   3.223E+03   1.137E+00   1.681E+08   2.555E+12   5.460E-12
   11   5.455E-05   3.249E+03   1.444E+00   2.122E+08   3.220E+12   6.883E-12
   12   7.060E-05   3.286E+03   1.832E+00   2.710E+08   4.040E+12   8.635E-12
   13   8.965E-05   3.333E+03   2.319E+00   3.489E+08   5.042E+12   1.078E-11
   14   1.126E-04   3.366E+03   2.797E+00   4.240E+08   6.019E+12   1.287E-11
   15   1.413E-04   3.391E+03   3.291E+00   4.992E+08   7.032E+12   1.503E-11
   16   1.778E-04   3.393E+03   3.742E+00   5.579E+08   7.991E+12   1.708E-11
   17   2.237E-04   3.432E+03   4.496E+00   6.779E+08   9.491E+12   2.029E-11
   18   2.761E-04   3.516E+03   5.722E+00   8.963E+08   1.179E+13   2.520E-11
   19   3.352E-04   3.643E+03   7.523E+00   1.228E+09   1.496E+13   3.198E-11
   20   4.051E-04   3.749E+03   9.723E+00   1.607E+09   1.878E+13   4.015E-11
   21   4.890E-04   3.846E+03   1.233E+01   2.040E+09   2.322E+13   4.962E-11
   22   5.900E-04   3.881E+03   1.490E+01   2.452E+09   2.780E+13   5.942E-11
   23   7.105E-04   3.891E+03   1.760E+01   2.877E+09   3.276E+13   7.002E-11
   24   8.558E-04   3.833E+03   1.989E+01   3.195E+09   3.759E+13   8.033E-11
   25   1.045E-03   3.627E+03   2.060E+01   2.969E+09   4.115E+13   8.795E-11
   26   1.331E-03   3.462E+03   2.099E+01   2.507E+09   4.393E+13   9.390E-11
   27   1.679E-03   3.562E+03   2.248E+01   3.005E+09   4.573E+13   9.775E-11
   28   2.070E-03   3.646E+03   2.518E+01   3.584E+09   5.002E+13   1.069E-10
   29   2.541E-03   3.694E+03   2.918E+01   4.225E+09   5.723E+13   1.223E-10
   30   3.103E-03   3.699E+03   3.602E+01   5.086E+09   7.055E+13   1.508E-10
   31   3.718E-03   3.702E+03   4.817E+01   6.523E+09   9.428E+13   2.015E-10
   32   4.375E-03   3.729E+03   6.387E+01   8.481E+09   1.241E+14   2.652E-10
   33   5.089E-03   3.770E+03   8.268E+01   1.092E+10   1.589E+14   3.396E-10
   34   5.886E-03   3.793E+03   1.026E+02   1.337E+10   1.960E+14   4.189E-10
   35   6.804E-03   3.814E+03   1.233E+02   1.587E+10   2.343E+14   5.007E-10
   36   7.871E-03   3.837E+03   1.476E+02   1.882E+10   2.787E+14   5.956E-10
   37   9.127E-03   3.857E+03   1.694E+02   2.150E+10   3.182E+14   6.801E-10
   38   1.058E-02   3.896E+03   1.970E+02   2.522E+10   3.664E+14   7.831E-10
   39   1.228E-02   3.945E+03   2.285E+02   2.972E+10   4.196E+14   8.967E-10
   40   1.428E-02   3.989E+03   2.574E+02   3.393E+10   4.675E+14   9.993E-10
   41   1.666E-02   4.049E+03   2.939E+02   3.953E+10   5.259E+14   1.124E-09
   42   1.948E-02   4.118E+03   3.338E+02   4.585E+10   5.871E+14   1.255E-09
   43   2.287E-02   4.176E+03   3.771E+02   5.246E+10   6.541E+14   1.398E-09
   44   2.689E-02   4.238E+03   4.365E+02   6.127E+10   7.460E+14   1.595E-09
   45   3.152E-02   4.310E+03   5.192E+02   7.348E+10   8.725E+14   1.865E-09
   46   3.680E-02   4.353E+03   6.237E+02   8.805E+10   1.038E+15   2.218E-09
   47   4.271E-02   4.369E+03   7.537E+02   1.051E+11   1.250E+15   2.671E-09
   48   4.923E-02   4.389E+03   9.328E+02   1.282E+11   1.540E+15   3.291E-09
   49   5.629E-02   4.414E+03   1.148E+03   1.559E+11   1.884E+15   4.026E-09
   50   6.442E-02   4.424E+03   1.338E+03   1.795E+11   2.191E+15   4.683E-09
   51   7.404E-02   4.424E+03   1.564E+03   2.062E+11   2.561E+15   5.475E-09
   52   8.456E-02   4.474E+03   1.951E+03   2.561E+11   3.159E+15   6.752E-09
   53   9.614E-02   4.506E+03   2.381E+03   3.095E+11   3.828E+15   8.181E-09
   54   1.090E-01   4.492E+03   2.924E+03   3.683E+11   4.715E+15   1.008E-08
   55   1.236E-01   4.429E+03   3.406E+03   4.059E+11   5.572E+15   1.191E-08
   56   1.414E-01   4.395E+03   3.834E+03   4.386E+11   6.320E+15   1.351E-08
   57   1.632E-01   4.393E+03   4.250E+03   4.770E+11   7.011E+15   1.498E-08
   58   1.895E-01   4.414E+03   4.736E+03   5.296E+11   7.777E+15   1.662E-08
   59   2.209E-01   4.456E+03   5.332E+03   6.015E+11   8.672E+15   1.853E-08
   60   2.579E-01   4.507E+03   6.050E+03   6.911E+11   9.726E+15   2.079E-08
   61   3.016E-01   4.520E+03   6.890E+03   7.769E+11   1.105E+16   2.361E-08
   62   3.531E-01   4.525E+03   7.916E+03   8.747E+11   1.268E+16   2.710E-08
   63   4.141E-01   4.514E+03   9.118E+03   9.747E+11   1.464E+16   3.130E-08
   64   4.867E-01   4.503E+03   1.038E+04   1.075E+12   1.672E+16   3.573E-08
   65   5.738E-01   4.483E+03   1.191E+04   1.182E+12   1.927E+16   4.118E-08
   66   6.769E-01   4.484E+03   1.378E+04   1.327E+12   2.229E+16   4.763E-08
   67   7.972E-01   4.500E+03   1.600E+04   1.514E+12   2.579E+16   5.512E-08
   68   9.362E-01   4.541E+03   1.860E+04   1.765E+12   2.970E+16   6.349E-08
   69   1.094E+00   4.604E+03   2.172E+04   2.103E+12   3.422E+16   7.314E-08
   70   1.275E+00   4.675E+03   2.530E+04   2.509E+12   3.924E+16   8.387E-08
   71   1.481E+00   4.761E+03   2.946E+04   3.016E+12   4.486E+16   9.589E-08
   72   1.717E+00   4.844E+03   3.407E+04   3.589E+12   5.100E+16   1.090E-07
   73   1.991E+00   4.934E+03   3.926E+04   4.267E+12   5.770E+16   1.233E-07
   74   2.306E+00   5.045E+03   4.539E+04   5.149E+12   6.522E+16   1.394E-07
   75   2.668E+00   5.177E+03   5.246E+04   6.322E+12   7.345E+16   1.570E-07
   76   3.079E+00   5.338E+03   6.073E+04   8.063E+12   8.246E+16   1.763E-07
   77   3.528E+00   5.524E+03   6.998E+04   1.089E+13   9.180E+16   1.962E-07
   78   3.991E+00   5.734E+03   7.992E+04   1.587E+13   1.010E+17   2.158E-07
   79   4.438E+00   5.955E+03   8.979E+04   2.433E+13   1.092E+17   2.335E-07
   80   4.846E+00   6.201E+03   9.897E+04   3.945E+13   1.156E+17   2.471E-07
   81   5.198E+00   6.491E+03   1.070E+05   6.839E+13   1.194E+17   2.552E-07
   82   5.498E+00   6.787E+03   1.136E+05   1.167E+14   1.212E+17   2.590E-07
   83   5.758E+00   7.036E+03   1.203E+05   1.793E+14   1.237E+17   2.643E-07
   84   5.946E+00   7.470E+03   1.244E+05   3.483E+14   1.203E+17   2.572E-07
   85   6.062E+00   7.998E+03   1.267E+05   7.093E+14   1.140E+17   2.437E-07
   86   6.148E+00   8.486E+03   1.283E+05   1.266E+15   1.083E+17   2.314E-07
   87   6.230E+00   8.989E+03   1.299E+05   2.149E+15   1.026E+17   2.192E-07
   88   6.282E+00   9.276E+03   1.309E+05   2.829E+15   9.941E+16   2.125E-07
   89   6.347E+00   9.579E+03   1.320E+05   3.708E+15   9.611E+16   2.054E-07
   90   6.415E+00   9.877E+03   1.332E+05   4.747E+15   9.294E+16   1.986E-07
   91   6.478E+00   1.009E+04   1.343E+05   5.620E+15   9.073E+16   1.939E-07
