  5.040E-09
  5.409E-09
  5.801E-09
  6.220E-09
  6.667E-09
  7.138E-09
  7.607E-09
  8.154E-09
  8.736E-09
  9.323E-09
  9.922E-09
  1.039E-08
  1.111E-08
  1.179E-08
  1.265E-08
  1.353E-08
  1.427E-08
  1.498E-08
  1.584E-08
  1.674E-08
  1.782E-08
  1.898E-08
  1.995E-08
  2.091E-08
  2.208E-08
  2.338E-08
  2.483E-08
  2.650E-08
  2.826E-08
  2.990E-08
  3.147E-08
  3.291E-08
  8.513E-08
  9.179E-08
  9.965E-08
  1.060E-07
  1.130E-07
  1.193E-07
  1.245E-07
  1.298E-07
  1.351E-07
  1.406E-07
  1.463E-07
  1.524E-07
  1.586E-07
  1.644E-07
  1.706E-07
  1.827E-07
  1.912E-07
  1.997E-07
  2.341E-07
  2.426E-07
  2.512E-07
  2.599E-07
  2.689E-07
  2.783E-07
  2.888E-07
  2.995E-07
  3.105E-07
  3.186E-07
  3.288E-07
  3.414E-07
  3.517E-07
  3.588E-07
  3.646E-07
  3.739E-07
  3.960E-07
  3.995E-07
  4.044E-07
  4.272E-07
  4.362E-07
  4.637E-07
  4.589E-07
  4.646E-07
  4.773E-07
  4.992E-07
  5.036E-07
  1.772E-06
  1.801E-06
  1.841E-06
  1.882E-06
  1.924E-06
  1.967E-06
  2.010E-06
  2.055E-06
  2.100E-06
  2.146E-06
  2.193E-06
  2.241E-06
  2.300E-06
  2.348E-06
  2.397E-06
  2.447E-06
  2.497E-06
  2.548E-06
  2.598E-06
  2.677E-06
  2.726E-06
  2.774E-06
  2.824E-06
  2.874E-06
  2.924E-06
  2.974E-06
  3.024E-06
  3.075E-06
  3.127E-06
  3.179E-06
  3.231E-06
  3.285E-06
  3.339E-06
  3.393E-06
  3.448E-06
  3.504E-06
  3.560E-06
  3.617E-06
  3.673E-06
  3.775E-06
  3.887E-06
  4.005E-06
