           rhox         t           p          xne        xnatom        rho
    1   1.466E-08   5.095E+03   4.668E-01   4.430E+09   6.593E+11   1.409E-12
    2   5.376E-08   5.094E+03   4.674E-01   4.429E+09   6.602E+11   1.411E-12
    3   1.054E-07   5.094E+03   4.682E-01   4.429E+09   6.614E+11   1.414E-12
    4   1.734E-07   5.094E+03   4.693E-01   4.428E+09   6.629E+11   1.417E-12
    5   2.635E-07   5.093E+03   4.707E-01   4.427E+09   6.649E+11   1.421E-12
    6   3.826E-07   5.092E+03   4.725E-01   4.426E+09   6.676E+11   1.427E-12
    7   5.406E-07   5.091E+03   4.748E-01   4.424E+09   6.711E+11   1.434E-12
    8   7.503E-07   5.090E+03   4.780E-01   4.422E+09   6.758E+11   1.444E-12
    9   1.029E-06   5.088E+03   4.821E-01   4.419E+09   6.819E+11   1.458E-12
   10   1.402E-06   5.086E+03   4.876E-01   4.414E+09   6.900E+11   1.475E-12
   11   1.905E-06   5.081E+03   4.976E-01   4.394E+09   7.049E+11   1.507E-12
   12   2.594E-06   5.072E+03   5.139E-01   4.350E+09   7.295E+11   1.559E-12
   13   3.555E-06   5.059E+03   5.389E-01   4.281E+09   7.673E+11   1.640E-12
   14   4.949E-06   5.039E+03   5.755E-01   4.167E+09   8.232E+11   1.759E-12
   15   7.179E-06   4.975E+03   6.131E-01   3.538E+09   8.890E+11   1.900E-12
   16   1.129E-05   4.851E+03   6.562E-01   2.468E+09   9.773E+11   2.089E-12
   17   1.719E-05   4.875E+03   6.916E-01   2.738E+09   1.025E+12   2.191E-12
   18   2.098E-05   5.108E+03   6.811E-01   5.598E+09   9.603E+11   2.052E-12
   19   2.378E-05   5.263E+03   6.206E-01   8.368E+09   8.457E+11   1.807E-12
   20   2.642E-05   5.383E+03   5.753E-01   1.118E+10   7.630E+11   1.631E-12
   21   2.911E-05   5.471E+03   5.587E-01   1.391E+10   7.258E+11   1.551E-12
   22   3.222E-05   5.528E+03   5.784E-01   1.640E+10   7.415E+11   1.585E-12
   23   3.788E-05   5.531E+03   6.478E-01   1.752E+10   8.308E+11   1.776E-12
   24   5.068E-05   5.017E+03   1.068E+00   5.359E+09   1.537E+12   3.284E-12
   25   5.308E-05   4.871E+03   1.132E+00   3.494E+09   1.679E+12   3.590E-12
   26   5.689E-05   4.775E+03   1.177E+00   2.612E+09   1.783E+12   3.811E-12
   27   6.092E-05   4.759E+03   1.239E+00   2.545E+09   1.884E+12   4.026E-12
   28   6.511E-05   4.804E+03   1.314E+00   3.042E+09   1.979E+12   4.229E-12
   29   6.931E-05   4.889E+03   1.332E+00   4.025E+09   1.969E+12   4.208E-12
   30   7.333E-05   4.985E+03   1.330E+00   5.444E+09   1.927E+12   4.119E-12
   31   7.758E-05   5.058E+03   1.179E+00   6.385E+09   1.681E+12   3.594E-12
   32   9.527E-05   5.254E+03   5.691E-01   7.805E+09   7.767E+11   1.660E-12
   33   9.690E-05   5.279E+03   5.794E-01   8.451E+09   7.865E+11   1.681E-12
   34   1.041E-04   5.137E+03   6.163E-01   5.793E+09   8.632E+11   1.845E-12
   35   1.056E-04   5.094E+03   6.636E-01   5.299E+09   9.383E+11   2.005E-12
   36   1.079E-04   5.055E+03   7.346E-01   4.958E+09   1.048E+12   2.239E-12
   37   1.104E-04   5.018E+03   8.225E-01   4.689E+09   1.183E+12   2.528E-12
   38   1.133E-04   4.961E+03   9.103E-01   4.152E+09   1.325E+12   2.832E-12
   39   1.164E-04   4.901E+03   9.982E-01   3.604E+09   1.472E+12   3.145E-12
   40   1.196E-04   4.840E+03   1.030E+00   3.013E+09   1.538E+12   3.288E-12
   41   1.229E-04   4.776E+03   1.035E+00   2.447E+09   1.567E+12   3.350E-12
   42   1.261E-04   4.700E+03   9.540E-01   1.824E+09   1.468E+12   3.138E-12
   43   1.289E-04   4.637E+03   8.553E-01   1.388E+09   1.335E+12   2.853E-12
   44   1.314E-04   4.588E+03   7.343E-01   1.081E+09   1.158E+12   2.476E-12
   45   1.336E-04   4.589E+03   6.431E-01   1.012E+09   1.014E+12   2.167E-12
   46   1.355E-04   4.617E+03   5.663E-01   1.041E+09   8.874E+11   1.897E-12
   47   1.373E-04   4.681E+03   5.312E-01   1.255E+09   8.207E+11   1.754E-12
   48   1.389E-04   4.752E+03   5.036E-01   1.552E+09   7.661E+11   1.637E-12
   49   1.406E-04   4.837E+03   5.078E-01   2.061E+09   7.585E+11   1.621E-12
   50   1.422E-04   4.919E+03   5.182E-01   2.719E+09   7.603E+11   1.625E-12
   51   1.439E-04   4.997E+03   5.463E-01   3.568E+09   7.883E+11   1.685E-12
   52   1.456E-04   5.062E+03   5.711E-01   4.447E+09   8.128E+11   1.737E-12
   53   1.474E-04   5.112E+03   5.912E-01   5.259E+09   8.324E+11   1.779E-12
   54   1.502E-04   5.142E+03   6.044E-01   5.817E+09   8.456E+11   1.807E-12
   55   1.746E-04   5.046E+03   7.225E-01   4.782E+09   1.032E+12   2.206E-12
   56   1.759E-04   4.970E+03   7.307E-01   3.807E+09   1.061E+12   2.268E-12
   57   1.783E-04   4.884E+03   7.349E-01   2.906E+09   1.087E+12   2.324E-12
   58   1.806E-04   4.776E+03   7.307E-01   2.041E+09   1.106E+12   2.364E-12
   59   1.830E-04   4.659E+03   7.207E-01   1.367E+09   1.119E+12   2.392E-12
   60   1.855E-04   4.534E+03   7.055E-01   8.767E+08   1.126E+12   2.407E-12
   61   1.879E-04   4.462E+03   7.140E-01   6.857E+08   1.159E+12   2.476E-12
   62   1.905E-04   4.408E+03   7.308E-01   5.753E+08   1.200E+12   2.566E-12
   63   1.933E-04   4.431E+03   7.855E-01   6.494E+08   1.284E+12   2.743E-12
   64   1.962E-04   4.461E+03   8.455E-01   7.518E+08   1.372E+12   2.932E-12
   65   1.994E-04   4.509E+03   9.168E-01   9.272E+08   1.472E+12   3.146E-12
   66   2.028E-04   4.566E+03   1.009E+00   1.188E+09   1.600E+12   3.420E-12
   67   2.066E-04   4.638E+03   1.136E+00   1.623E+09   1.772E+12   3.788E-12
   68   2.110E-04   4.727E+03   1.319E+00   2.366E+09   2.019E+12   4.316E-12
   69   2.160E-04   4.828E+03   1.548E+00   3.580E+09   2.320E+12   4.958E-12
   70   2.216E-04   4.917E+03   1.796E+00   5.139E+09   2.640E+12   5.643E-12
   71   2.279E-04   5.003E+03   2.056E+00   7.194E+09   2.969E+12   6.346E-12
   72   2.380E-04   5.062E+03   2.232E+00   8.988E+09   3.185E+12   6.807E-12
   73   2.862E-04   5.300E+03   3.058E+00   2.098E+10   4.158E+12   8.887E-12
   74   2.921E-04   5.290E+03   3.106E+00   2.054E+10   4.233E+12   9.047E-12
   75   3.013E-04   5.276E+03   3.142E+00   1.989E+10   4.294E+12   9.178E-12
   76   3.132E-04   5.262E+03   3.173E+00   1.921E+10   4.349E+12   9.295E-12
   77   3.501E-04   5.076E+03   3.259E+00   1.138E+10   4.639E+12   9.916E-12
   78   3.731E-04   4.614E+03   3.102E+00   2.583E+09   4.867E+12   1.040E-11
   79   3.808E-04   4.515E+03   2.986E+00   1.831E+09   4.788E+12   1.023E-11
   80   3.908E-04   4.433E+03   2.869E+00   1.381E+09   4.686E+12   1.002E-11
   81   4.009E-04   4.457E+03   2.875E+00   1.489E+09   4.671E+12   9.984E-12
   82   4.110E-04   4.488E+03   2.912E+00   1.655E+09   4.698E+12   1.004E-11
   83   4.237E-04   4.540E+03   3.032E+00   2.007E+09   4.835E+12   1.033E-11
   84   4.482E-04   4.672E+03   3.813E+00   3.495E+09   5.909E+12   1.263E-11
   85   4.609E-04   4.678E+03   4.498E+00   3.900E+09   6.961E+12   1.488E-11
   86   4.824E-04   4.650E+03   5.306E+00   3.909E+09   8.262E+12   1.766E-11
   87   5.243E-04   4.286E+03   6.154E+00   1.522E+09   1.040E+13   2.223E-11
   88   5.442E-04   4.121E+03   6.282E+00   1.188E+09   1.104E+13   2.360E-11
   89   5.696E-04   3.989E+03   6.512E+00   1.130E+09   1.182E+13   2.527E-11
   90   5.971E-04   3.942E+03   7.016E+00   1.200E+09   1.289E+13   2.755E-11
   91   6.267E-04   3.912E+03   7.487E+00   1.273E+09   1.386E+13   2.962E-11
   92   6.580E-04   3.900E+03   7.915E+00   1.341E+09   1.470E+13   3.142E-11
   93   6.906E-04   3.907E+03   8.237E+00   1.394E+09   1.527E+13   3.264E-11
   94   7.241E-04   3.921E+03   8.509E+00   1.440E+09   1.572E+13   3.359E-11
   95   7.581E-04   3.945E+03   8.686E+00   1.473E+09   1.595E+13   3.409E-11
   96   7.925E-04   3.968E+03   8.830E+00   1.501E+09   1.612E+13   3.445E-11
   97   8.268E-04   3.977E+03   8.822E+00   1.502E+09   1.607E+13   3.434E-11
   98   9.150E-04   3.981E+03   8.755E+00   1.492E+09   1.593E+13   3.405E-11
   99   2.929E-03   3.929E+03   2.953E+01   4.714E+09   5.444E+13   1.164E-10
  100   3.617E-03   3.721E+03   4.207E+01   5.909E+09   8.192E+13   1.751E-10
  101   4.434E-03   3.643E+03   5.245E+01   6.600E+09   1.043E+14   2.230E-10
  102   4.861E-03   3.770E+03   4.735E+01   6.785E+09   9.097E+13   1.944E-10
  103   4.972E-03   3.858E+03   4.050E+01   6.190E+09   7.604E+13   1.625E-10
  104   5.089E-03   3.941E+03   2.976E+01   4.758E+09   5.469E+13   1.169E-10
  105   5.165E-03   3.953E+03   1.953E+01   3.198E+09   3.579E+13   7.649E-11
  106   5.209E-03   3.832E+03   1.057E+01   1.760E+09   1.997E+13   4.269E-11
  107   5.233E-03   3.654E+03   5.743E+00   9.611E+08   1.138E+13   2.433E-11
  108   5.248E-03   3.442E+03   3.237E+00   5.148E+08   6.813E+12   1.456E-11
  109   5.260E-03   3.429E+03   2.925E+00   4.663E+08   6.178E+12   1.320E-11
  110   5.273E-03   3.474E+03   3.141E+00   5.127E+08   6.549E+12   1.400E-11
  111   5.293E-03   3.537E+03   3.520E+00   5.874E+08   7.209E+12   1.541E-11
  112   5.391E-03   3.672E+03   5.051E+00   8.558E+08   9.964E+12   2.130E-11
  113   5.456E-03   3.547E+03   6.071E+00   9.648E+08   1.240E+13   2.650E-11
  114   5.476E-03   3.531E+03   6.631E+00   1.031E+09   1.360E+13   2.908E-11
  115   5.507E-03   3.523E+03   7.290E+00   1.113E+09   1.499E+13   3.204E-11
  116   5.540E-03   3.527E+03   8.071E+00   1.221E+09   1.658E+13   3.543E-11
  117   5.577E-03   3.533E+03   8.764E+00   1.317E+09   1.797E+13   3.841E-11
  118   5.617E-03   3.540E+03   9.360E+00   1.402E+09   1.915E+13   4.094E-11
  119   5.659E-03   3.538E+03   9.898E+00   1.469E+09   2.027E+13   4.332E-11
  120   5.703E-03   3.529E+03   1.044E+01   1.526E+09   2.144E+13   4.582E-11
  121   5.749E-03   3.514E+03   1.085E+01   1.553E+09   2.237E+13   4.781E-11
  122   5.796E-03   3.500E+03   1.110E+01   1.562E+09   2.297E+13   4.910E-11
  123   5.841E-03   3.502E+03   1.044E+01   1.486E+09   2.159E+13   4.614E-11
  124   5.881E-03   3.502E+03   9.583E+00   1.383E+09   1.982E+13   4.237E-11
  125   5.917E-03   3.500E+03   8.418E+00   1.236E+09   1.742E+13   3.724E-11
  126   5.947E-03   3.511E+03   7.163E+00   1.086E+09   1.478E+13   3.159E-11
  127   5.971E-03   3.528E+03   5.783E+00   9.124E+08   1.188E+13   2.538E-11
  128   5.990E-03   3.523E+03   4.644E+00   7.488E+08   9.550E+12   2.041E-11
  129   6.005E-03   3.511E+03   3.643E+00   5.983E+08   7.516E+12   1.607E-11
  130   6.018E-03   3.498E+03   3.222E+00   5.319E+08   6.673E+12   1.426E-11
  131   6.031E-03   3.491E+03   3.017E+00   4.993E+08   6.261E+12   1.338E-11
  132   6.047E-03   3.512E+03   3.822E+00   6.250E+08   7.883E+12   1.685E-11
  133   6.067E-03   3.524E+03   4.915E+00   7.881E+08   1.010E+13   2.159E-11
  134   6.096E-03   3.519E+03   6.528E+00   1.008E+09   1.344E+13   2.872E-11
  135   6.140E-03   3.530E+03   9.819E+00   1.449E+09   2.015E+13   4.307E-11
  136   6.201E-03   3.556E+03   1.455E+01   2.074E+09   2.966E+13   6.339E-11
  137   6.283E-03   3.573E+03   1.905E+01   2.647E+09   3.864E+13   8.258E-11
  138   6.387E-03   3.585E+03   2.355E+01   3.199E+09   4.759E+13   1.017E-10
  139   6.614E-03   3.600E+03   3.175E+01   4.166E+09   6.390E+13   1.366E-10
  140   8.260E-03   3.662E+03   6.360E+01   7.892E+09   1.258E+14   2.689E-10
  141   1.053E-02   3.661E+03   7.698E+01   9.199E+09   1.523E+14   3.256E-10
  142   1.252E-02   3.658E+03   9.415E+01   1.076E+10   1.865E+14   3.986E-10
  143   1.592E-02   3.608E+03   6.565E+01   7.576E+09   1.318E+14   2.818E-10
  144   2.191E-02   3.740E+03   6.464E+01   8.651E+09   1.252E+14   2.676E-10
  145   2.471E-02   3.817E+03   4.387E+01   6.528E+09   8.326E+13   1.780E-10
  146   2.480E-02   3.811E+03   4.106E+01   6.136E+09   7.804E+13   1.668E-10
  147   2.506E-02   3.808E+03   3.783E+01   5.692E+09   7.196E+13   1.538E-10
  148   2.756E-02   3.984E+03   6.513E+01   9.966E+09   1.184E+14   2.531E-10
  149   2.772E-02   4.003E+03   7.253E+01   1.106E+10   1.312E+14   2.805E-10
  150   2.825E-02   3.999E+03   7.868E+01   1.191E+10   1.425E+14   3.046E-10
  151   3.145E-02   4.049E+03   1.488E+02   2.163E+10   2.662E+14   5.690E-10
  152   3.184E-02   4.058E+03   1.594E+02   2.310E+10   2.846E+14   6.082E-10
  153   3.248E-02   4.046E+03   1.684E+02   2.415E+10   3.016E+14   6.446E-10
  154   3.324E-02   4.012E+03   1.695E+02   2.391E+10   3.060E+14   6.540E-10
  155   3.452E-02   4.004E+03   1.644E+02   2.318E+10   2.974E+14   6.357E-10
  156   3.539E-02   4.055E+03   1.655E+02   2.387E+10   2.956E+14   6.318E-10
  157   4.363E-02   4.118E+03   2.190E+02   3.147E+10   3.851E+14   8.231E-10
  158   5.007E-02   4.058E+03   1.925E+02   2.736E+10   3.437E+14   7.347E-10
  159   6.173E-02   4.105E+03   1.942E+02   2.809E+10   3.427E+14   7.325E-10
  160   7.199E-02   4.140E+03   2.304E+02   3.321E+10   4.031E+14   8.615E-10
  161   9.221E-02   4.201E+03   2.130E+02   3.149E+10   3.673E+14   7.851E-10
  162   1.218E-01   4.300E+03   4.052E+02   5.845E+10   6.826E+14   1.459E-09
  163   1.373E-01   4.336E+03   2.336E+02   3.553E+10   3.902E+14   8.340E-10
  164   1.447E-01   4.480E+03   1.614E+02   2.745E+10   2.609E+14   5.576E-10
  165   1.471E-01   4.465E+03   1.234E+02   2.151E+10   2.001E+14   4.277E-10
  166   1.748E-01   4.390E+03   1.416E+03   1.861E+11   2.337E+15   4.995E-09
  167   1.840E-01   4.348E+03   1.424E+03   1.834E+11   2.373E+15   5.072E-09
  168   2.017E-01   4.374E+03   1.364E+03   1.788E+11   2.260E+15   4.830E-09
  169   2.242E-01   4.377E+03   9.488E+02   1.296E+11   1.570E+15   3.356E-09
  170   2.262E-01   4.368E+03   9.148E+02   1.250E+11   1.517E+15   3.242E-09
  171   2.293E-01   4.365E+03   8.973E+02   1.228E+11   1.489E+15   3.183E-09
  172   2.321E-01   4.399E+03   7.849E+02   1.102E+11   1.292E+15   2.762E-09
  173   2.344E-01   4.444E+03   6.374E+02   9.251E+10   1.039E+15   2.221E-09
  174   2.379E-01   4.525E+03   5.413E+02   8.238E+10   8.664E+14   1.852E-09
  175   2.713E-01   4.794E+03   1.086E+03   1.846E+11   1.640E+15   3.506E-09
  176   2.735E-01   4.768E+03   1.226E+03   1.988E+11   1.862E+15   3.980E-09
  177   2.770E-01   4.809E+03   1.133E+03   1.944E+11   1.706E+15   3.646E-09
  178   2.799E-01   4.895E+03   8.779E+02   1.795E+11   1.299E+15   2.777E-09
  179   2.821E-01   4.968E+03   6.960E+02   1.738E+11   1.015E+15   2.169E-09
  180   2.839E-01   5.033E+03   5.325E+02   1.675E+11   7.663E+14   1.638E-09
  181   2.856E-01   5.030E+03   5.585E+02   1.714E+11   8.041E+14   1.719E-09
  182   2.875E-01   5.030E+03   5.898E+02   1.776E+11   8.491E+14   1.815E-09
  183   2.899E-01   5.050E+03   6.284E+02   1.930E+11   9.012E+14   1.926E-09
  184   2.960E-01   5.231E+03   6.946E+02   3.118E+11   9.615E+14   2.055E-09
  185   2.975E-01   5.279E+03   7.052E+02   3.526E+11   9.672E+14   2.067E-09
  186   2.993E-01   5.296E+03   6.294E+02   3.446E+11   8.604E+14   1.839E-09
  187   3.009E-01   5.312E+03   5.327E+02   3.260E+11   7.261E+14   1.552E-09
  188   3.023E-01   5.305E+03   4.894E+02   3.056E+11   6.680E+14   1.428E-09
  189   3.037E-01   5.300E+03   4.498E+02   2.878E+11   6.145E+14   1.314E-09
  190   3.050E-01   5.305E+03   4.514E+02   2.920E+11   6.161E+14   1.317E-09
  191   3.064E-01   5.306E+03   4.562E+02   2.948E+11   6.224E+14   1.330E-09
  192   3.078E-01   5.305E+03   4.684E+02   2.982E+11   6.393E+14   1.366E-09
  193   3.100E-01   5.270E+03   5.452E+02   2.975E+11   7.491E+14   1.601E-09
  194   3.165E-01   5.149E+03   8.069E+02   2.814E+11   1.135E+15   2.426E-09
  195   3.195E-01   5.190E+03   8.558E+02   3.199E+11   1.194E+15   2.553E-09
  196   3.280E-01   5.356E+03   1.550E+03   6.656E+11   2.096E+15   4.480E-09
  197   3.372E-01   5.382E+03   2.364E+03   9.023E+11   3.181E+15   6.799E-09
  198   3.669E-01   5.278E+03   4.771E+03   1.139E+12   6.547E+15   1.399E-08
  199   3.880E-01   5.229E+03   4.458E+03   9.976E+11   6.175E+15   1.320E-08
  200   4.364E-01   5.168E+03   1.960E+03   5.135E+11   2.747E+15   5.872E-09
  201   4.488E-01   4.923E+03   1.369E+03   2.612E+11   2.014E+15   4.305E-09
  202   4.518E-01   4.835E+03   1.285E+03   2.216E+11   1.924E+15   4.112E-09
  203   4.561E-01   4.734E+03   1.314E+03   2.048E+11   2.010E+15   4.296E-09
  204   4.608E-01   4.642E+03   1.378E+03   2.015E+11   2.150E+15   4.595E-09
  205   4.661E-01   4.576E+03   1.524E+03   2.140E+11   2.412E+15   5.155E-09
  206   4.720E-01   4.552E+03   1.714E+03   2.355E+11   2.728E+15   5.830E-09
  207   4.785E-01   4.560E+03   1.944E+03   2.645E+11   3.089E+15   6.601E-09
  208   4.854E-01   4.564E+03   2.040E+03   2.764E+11   3.238E+15   6.920E-09
  209   4.925E-01   4.568E+03   2.097E+03   2.838E+11   3.325E+15   7.107E-09
  210   4.994E-01   4.564E+03   2.026E+03   2.749E+11   3.216E+15   6.873E-09
  211   5.060E-01   4.559E+03   1.940E+03   2.639E+11   3.083E+15   6.590E-09
  212   5.123E-01   4.557E+03   1.825E+03   2.496E+11   2.901E+15   6.200E-09
  213   5.184E-01   4.560E+03   1.748E+03   2.405E+11   2.777E+15   5.935E-09
  214   5.243E-01   4.575E+03   1.748E+03   2.419E+11   2.767E+15   5.914E-09
  215   5.304E-01   4.594E+03   1.787E+03   2.487E+11   2.818E+15   6.023E-09
  216   5.367E-01   4.607E+03   1.858E+03   2.589E+11   2.922E+15   6.246E-09
  217   5.486E-01   4.625E+03   1.944E+03   2.718E+11   3.045E+15   6.508E-09
  218   7.500E-01   4.583E+03   3.355E+03   4.332E+11   5.303E+15   1.134E-08
  219   7.576E-01   4.539E+03   3.921E+03   4.862E+11   6.259E+15   1.338E-08
  220   7.725E-01   4.525E+03   4.344E+03   5.272E+11   6.956E+15   1.487E-08
  221   7.944E-01   4.537E+03   4.710E+03   5.686E+11   7.522E+15   1.608E-08
  222   8.796E-01   4.732E+03   5.356E+03   6.995E+11   8.199E+15   1.752E-08
  223   8.957E-01   4.736E+03   5.228E+03   6.860E+11   7.997E+15   1.709E-08
  224   9.492E-01   4.580E+03   5.298E+03   6.435E+11   8.382E+15   1.791E-08
  225   9.652E-01   4.506E+03   5.382E+03   6.258E+11   8.656E+15   1.850E-08
  226   9.930E-01   4.544E+03   7.954E+03   8.887E+11   1.269E+16   2.712E-08
  227   1.041E+00   4.628E+03   1.131E+04   1.257E+12   1.771E+16   3.786E-08
  228   1.140E+00   4.815E+03   1.924E+04   2.193E+12   2.895E+16   6.188E-08
  229   1.211E+00   4.913E+03   2.454E+04   2.848E+12   3.620E+16   7.737E-08
  230   1.297E+00   4.987E+03   2.880E+04   3.400E+12   4.185E+16   8.945E-08
  231   1.402E+00   5.028E+03   3.172E+04   3.780E+12   4.572E+16   9.772E-08
  232   1.534E+00   5.028E+03   3.393E+04   4.000E+12   4.891E+16   1.045E-07
  233   1.700E+00   5.034E+03   3.589E+04   4.207E+12   5.167E+16   1.104E-07
  234   1.914E+00   5.036E+03   3.666E+04   4.288E+12   5.276E+16   1.128E-07
  235   2.198E+00   5.007E+03   3.736E+04   4.281E+12   5.409E+16   1.156E-07
  236   2.537E+00   5.034E+03   4.099E+04   4.700E+12   5.903E+16   1.262E-07
  237   2.944E+00   5.117E+03   4.119E+04   4.972E+12   5.835E+16   1.247E-07
  238   3.749E+00   5.007E+03   1.470E+04   1.950E+12   2.127E+16   4.546E-08
  239   3.768E+00   4.960E+03   1.175E+04   1.565E+12   1.717E+16   3.669E-08
  240   3.795E+00   4.903E+03   8.239E+03   1.115E+12   1.217E+16   2.602E-08
  241   3.814E+00   4.885E+03   5.665E+03   7.987E+11   8.402E+15   1.796E-08
  242   3.829E+00   4.867E+03   4.482E+03   6.458E+11   6.671E+15   1.426E-08
  243   3.844E+00   4.907E+03   4.499E+03   6.670E+11   6.641E+15   1.419E-08
  244   3.859E+00   4.937E+03   4.695E+03   7.084E+11   6.889E+15   1.472E-08
  245   3.875E+00   4.963E+03   5.236E+03   7.934E+11   7.642E+15   1.633E-08
  246   3.893E+00   4.990E+03   5.717E+03   8.740E+11   8.298E+15   1.774E-08
  247   3.912E+00   5.009E+03   6.165E+03   9.459E+11   8.916E+15   1.906E-08
  248   4.031E+00   5.033E+03   6.591E+03   1.022E+12   9.485E+15   2.027E-08
  249   6.787E+00   5.087E+03   6.751E+04   7.340E+12   9.623E+16   2.057E-07
  250   6.955E+00   4.975E+03   2.420E+04   2.916E+12   3.525E+16   7.533E-08
  251   6.988E+00   4.906E+03   1.563E+04   1.934E+12   2.309E+16   4.934E-08
  252   7.027E+00   4.901E+03   1.128E+04   1.459E+12   1.668E+16   3.564E-08
  253   7.062E+00   4.955E+03   1.092E+04   1.465E+12   1.597E+16   3.413E-08
  254   7.115E+00   5.020E+03   1.156E+04   1.607E+12   1.668E+16   3.565E-08
  255   7.466E+00   5.043E+03   1.351E+04   1.863E+12   1.941E+16   4.150E-08
  256   7.498E+00   5.044E+03   1.268E+04   1.767E+12   1.821E+16   3.891E-08
  257   7.797E+00   5.217E+03   7.397E+03   1.398E+12   1.027E+16   2.195E-08
  258   7.809E+00   5.235E+03   7.090E+03   1.392E+12   9.810E+15   2.097E-08
  259   7.828E+00   5.254E+03   6.532E+03   1.354E+12   9.005E+15   1.925E-08
  260   7.846E+00   5.301E+03   5.981E+03   1.381E+12   8.171E+15   1.746E-08
  261   7.862E+00   5.401E+03   5.491E+03   1.572E+12   7.362E+15   1.574E-08
  262   7.878E+00   5.472E+03   5.639E+03   1.840E+12   7.464E+15   1.595E-08
  263   7.897E+00   5.515E+03   6.229E+03   2.133E+12   8.180E+15   1.748E-08
  264   7.918E+00   5.478E+03   7.505E+03   2.220E+12   9.923E+15   2.121E-08
  265   7.950E+00   5.429E+03   8.959E+03   2.265E+12   1.195E+16   2.555E-08
  266   8.017E+00   5.142E+03   1.166E+04   1.802E+12   1.643E+16   3.512E-08
  267   8.051E+00   5.087E+03   1.332E+04   1.906E+12   1.897E+16   4.054E-08
  268   8.097E+00   5.120E+03   1.500E+04   2.160E+12   2.122E+16   4.536E-08
  269   8.155E+00   5.232E+03   1.678E+04   2.640E+12   2.324E+16   4.966E-08
  270   8.265E+00   5.338E+03   1.866E+04   3.257E+12   2.532E+16   5.412E-08
  271   8.324E+00   5.320E+03   2.240E+04   3.648E+12   3.050E+16   6.519E-08
  272   8.425E+00   5.319E+03   3.023E+04   4.579E+12   4.118E+16   8.802E-08
  273   8.609E+00   5.301E+03   5.415E+04   7.128E+12   7.403E+16   1.582E-07
  274   9.347E+00   5.373E+03   5.040E+04   7.202E+12   6.797E+16   1.453E-07
  275   9.643E+00   5.274E+03   4.806E+04   6.332E+12   6.605E+16   1.412E-07
  276   9.793E+00   5.289E+03   5.119E+04   6.745E+12   7.014E+16   1.499E-07
  277   1.067E+01   5.385E+03   3.705E+04   5.758E+12   4.984E+16   1.065E-07
  278   1.073E+01   5.282E+03   3.111E+04   4.510E+12   4.266E+16   9.119E-08
  279   1.080E+01   5.216E+03   2.452E+04   3.505E+12   3.406E+16   7.280E-08
  280   1.086E+01   5.259E+03   1.988E+04   3.101E+12   2.738E+16   5.852E-08
  281   1.091E+01   5.339E+03   1.665E+04   3.000E+12   2.259E+16   4.828E-08
  282   1.097E+01   5.470E+03   1.820E+04   3.889E+12   2.410E+16   5.150E-08
  283   1.121E+01   5.538E+03   2.757E+04   5.736E+12   3.606E+16   7.707E-08
  284   1.276E+01   5.812E+03   1.608E+05   2.846E+13   2.005E+17   4.286E-07
  285   1.340E+01   6.051E+03   1.661E+05   4.159E+13   1.989E+17   4.251E-07
  286   1.432E+01   6.184E+03   1.641E+05   5.136E+13   1.923E+17   4.110E-07
  287   1.535E+01   6.352E+03   1.627E+05   6.795E+13   1.855E+17   3.965E-07
  288   1.641E+01   6.542E+03   1.639E+05   9.413E+13   1.814E+17   3.878E-07
  289   1.745E+01   6.750E+03   1.654E+05   1.338E+14   1.774E+17   3.792E-07
  290   1.840E+01   7.022E+03   1.625E+05   2.052E+14   1.674E+17   3.578E-07
  291   1.933E+01   7.242E+03   1.489E+05   2.744E+14   1.486E+17   3.177E-07
  292   2.000E+01   7.897E+03   1.474E+05   6.743E+14   1.346E+17   2.876E-07
  293   2.027E+01   8.717E+03   1.492E+05   1.752E+15   1.222E+17   2.612E-07
