  1.054E-09
  1.115E-09
  1.176E-09
  1.239E-09
  1.307E-09
  1.376E-09
  1.450E-09
  1.526E-09
  1.606E-09
  1.693E-09
  1.781E-09
  2.077E-09
  2.158E-09
  2.246E-09
  2.341E-09
  2.449E-09
  2.565E-09
  2.689E-09
  2.826E-09
  2.975E-09
  3.166E-09
  3.475E-09
  3.626E-09
  3.937E-09
  4.159E-09
  4.403E-09
  4.657E-09
  4.923E-09
  5.210E-09
  5.505E-09
  5.809E-09
  6.094E-09
  2.198E-07
  2.346E-07
  2.547E-07
  2.705E-07
  2.811E-07
  2.912E-07
  3.010E-07
  3.078E-07
  3.137E-07
  3.198E-07
  3.261E-07
  3.343E-07
  3.430E-07
  3.522E-07
  3.620E-07
  3.866E-07
  3.991E-07
  4.118E-07
  5.253E-07
  5.353E-07
  5.449E-07
  5.540E-07
  5.629E-07
  5.704E-07
  5.777E-07
  5.850E-07
  6.174E-07
  6.234E-07
  6.293E-07
  6.358E-07
  6.427E-07
  6.499E-07
  6.567E-07
  6.637E-07
  6.708E-07
  6.779E-07
  6.852E-07
  7.261E-07
  7.319E-07
  7.377E-07
  7.434E-07
  7.492E-07
  7.549E-07
  7.862E-07
  7.896E-07
  4.028E-06
  4.070E-06
  4.129E-06
  4.187E-06
  4.246E-06
  4.305E-06
  4.365E-06
  4.424E-06
  4.484E-06
  4.544E-06
  4.605E-06
  4.667E-06
  4.784E-06
  4.845E-06
  4.907E-06
  4.971E-06
  5.035E-06
  5.100E-06
  5.164E-06
  5.290E-06
  5.352E-06
  5.414E-06
  5.476E-06
  5.539E-06
  5.602E-06
  5.664E-06
  5.727E-06
  5.790E-06
  5.854E-06
  5.918E-06
  5.982E-06
  6.048E-06
  6.114E-06
  6.181E-06
  6.248E-06
  6.315E-06
  6.382E-06
  6.450E-06
  6.517E-06
  6.656E-06
  6.788E-06
  6.930E-06
