  0.1804997E+04  0.2747323E-07  0.2288169E-07  0.1918500E-07  0.1627899E-07  0.1404003E-07  0.1232809E-07  0.1099143E-07  0.9872204E-08  0.8812795E-08  0.7653481E-08  0.6979070E-08
  0.1814997E+04  0.3056466E-07  0.2560888E-07  0.2158347E-07  0.1838362E-07  0.1588502E-07  0.1394569E-07  0.1240859E-07  0.1110495E-07  0.9860988E-08  0.8498700E-08  0.7706360E-08
  0.1824997E+04  0.2739205E-07  0.2332730E-07  0.2003626E-07  0.1741912E-07  0.1536196E-07  0.1373888E-07  0.1241435E-07  0.1124671E-07  0.1009530E-07  0.8815356E-08  0.8071034E-08
  0.1834997E+04  0.3217758E-07  0.2729567E-07  0.2327277E-07  0.2002344E-07  0.1744313E-07  0.1540792E-07  0.1377420E-07  0.1237934E-07  0.1104713E-07  0.9590290E-08  0.8745968E-08
  0.1844997E+04  0.1735205E-07  0.1618878E-07  0.1518385E-07  0.1430217E-07  0.1350745E-07  0.1276229E-07  0.1202821E-07  0.1126515E-07  0.1042582E-07  0.9425353E-08  0.8816056E-08
  0.1854997E+04  0.3154375E-07  0.2694326E-07  0.2319225E-07  0.2019663E-07  0.1784214E-07  0.1599621E-07  0.1451095E-07  0.1322685E-07  0.1197946E-07  0.1059692E-07  0.9789420E-08
  0.1864997E+04  0.3865407E-07  0.3258882E-07  0.2772319E-07  0.2389796E-07  0.2093271E-07  0.1863165E-07  0.1679032E-07  0.1520333E-07  0.1367515E-07  0.1200987E-07  0.1104751E-07
  0.1874997E+04  0.2801896E-07  0.2520362E-07  0.2289101E-07  0.2098478E-07  0.1938782E-07  0.1800415E-07  0.1674078E-07  0.1550960E-07  0.1422332E-07  0.1275252E-07  0.1187593E-07
  0.1884997E+04  0.4269432E-07  0.3619120E-07  0.3091474E-07  0.2671960E-07  0.2343594E-07  0.2087319E-07  0.1882459E-07  0.1707311E-07  0.1540075E-07  0.1358052E-07  0.1252661E-07
  0.1894997E+04  0.6440502E-07  0.5269392E-07  0.4309476E-07  0.3545142E-07  0.2954736E-07  0.2510540E-07  0.2179200E-07  0.1922530E-07  0.1699140E-07  0.1468256E-07  0.1337911E-07
  0.1904997E+04  0.5250558E-07  0.4398989E-07  0.3706708E-07  0.3157443E-07  0.2730957E-07  0.2403406E-07  0.2147913E-07  0.1935346E-07  0.1736006E-07  0.1520849E-07  0.1396922E-07
  0.1914997E+04  0.5845988E-07  0.4867326E-07  0.4076333E-07  0.3452825E-07  0.2972152E-07  0.2605783E-07  0.2322173E-07  0.2087824E-07  0.1869222E-07  0.1633911E-07  0.1498200E-07
  0.1924997E+04  0.4569433E-07  0.3983286E-07  0.3504538E-07  0.3118438E-07  0.2808255E-07  0.2555612E-07  0.2340913E-07  0.2143863E-07  0.1943976E-07  0.1716849E-07  0.1581405E-07
  0.1934997E+04  0.2173972E-07  0.2113856E-07  0.2055238E-07  0.1996824E-07  0.1937293E-07  0.1875223E-07  0.1808906E-07  0.1735889E-07  0.1651793E-07  0.1547146E-07  0.1483086E-07
  0.1944997E+04  0.6122235E-07  0.5211155E-07  0.4472827E-07  0.3886521E-07  0.3427549E-07  0.3067810E-07  0.2776654E-07  0.2522177E-07  0.2273111E-07  0.1996710E-07  0.1834153E-07
  0.1954997E+04  0.8330110E-07  0.6911779E-07  0.5752706E-07  0.4830186E-07  0.4114426E-07  0.3568787E-07  0.3150488E-07  0.2811789E-07  0.2502748E-07  0.2174611E-07  0.1986500E-07
  0.1964997E+04  0.1027401E-06  0.8435990E-07  0.6925898E-07  0.5719640E-07  0.4783680E-07  0.4074929E-07  0.3541249E-07  0.3122492E-07  0.2753602E-07  0.2371209E-07  0.2154581E-07
  0.1974997E+04  0.9986159E-07  0.8272201E-07  0.6864065E-07  0.5737320E-07  0.4859004E-07  0.4187637E-07  0.3673790E-07  0.3261206E-07  0.2889692E-07  0.2499336E-07  0.2276298E-07
  0.1984997E+04  0.7291124E-07  0.6294596E-07  0.5485315E-07  0.4838168E-07  0.4324138E-07  0.3911077E-07  0.3564768E-07  0.3250407E-07  0.2934397E-07  0.2579119E-07  0.2368442E-07
  0.1994997E+04  0.1246771E-06  0.1043691E-06  0.8721263E-07  0.7306105E-07  0.6168184E-07  0.5274560E-07  0.4581495E-07  0.4032833E-07  0.3558076E-07  0.3076227E-07  0.2809999E-07
  0.2004997E+04  0.1306285E-06  0.1104821E-06  0.9322654E-07  0.7875908E-07  0.6690651E-07  0.5741206E-07  0.4991646E-07  0.4392183E-07  0.3873754E-07  0.3350572E-07  0.3063823E-07
  0.2014997E+04  0.1563178E-06  0.1315407E-06  0.1101333E-06  0.9203847E-07  0.7711921E-07  0.6513897E-07  0.5573388E-07  0.4836249E-07  0.4221999E-07  0.3623859E-07  0.3301747E-07
  0.2024997E+04  0.9947346E-07  0.8658414E-07  0.7559430E-07  0.6638564E-07  0.5879291E-07  0.5259492E-07  0.4750081E-07  0.4313032E-07  0.3900223E-07  0.3455486E-07  0.3203971E-07
  0.2034997E+04  0.1881725E-06  0.1573832E-06  0.1307296E-06  0.1081966E-06  0.8966339E-07  0.7487415E-07  0.6340222E-07  0.5459307E-07  0.4746370E-07  0.4070029E-07  0.3710330E-07
  0.2044997E+04  0.2115774E-06  0.1766797E-06  0.1464924E-06  0.1209915E-06  0.1000332E-06  0.8332016E-07  0.7035991E-07  0.6039815E-07  0.5231176E-07  0.4463323E-07  0.4055632E-07
  0.2054997E+04  0.1915113E-06  0.1610121E-06  0.1348500E-06  0.1129206E-06  0.9500273E-07  0.8073354E-07  0.6957828E-07  0.6078196E-07  0.5330569E-07  0.4589117E-07  0.4186629E-07
  0.2064997E+04  0.1672756E-06  0.1425639E-06  0.1213685E-06  0.1035665E-06  0.8894171E-07  0.7716606E-07  0.6777505E-07  0.6012881E-07  0.5336666E-07  0.4644970E-07  0.4263383E-07
  0.2074997E+04  0.2042789E-06  0.1689718E-06  0.1395024E-06  0.1156301E-06  0.9690732E-07  0.8264656E-07  0.7190473E-07  0.6350680E-07  0.5615021E-07  0.4859597E-07  0.4441246E-07
  0.2084997E+04  0.1633742E-06  0.1384398E-06  0.1177043E-06  0.1008627E-06  0.8747559E-07  0.7696562E-07  0.6862551E-07  0.6163476E-07  0.5505946E-07  0.4778096E-07  0.4348596E-07
  0.2094997E+04  0.2789110E-06  0.2389198E-06  0.2025894E-06  0.1700304E-06  0.1413233E-06  0.1165145E-06  0.9560951E-07  0.7854467E-07  0.6500882E-07  0.5361598E-07  0.4776051E-07
  0.2104997E+04  0.4244019E-06  0.3635979E-06  0.3066727E-06  0.2540757E-06  0.2063124E-06  0.1639461E-06  0.1275816E-06  0.9781226E-07  0.7507187E-07  0.5868387E-07  0.5154593E-07
  0.2114997E+04  0.5878967E-06  0.5047245E-06  0.4259049E-06  0.3521077E-06  0.2841208E-06  0.2228729E-06  0.1694397E-06  0.1250040E-06  0.9072953E-07  0.6688047E-07  0.5749319E-07
  0.2124997E+04  0.3918475E-06  0.3354551E-06  0.2829853E-06  0.2348867E-06  0.1916491E-06  0.1537920E-06  0.1218228E-06  0.9612695E-07  0.7669785E-07  0.6216293E-07  0.5541340E-07
  0.2134997E+04  0.5058143E-06  0.4356656E-06  0.3693349E-06  0.3073892E-06  0.2504838E-06  0.1993726E-06  0.1548956E-06  0.1179165E-06  0.8917601E-07  0.6857184E-07  0.6012747E-07
  0.2144997E+04  0.6978904E-06  0.6009861E-06  0.5086123E-06  0.4215683E-06  0.3408150E-06  0.2675147E-06  0.2030575E-06  0.1490398E-06  0.1071674E-06  0.7832900E-07  0.6729129E-07
  0.2154997E+04  0.6145826E-06  0.5274899E-06  0.4451007E-06  0.3681821E-06  0.2976265E-06  0.2344657E-06  0.1798583E-06  0.1350119E-06  0.1009633E-06  0.7732437E-07  0.6764571E-07
  0.2164997E+04  0.5317628E-06  0.4570118E-06  0.3868464E-06  0.3218835E-06  0.2628119E-06  0.2103878E-06  0.1654035E-06  0.1285973E-06  0.1003782E-06  0.7953356E-07  0.7020353E-07
  0.2174997E+04  0.5162105E-06  0.4451763E-06  0.3782894E-06  0.3161472E-06  0.2594323E-06  0.2089126E-06  0.1654121E-06  0.1297157E-06  0.1022919E-06  0.8196970E-07  0.7278999E-07
  0.2184997E+04  0.8173171E-06  0.7041095E-06  0.5961031E-06  0.4942948E-06  0.3998777E-06  0.3142807E-06  0.2391840E-06  0.1764687E-06  0.1280789E-06  0.9481725E-07  0.8191673E-07
  0.2194997E+04  0.8239410E-06  0.7111385E-06  0.6037234E-06  0.5026299E-06  0.4089675E-06  0.3240552E-06  0.2494311E-06  0.1867851E-06  0.1377464E-06  0.1027482E-06  0.8871174E-07
  0.2204997E+04  0.7120178E-06  0.6177298E-06  0.5279561E-06  0.4434227E-06  0.3649889E-06  0.2936724E-06  0.2306579E-06  0.1772599E-06  0.1347746E-06  0.1033677E-06  0.9017633E-07
  0.2214997E+04  0.5436118E-06  0.4718674E-06  0.4043145E-06  0.3414911E-06  0.2840039E-06  0.2325256E-06  0.1877655E-06  0.1503905E-06  0.1208209E-06  0.9807352E-07  0.8760174E-07
  0.2224997E+04  0.7529701E-06  0.6559105E-06  0.5630518E-06  0.4751203E-06  0.3929917E-06  0.3177233E-06  0.2505781E-06  0.1930316E-06  0.1467701E-06  0.1126129E-06  0.9835062E-07
  0.2234997E+04  0.8935407E-06  0.7750359E-06  0.6617981E-06  0.5547696E-06  0.4550837E-06  0.3641037E-06  0.2834424E-06  0.2149484E-06  0.1606517E-06  0.1214244E-06  0.1053692E-06
  0.2244997E+04  0.8019991E-06  0.6958450E-06  0.5947342E-06  0.4995434E-06  0.4113093E-06  0.3312499E-06  0.2607594E-06  0.2013585E-06  0.1545413E-06  0.1202422E-06  0.1056404E-06
  0.2254997E+04  0.5898413E-06  0.5153392E-06  0.4451052E-06  0.3796415E-06  0.3195101E-06  0.2653302E-06  0.2177560E-06  0.1774089E-06  0.1446457E-06  0.1182902E-06  0.1058422E-06
  0.2264997E+04  0.6088588E-06  0.5319874E-06  0.4595336E-06  0.3920521E-06  0.3301641E-06  0.2745514E-06  0.2259349E-06  0.1850155E-06  0.1521838E-06  0.1256008E-06  0.1124447E-06
  0.2274997E+04  0.5769236E-06  0.5051139E-06  0.4375982E-06  0.3748869E-06  0.3175441E-06  0.2661737E-06  0.2213781E-06  0.1836572E-06  0.1530920E-06  0.1278012E-06  0.1151879E-06
  0.2284997E+04  0.8985248E-06  0.7862410E-06  0.6785902E-06  0.5763934E-06  0.4806465E-06  0.3925587E-06  0.3135810E-06  0.2454145E-06  0.1899937E-06  0.1482107E-06  0.1303742E-06
  0.2294997E+04  0.6729738E-06  0.5904931E-06  0.5123091E-06  0.4390166E-06  0.3713008E-06  0.3099398E-06  0.2557859E-06  0.2097064E-06  0.1723187E-06  0.1421807E-06  0.1276433E-06
  0.2304997E+04  0.9894593E-06  0.8675978E-06  0.7503062E-06  0.6385074E-06  0.5333311E-06  0.4361599E-06  0.3486634E-06  0.2728282E-06  0.2110000E-06  0.1644299E-06  0.1445374E-06
  0.2314997E+04  0.6726454E-06  0.5898995E-06  0.5120093E-06  0.4395671E-06  0.3732304E-06  0.3137050E-06  0.2616942E-06  0.2177646E-06  0.1819423E-06  0.1519450E-06  0.1369320E-06
  0.2324997E+04  0.7689228E-06  0.6740230E-06  0.5842136E-06  0.5002089E-06  0.4228219E-06  0.3529600E-06  0.2915923E-06  0.2396433E-06  0.1975777E-06  0.1632588E-06  0.1464527E-06
  0.2334997E+04  0.5530449E-06  0.4900200E-06  0.4311452E-06  0.3767871E-06  0.3273225E-06  0.2831119E-06  0.2444453E-06  0.2113991E-06  0.1833484E-06  0.1572817E-06  0.1430948E-06
  0.2344997E+04  0.3725577E-06  0.3370031E-06  0.3042500E-06  0.2744025E-06  0.2475279E-06  0.2236266E-06  0.2025672E-06  0.1839317E-06  0.1666179E-06  0.1481026E-06  0.1373700E-06
  0.2354997E+04  0.8107214E-06  0.7171499E-06  0.6277581E-06  0.5431727E-06  0.4641271E-06  0.3914717E-06  0.3261725E-06  0.2693017E-06  0.2218926E-06  0.1830107E-06  0.1643121E-06
  0.2364997E+04  0.4427750E-06  0.3992606E-06  0.3589528E-06  0.3220134E-06  0.2885750E-06  0.2587060E-06  0.2323374E-06  0.2090873E-06  0.1878109E-06  0.1656062E-06  0.1528313E-06
  0.2374997E+04  0.6313830E-06  0.5629533E-06  0.4984854E-06  0.4383578E-06  0.3829737E-06  0.3327419E-06  0.2880360E-06  0.2490939E-06  0.2156292E-06  0.1850176E-06  0.1686659E-06
  0.2384997E+04  0.3280527E-06  0.3038775E-06  0.2816056E-06  0.2612148E-06  0.2426342E-06  0.2257165E-06  0.2101879E-06  0.1955361E-06  0.1807422E-06  0.1637948E-06  0.1537211E-06
  0.2394997E+04  0.4571883E-06  0.4154644E-06  0.3764798E-06  0.3403780E-06  0.3072818E-06  0.2772634E-06  0.2502819E-06  0.2260502E-06  0.2037020E-06  0.1807939E-06  0.1677816E-06
  0.2404997E+04  0.4648507E-06  0.4220244E-06  0.3825240E-06  0.3464622E-06  0.3139038E-06  0.2848258E-06  0.2590308E-06  0.2359347E-06  0.2140531E-06  0.1901563E-06  0.1761836E-06
  0.2414997E+04  0.5448605E-06  0.4933790E-06  0.4448812E-06  0.3996008E-06  0.3577745E-06  0.3196209E-06  0.2852959E-06  0.2547784E-06  0.2274749E-06  0.2007555E-06  0.1859098E-06
  0.2424997E+04  0.9540277E-06  0.8505468E-06  0.7511686E-06  0.6565368E-06  0.5674147E-06  0.4847014E-06  0.4094444E-06  0.3428518E-06  0.2861729E-06  0.2386889E-06  0.2157998E-06
  0.2434997E+04  0.8654568E-06  0.7747019E-06  0.6878481E-06  0.6054542E-06  0.5281680E-06  0.4567309E-06  0.3919714E-06  0.3347572E-06  0.2856677E-06  0.2427261E-06  0.2208499E-06
  0.2444997E+04  0.1137073E-05  0.1011720E-05  0.8910157E-06  0.7758177E-06  0.6671551E-06  0.5662556E-06  0.4745768E-06  0.3938487E-06  0.3259017E-06  0.2697427E-06  0.2426288E-06
  0.2454997E+04  0.1212086E-05  0.1077801E-05  0.9482687E-06  0.8244490E-06  0.7075036E-06  0.5988259E-06  0.5000677E-06  0.4131755E-06  0.3402664E-06  0.2807515E-06  0.2524649E-06
  0.2464997E+04  0.9608562E-06  0.8589810E-06  0.7618754E-06  0.6701579E-06  0.5845350E-06  0.5058053E-06  0.4348530E-06  0.3725932E-06  0.3194874E-06  0.2725279E-06  0.2481199E-06
  0.2474997E+04  0.8634861E-06  0.7759819E-06  0.6924381E-06  0.6134022E-06  0.5395004E-06  0.4714327E-06  0.4099446E-06  0.3557287E-06  0.3089872E-06  0.2671083E-06  0.2452770E-06
  0.2484997E+04  0.5200304E-06  0.4768313E-06  0.4370501E-06  0.4008116E-06  0.3681792E-06  0.3390980E-06  0.3132871E-06  0.2900204E-06  0.2676650E-06  0.2429163E-06  0.2283024E-06
  0.2494997E+04  0.8175144E-06  0.7380727E-06  0.6623192E-06  0.5907661E-06  0.5240000E-06  0.4626765E-06  0.4074880E-06  0.3590262E-06  0.3171541E-06  0.2784148E-06  0.2574874E-06
  0.2504997E+04  0.1159148E-05  0.1034431E-05  0.9151479E-06  0.8022043E-06  0.6966507E-06  0.5996836E-06  0.5126253E-06  0.4368359E-06  0.3731140E-06  0.3179094E-06  0.2894705E-06
  0.2514997E+04  0.3794396E-06  0.3625775E-06  0.3471787E-06  0.3330097E-06  0.3197550E-06  0.3070003E-06  0.2942128E-06  0.2807067E-06  0.2655178E-06  0.2468652E-06  0.2353584E-06
  0.2524997E+04  0.3161473E-06  0.3106189E-06  0.3048262E-06  0.2987052E-06  0.2921694E-06  0.2850953E-06  0.2772930E-06  0.2684416E-06  0.2579223E-06  0.2443113E-06  0.2355609E-06
  0.2534997E+04  0.4120568E-06  0.3982793E-06  0.3846941E-06  0.3712350E-06  0.3577861E-06  0.3441441E-06  0.3299539E-06  0.3145898E-06  0.2969089E-06  0.2745880E-06  0.2604783E-06
  0.2544997E+04  0.5345816E-06  0.5058414E-06  0.4777372E-06  0.4503232E-06  0.4236649E-06  0.3978213E-06  0.3727743E-06  0.3482144E-06  0.3229804E-06  0.2938099E-06  0.2760430E-06
  0.2554997E+04  0.1038729E-05  0.9533366E-06  0.8689606E-06  0.7858344E-06  0.7042604E-06  0.6246539E-06  0.5476435E-06  0.4742733E-06  0.4061617E-06  0.3435964E-06  0.3118958E-06
  0.2564997E+04  0.9195333E-06  0.8437964E-06  0.7700129E-06  0.6984793E-06  0.6295476E-06  0.5636372E-06  0.5012484E-06  0.4429553E-06  0.3891501E-06  0.3379939E-06  0.3107884E-06
  0.2574997E+04  0.1261117E-05  0.1145069E-05  0.1031840E-05  0.9218690E-06  0.8156878E-06  0.7139398E-06  0.6174100E-06  0.5270893E-06  0.4442957E-06  0.3698192E-06  0.3340868E-06
  0.2584997E+04  0.1284641E-05  0.1165052E-05  0.1048652E-05  0.9359437E-06  0.8275328E-06  0.7241539E-06  0.6266894E-06  0.5361894E-06  0.4538361E-06  0.3797423E-06  0.3437070E-06
  0.2594997E+04  0.9272276E-06  0.8481378E-06  0.7727223E-06  0.7013036E-06  0.6342126E-06  0.5717586E-06  0.5141599E-06  0.4613557E-06  0.4123687E-06  0.3630632E-06  0.3355751E-06
  0.2604997E+04  0.1162459E-05  0.1054880E-05  0.9515489E-06  0.8530429E-06  0.7600150E-06  0.6731891E-06  0.5933265E-06  0.5210763E-06  0.4562194E-06  0.3941693E-06  0.3602491E-06
  0.2614997E+04  0.9106851E-06  0.8373620E-06  0.7671725E-06  0.7004263E-06  0.6374539E-06  0.5785852E-06  0.5240852E-06  0.4739507E-06  0.4271963E-06  0.3794618E-06  0.3524094E-06
  0.2624997E+04  0.1193675E-05  0.1083074E-05  0.9773378E-06  0.8770684E-06  0.7829274E-06  0.6956171E-06  0.6158176E-06  0.5439670E-06  0.4793442E-06  0.4165278E-06  0.3817518E-06
  0.2634997E+04  0.2041223E-05  0.1846780E-05  0.1654164E-05  0.1464192E-05  0.1277952E-05  0.1096891E-05  0.9229646E-06  0.7589862E-06  0.6096456E-06  0.4821460E-06  0.4262991E-06
  0.2644997E+04  0.2469302E-05  0.2232097E-05  0.1996437E-05  0.1763198E-05  0.1533567E-05  0.1309140E-05  0.1092073E-05  0.8854596E-06  0.6947068E-06  0.5307187E-06  0.4612733E-06
  0.2654997E+04  0.3081967E-05  0.2791248E-05  0.2500211E-05  0.2209601E-05  0.1920492E-05  0.1634405E-05  0.1353446E-05  0.1080630E-05  0.8216742E-06  0.5934586E-06  0.5007958E-06
  0.2664997E+04  0.2073523E-05  0.1879647E-05  0.1688034E-05  0.1499503E-05  0.1315117E-05  0.1136261E-05  0.9647671E-06  0.8032339E-06  0.6557923E-06  0.5276193E-06  0.4689861E-06
  0.2674997E+04  0.2365463E-05  0.2139320E-05  0.1915902E-05  0.1696137E-05  0.1481227E-05  0.1272739E-05  0.1072741E-05  0.8841579E-06  0.7117397E-06  0.5623518E-06  0.4954620E-06
  0.2684997E+04  0.2809373E-05  0.2546149E-05  0.2283701E-05  0.2022849E-05  0.1764722E-05  0.1510858E-05  0.1263369E-05  0.1025397E-05  0.8028685E-06  0.6090284E-06  0.5268348E-06
  0.2694997E+04  0.2354141E-05  0.2139679E-05  0.1926499E-05  0.1715308E-05  0.1507046E-05  0.1302957E-05  0.1104706E-05  0.9147195E-06  0.7375417E-06  0.5824836E-06  0.5145687E-06
  0.2704997E+04  0.2429602E-05  0.2206867E-05  0.1985566E-05  0.1766521E-05  0.1550819E-05  0.1339873E-05  0.1135523E-05  0.9402941E-06  0.7584510E-06  0.5983882E-06  0.5282914E-06
  0.2714997E+04  0.1966648E-05  0.1791040E-05  0.1618146E-05  0.1448657E-05  0.1283441E-05  0.1123588E-05  0.9704846E-06  0.8260289E-06  0.6931360E-06  0.5748572E-06  0.5190611E-06
  0.2724997E+04  0.1877843E-05  0.1702369E-05  0.1531829E-05  0.1367261E-05  0.1209912E-05  0.1061262E-05  0.9230318E-06  0.7970988E-06  0.6848239E-06  0.5827963E-06  0.5305023E-06
  0.2734997E+04  0.1827092E-05  0.1664692E-05  0.1506042E-05  0.1351969E-05  0.1203490E-05  0.1061837E-05  0.9285065E-06  0.8053002E-06  0.6940561E-06  0.5928964E-06  0.5411011E-06
  0.2744997E+04  0.1279014E-05  0.1182179E-05  0.1089217E-05  0.1000533E-05  0.9165488E-06  0.8376693E-06  0.7641728E-06  0.6958871E-06  0.6311097E-06  0.5631020E-06  0.5236456E-06
  0.2754997E+04  0.1856061E-05  0.1696189E-05  0.1539963E-05  0.1388112E-05  0.1241511E-05  0.1101218E-05  0.9685160E-06  0.8449613E-06  0.7320135E-06  0.6269305E-06  0.5720488E-06
  0.2764997E+04  0.2163293E-05  0.1971079E-05  0.1782080E-05  0.1597167E-05  0.1417445E-05  0.1244333E-05  0.1079730E-05  0.9263083E-06  0.7875804E-06  0.6633184E-06  0.6008188E-06
  0.2774997E+04  0.2048439E-05  0.1863633E-05  0.1684009E-05  0.1510680E-05  0.1344988E-05  0.1188529E-05  0.1043183E-05  0.9109757E-06  0.7928293E-06  0.6813157E-06  0.6200392E-06
  0.2784997E+04  0.1266024E-05  0.1184254E-05  0.1107278E-05  0.1035198E-05  0.9679377E-06  0.9050705E-06  0.8454617E-06  0.7865938E-06  0.7234621E-06  0.6470448E-06  0.6001080E-06
  0.2794997E+04  0.6954419E-06  0.6830615E-06  0.6701629E-06  0.6565899E-06  0.6421388E-06  0.6265322E-06  0.6093656E-06  0.5899846E-06  0.5671712E-06  0.5382636E-06  0.5203318E-06
  0.2804997E+04  0.8774375E-06  0.8469068E-06  0.8174378E-06  0.7888270E-06  0.7607362E-06  0.7326109E-06  0.7035537E-06  0.6721339E-06  0.6360415E-06  0.5910636E-06  0.5633674E-06
  0.2814997E+04  0.2190519E-05  0.1990934E-05  0.1799115E-05  0.1616332E-05  0.1444022E-05  0.1283766E-05  0.1137131E-05  0.1005061E-05  0.8854385E-06  0.7650586E-06  0.6959087E-06
  0.2824997E+04  0.3090344E-05  0.2789227E-05  0.2493845E-05  0.2206178E-05  0.1928731E-05  0.1664700E-05  0.1418275E-05  0.1195112E-05  0.1001837E-05  0.8348075E-06  0.7489645E-06
  0.2834997E+04  0.2810327E-05  0.2547830E-05  0.2290259E-05  0.2039253E-05  0.1796900E-05  0.1565866E-05  0.1349599E-05  0.1152577E-05  0.9796900E-06  0.8271700E-06  0.7481151E-06
  0.2844997E+04  0.1699359E-05  0.1566033E-05  0.1439816E-05  0.1321404E-05  0.1211424E-05  0.1110295E-05  0.1017938E-05  0.9331271E-06  0.8518393E-06  0.7628783E-06  0.7093773E-06
  0.2854997E+04  0.1166942E-05  0.1106717E-05  0.1050130E-05  0.9972536E-06  0.9480023E-06  0.9019951E-06  0.8583039E-06  0.8149705E-06  0.7681235E-06  0.7103742E-06  0.6739489E-06
  0.2864997E+04  0.2631192E-05  0.2388423E-05  0.2152346E-05  0.1924744E-05  0.1707796E-05  0.1504145E-05  0.1316926E-05  0.1149476E-05  0.1003193E-05  0.8672423E-06  0.7923837E-06
  0.2874997E+04  0.3476468E-05  0.3162947E-05  0.2851238E-05  0.2542854E-05  0.2239827E-05  0.1944912E-05  0.1661978E-05  0.1396891E-05  0.1158945E-05  0.9551112E-06  0.8571365E-06
  0.2884997E+04  0.3003754E-05  0.2750423E-05  0.2499338E-05  0.2251516E-05  0.2008244E-05  0.1771162E-05  0.1542422E-05  0.1325141E-05  0.1124313E-05  0.9434859E-06  0.8543145E-06
  0.2894997E+04  0.3956706E-05  0.3619707E-05  0.3281441E-05  0.2942895E-05  0.2605421E-05  0.2270837E-05  0.1941628E-05  0.1621671E-05  0.1318820E-05  0.1049011E-05  0.9280188E-06
  0.2904997E+04  0.4760045E-05  0.4350568E-05  0.3937917E-05  0.3523044E-05  0.3107303E-05  0.2692543E-05  0.2281289E-05  0.1877510E-05  0.1490157E-05  0.1143159E-05  0.9929732E-06
  0.2914997E+04  0.4614153E-05  0.4217191E-05  0.3817344E-05  0.3415605E-05  0.3013390E-05  0.2612675E-05  0.2216258E-05  0.1828674E-05  0.1459686E-05  0.1131931E-05  0.9891632E-06
  0.2924997E+04  0.4113594E-05  0.3773812E-05  0.3432034E-05  0.3088964E-05  0.2745560E-05  0.2403082E-05  0.2063200E-05  0.1728556E-05  0.1405447E-05  0.1110926E-05  0.9794335E-06
  0.2934997E+04  0.4719607E-05  0.4331011E-05  0.3938011E-05  0.3541181E-05  0.3141379E-05  0.2739812E-05  0.2338156E-05  0.1939239E-05  0.1550497E-05  0.1195023E-05  0.1039669E-05
  0.2944997E+04  0.4000644E-05  0.3664937E-05  0.3329069E-05  0.2994034E-05  0.2661142E-05  0.2332079E-05  0.2009015E-05  0.1695083E-05  0.1396423E-05  0.1125929E-05  0.1002352E-05
  0.2954997E+04  0.5017706E-05  0.4601024E-05  0.4179291E-05  0.3753173E-05  0.3323698E-05  0.2892357E-05  0.2461318E-05  0.2034287E-05  0.1620419E-05  0.1245874E-05  0.1083470E-05
  0.2964997E+04  0.4412761E-05  0.4039714E-05  0.3665502E-05  0.3291236E-05  0.2918444E-05  0.2549186E-05  0.2186255E-05  0.1833779E-05  0.1499310E-05  0.1197088E-05  0.1060120E-05
  0.2974997E+04  0.5088442E-05  0.4665230E-05  0.4237533E-05  0.3806151E-05  0.3372270E-05  0.2937577E-05  0.2504470E-05  0.2076900E-05  0.1664092E-05  0.1290876E-05  0.1127583E-05
  0.2984997E+04  0.4302194E-05  0.3947454E-05  0.3591731E-05  0.3236007E-05  0.2881596E-05  0.2530224E-05  0.2184173E-05  0.1846795E-05  0.1524501E-05  0.1230562E-05  0.1095937E-05
  0.2994997E+04  0.5321634E-05  0.4883822E-05  0.4440860E-05  0.3993438E-05  0.3542597E-05  0.3089802E-05  0.2637129E-05  0.2188130E-05  0.1752019E-05  0.1356456E-05  0.1184344E-05
