  0.1804997E+04  0.1733678E-07  0.1308810E-07  0.9835888E-08  0.7436086E-08  0.5722603E-08  0.4518400E-08  0.3651698E-08  0.2972991E-08  0.2363602E-08  0.1722442E-08  0.1364892E-08
  0.1814997E+04  0.1900745E-07  0.1457152E-07  0.1115676E-07  0.8610933E-08  0.6762512E-08  0.5432027E-08  0.4447089E-08  0.3656867E-08  0.2938091E-08  0.2177764E-08  0.1749947E-08
  0.1824997E+04  0.1515666E-07  0.1177394E-07  0.9192067E-08  0.7271558E-08  0.5864829E-08  0.4826632E-08  0.4025212E-08  0.3350225E-08  0.2711455E-08  0.2017401E-08  0.1621177E-08
  0.1834997E+04  0.1957143E-07  0.1523570E-07  0.1184250E-07  0.9262398E-08  0.7347290E-08  0.5938676E-08  0.4879159E-08  0.4024419E-08  0.3249612E-08  0.2435085E-08  0.1978015E-08
  0.1844997E+04  0.5347568E-08  0.4713035E-08  0.4186512E-08  0.3738912E-08  0.3344343E-08  0.2980330E-08  0.2627105E-08  0.2265223E-08  0.1869501E-08  0.1394568E-08  0.1112223E-08
  0.1854997E+04  0.1779863E-07  0.1377366E-07  0.1067586E-07  0.8365813E-08  0.6684048E-08  0.5462743E-08  0.4541292E-08  0.3780825E-08  0.3068695E-08  0.2298135E-08  0.1860084E-08
  0.1864997E+04  0.2426332E-07  0.1881208E-07  0.1466983E-07  0.1161086E-07  0.9393093E-08  0.7776958E-08  0.6545982E-08  0.5521794E-08  0.4562884E-08  0.3529280E-08  0.2937670E-08
  0.1874997E+04  0.1412495E-07  0.1189755E-07  0.1016510E-07  0.8809723E-08  0.7723700E-08  0.6814497E-08  0.6006382E-08  0.5236649E-08  0.4442522E-08  0.3526792E-08  0.2982695E-08
  0.1884997E+04  0.2699270E-07  0.2098834E-07  0.1635747E-07  0.1288972E-07  0.1035031E-07  0.8496560E-08  0.7098088E-08  0.5954721E-08  0.4900882E-08  0.3775569E-08  0.3135031E-08
  0.1894997E+04  0.4700995E-07  0.3549589E-07  0.2646349E-07  0.1965951E-07  0.1474656E-07  0.1132047E-07  0.8946884E-08  0.7211822E-08  0.5766134E-08  0.4323199E-08  0.3529742E-08
  0.1904997E+04  0.3440344E-07  0.2647653E-07  0.2035933E-07  0.1579629E-07  0.1248768E-07  0.1011214E-07  0.8357633E-08  0.6951871E-08  0.5675043E-08  0.4324466E-08  0.3557991E-08
  0.1914997E+04  0.3870122E-07  0.2959977E-07  0.2261514E-07  0.1743867E-07  0.1371231E-07  0.1105643E-07  0.9106960E-08  0.7550666E-08  0.6138688E-08  0.4646074E-08  0.3802032E-08
  0.1924997E+04  0.2215783E-07  0.1772659E-07  0.1431936E-07  0.1174463E-07  0.9803438E-08  0.8303237E-08  0.7071580E-08  0.5963691E-08  0.4854415E-08  0.3598972E-08  0.2874510E-08
  0.1934997E+04  0.3439418E-08  0.3215935E-08  0.2994781E-08  0.2771003E-08  0.2539985E-08  0.2296885E-08  0.2035753E-08  0.1748063E-08  0.1419952E-08  0.1028849E-08  0.8121009E-09
  0.1944997E+04  0.3184288E-07  0.2494297E-07  0.1967991E-07  0.1576868E-07  0.1290172E-07  0.1077251E-07  0.9102024E-08  0.7657837E-08  0.6249550E-08  0.4674404E-08  0.3761001E-08
  0.1954997E+04  0.5578803E-07  0.4286802E-07  0.3283020E-07  0.2530509E-07  0.1984213E-07  0.1594069E-07  0.1309789E-07  0.1086092E-07  0.8856936E-08  0.6747806E-08  0.5550748E-08
  0.1964997E+04  0.7694232E-07  0.5891885E-07  0.4476245E-07  0.3405694E-07  0.2625802E-07  0.2072566E-07  0.1678410E-07  0.1379825E-07  0.1123312E-07  0.8625107E-08  0.7169384E-08
  0.1974997E+04  0.7307802E-07  0.5645298E-07  0.4338408E-07  0.3346771E-07  0.2619071E-07  0.2096100E-07  0.1716047E-07  0.1420933E-07  0.1161161E-07  0.8915476E-08  0.7394725E-08
  0.1984997E+04  0.4208032E-07  0.3390869E-07  0.2760770E-07  0.2283722E-07  0.1923848E-07  0.1646146E-07  0.1419226E-07  0.1216856E-07  0.1016339E-07  0.7899630E-08  0.6564810E-08
  0.1994997E+04  0.9211051E-07  0.7213626E-07  0.5592984E-07  0.4320700E-07  0.3355664E-07  0.2645156E-07  0.2128160E-07  0.1740540E-07  0.1420330E-07  0.1108538E-07  0.9394214E-08
  0.2004997E+04  0.9620373E-07  0.7635133E-07  0.6001925E-07  0.4697788E-07  0.3688438E-07  0.2928725E-07  0.2364716E-07  0.1937111E-07  0.1584991E-07  0.1246416E-07  0.1063917E-07
  0.2014997E+04  0.1266099E-06  0.1005346E-06  0.7877926E-07  0.6116759E-07  0.4737765E-07  0.3693380E-07  0.2921713E-07  0.2349551E-07  0.1896824E-07  0.1480896E-07  0.1264082E-07
  0.2024997E+04  0.5608400E-07  0.4544047E-07  0.3680188E-07  0.2995212E-07  0.2462524E-07  0.2051511E-07  0.1729076E-07  0.1461359E-07  0.1214423E-07  0.9492587E-08  0.7959565E-08
  0.2034997E+04  0.1557978E-06  0.1231105E-06  0.9575130E-07  0.7358618E-07  0.5628317E-07  0.4328976E-07  0.3383872E-07  0.2699029E-07  0.2170913E-07  0.1695551E-07  0.1450421E-07
  0.2044997E+04  0.1779204E-06  0.1407680E-06  0.1096955E-06  0.8453356E-07  0.6488969E-07  0.5012508E-07  0.3936230E-07  0.3153372E-07  0.2547019E-07  0.2000303E-07  0.1718541E-07
  0.2054997E+04  0.1535111E-06  0.1219700E-06  0.9587752E-07  0.7495523E-07  0.5872843E-07  0.4652360E-07  0.3749646E-07  0.3069157E-07  0.2511881E-07  0.1978247E-07  0.1691109E-07
  0.2064997E+04  0.1268949E-06  0.1019359E-06  0.8131549E-07  0.6475218E-07  0.5181997E-07  0.4195318E-07  0.3447161E-07  0.2862357E-07  0.2363066E-07  0.1867027E-07  0.1594463E-07
  0.2074997E+04  0.1122902E-06  0.8707616E-07  0.6725178E-07  0.5218644E-07  0.4108083E-07  0.3302169E-07  0.2706996E-07  0.2235778E-07  0.1813882E-07  0.1370497E-07  0.1121085E-07
  0.2084997E+04  0.7713964E-07  0.6123904E-07  0.4868540E-07  0.3901816E-07  0.3170143E-07  0.2616350E-07  0.2184835E-07  0.1825739E-07  0.1494262E-07  0.1139842E-07  0.9361824E-08
  0.2094997E+04  0.2127288E-06  0.1727854E-06  0.1375544E-06  0.1071347E-06  0.8152419E-07  0.6059820E-07  0.4409508E-07  0.3159461E-07  0.2242212E-07  0.1535375E-07  0.1207583E-07
  0.2104997E+04  0.3708567E-06  0.3052839E-06  0.2451192E-06  0.1909988E-06  0.1435503E-06  0.1033444E-06  0.7082438E-07  0.4619399E-07  0.2915704E-07  0.1814082E-07  0.1384500E-07
  0.2114997E+04  0.5627361E-06  0.4686446E-06  0.3807952E-06  0.3002034E-06  0.2279586E-06  0.1651776E-06  0.1129249E-06  0.7208288E-07  0.4306770E-07  0.2480322E-07  0.1841975E-07
  0.2124997E+04  0.3221153E-06  0.2633474E-06  0.2098565E-06  0.1622290E-06  0.1210186E-06  0.8668104E-07  0.5947270E-07  0.3929780E-07  0.2544116E-07  0.1603191E-07  0.1208012E-07
  0.2134997E+04  0.4739308E-06  0.3950073E-06  0.3214695E-06  0.2541552E-06  0.1939431E-06  0.1417018E-06  0.9821124E-07  0.6404993E-07  0.3939181E-07  0.2325786E-07  0.1735386E-07
  0.2144997E+04  0.6851632E-06  0.5735255E-06  0.4684397E-06  0.3711898E-06  0.2831997E-06  0.2059885E-06  0.1410827E-06  0.8986572E-07  0.5324092E-07  0.3032934E-07  0.2249515E-07
  0.2154997E+04  0.5715461E-06  0.4744132E-06  0.3840023E-06  0.3014384E-06  0.2279113E-06  0.1646073E-06  0.1125924E-06  0.7261710E-07  0.4471608E-07  0.2705324E-07  0.2056030E-07
  0.2164997E+04  0.4752193E-06  0.3937319E-06  0.3186360E-06  0.2507390E-06  0.1908452E-06  0.1396964E-06  0.9787917E-07  0.6567419E-07  0.4273360E-07  0.2718367E-07  0.2093166E-07
  0.2174997E+04  0.4421613E-06  0.3661039E-06  0.2960346E-06  0.2327413E-06  0.1770110E-06  0.1295664E-06  0.9096262E-07  0.6141694E-07  0.4046320E-07  0.2611670E-07  0.2022466E-07
  0.2184997E+04  0.7986490E-06  0.6686879E-06  0.5463537E-06  0.4332018E-06  0.3309409E-06  0.2413661E-06  0.1662372E-06  0.1070814E-06  0.6477529E-07  0.3800523E-07  0.2860564E-07
  0.2194997E+04  0.7597297E-06  0.6350527E-06  0.5182708E-06  0.4107757E-06  0.3140655E-06  0.2296784E-06  0.1590780E-06  0.1034675E-06  0.6340203E-07  0.3744479E-07  0.2804583E-07
  0.2204997E+04  0.6518429E-06  0.5474136E-06  0.4495360E-06  0.3592762E-06  0.2777809E-06  0.2062350E-06  0.1457853E-06  0.9741049E-07  0.6161462E-07  0.3731347E-07  0.2812696E-07
  0.2214997E+04  0.4535847E-06  0.3776342E-06  0.3074903E-06  0.2438742E-06  0.1875082E-06  0.1390618E-06  0.9906865E-07  0.6779370E-07  0.4493097E-07  0.2869027E-07  0.2185973E-07
  0.2224997E+04  0.7295743E-06  0.6170851E-06  0.5108914E-06  0.4121344E-06  0.3220658E-06  0.2420157E-06  0.1733391E-06  0.1173336E-06  0.7499354E-07  0.4574812E-07  0.3468025E-07
  0.2234997E+04  0.8688181E-06  0.7328375E-06  0.6046575E-06  0.4857086E-06  0.3775572E-06  0.2818641E-06  0.2003154E-06  0.1345058E-06  0.8559605E-07  0.5269794E-07  0.4048956E-07
  0.2244997E+04  0.7689937E-06  0.6472506E-06  0.5330047E-06  0.4275379E-06  0.3322201E-06  0.2484567E-06  0.1776057E-06  0.1208366E-06  0.7875011E-07  0.4986543E-07  0.3864437E-07
  0.2254997E+04  0.5040904E-06  0.4234320E-06  0.3487654E-06  0.2807473E-06  0.2200238E-06  0.1671897E-06  0.1227299E-06  0.8692047E-07  0.5956549E-07  0.3910403E-07  0.3031236E-07
  0.2264997E+04  0.5119376E-06  0.4294695E-06  0.3533347E-06  0.2842164E-06  0.2227780E-06  0.1696172E-06  0.1251987E-06  0.8972466E-07  0.6277603E-07  0.4224756E-07  0.3307535E-07
  0.2274997E+04  0.4479165E-06  0.3748269E-06  0.3076634E-06  0.2470296E-06  0.1934962E-06  0.1475458E-06  0.1094924E-06  0.7934051E-07  0.5646625E-07  0.3878747E-07  0.3070898E-07
  0.2284997E+04  0.8203719E-06  0.6955610E-06  0.5776962E-06  0.4679909E-06  0.3677802E-06  0.2784978E-06  0.2016336E-06  0.1386542E-06  0.9070070E-07  0.5705531E-07  0.4398093E-07
  0.2294997E+04  0.5470428E-06  0.4603524E-06  0.3799689E-06  0.3066372E-06  0.2411055E-06  0.1840827E-06  0.1361700E-06  0.9772008E-07  0.6844472E-07  0.4626301E-07  0.3643564E-07
  0.2304997E+04  0.9123359E-06  0.7755334E-06  0.6459339E-06  0.5249081E-06  0.4139709E-06  0.3147584E-06  0.2289905E-06  0.1583982E-06  0.1043966E-06  0.6630673E-07  0.5142228E-07
  0.2314997E+04  0.5272345E-06  0.4426732E-06  0.3648044E-06  0.2942956E-06  0.2317805E-06  0.1778017E-06  0.1327231E-06  0.9657328E-07  0.6866984E-07  0.4660129E-07  0.3638614E-07
  0.2324997E+04  0.6291234E-06  0.5295768E-06  0.4373321E-06  0.3532456E-06  0.2781672E-06  0.2128853E-06  0.1580398E-06  0.1139508E-06  0.8016595E-07  0.5414600E-07  0.4240124E-07
  0.2334997E+04  0.4443415E-06  0.3763123E-06  0.3139882E-06  0.2577559E-06  0.2079366E-06  0.1647434E-06  0.1282126E-06  0.9806874E-07  0.7338064E-07  0.5172980E-07  0.4088144E-07
  0.2344997E+04  0.2483312E-06  0.2121745E-06  0.1795832E-06  0.1505889E-06  0.1251500E-06  0.1031260E-06  0.8423526E-07  0.6796942E-07  0.5340608E-07  0.3883247E-07  0.3089397E-07
  0.2354997E+04  0.7151657E-06  0.6107675E-06  0.5126242E-06  0.4215788E-06  0.3385139E-06  0.2643300E-06  0.1999133E-06  0.1460589E-06  0.1031347E-06  0.6963011E-07  0.5489989E-07
  0.2364997E+04  0.3144552E-06  0.2692205E-06  0.2281222E-06  0.1912575E-06  0.1586519E-06  0.1302291E-06  0.1057596E-06  0.8475379E-07  0.6621788E-07  0.4811062E-07  0.3836883E-07
  0.2374997E+04  0.4977397E-06  0.4251737E-06  0.3579884E-06  0.2966035E-06  0.2414104E-06  0.1927416E-06  0.1508186E-06  0.1156315E-06  0.8657967E-07  0.6140986E-07  0.4898407E-07
  0.2384997E+04  0.1859545E-06  0.1622002E-06  0.1407574E-06  0.1215544E-06  0.1044632E-06  0.8927912E-07  0.7568771E-07  0.6319613E-07  0.5098272E-07  0.3757723E-07  0.2992819E-07
  0.2394997E+04  0.3161180E-06  0.2726565E-06  0.2327712E-06  0.1965803E-06  0.1641510E-06  0.1354739E-06  0.1104167E-06  0.8862685E-07  0.6928486E-07  0.5045834E-07  0.4036635E-07
  0.2404997E+04  0.3195427E-06  0.2752125E-06  0.2350880E-06  0.1991995E-06  0.1674895E-06  0.1397794E-06  0.1157098E-06  0.9461926E-07  0.7528267E-07  0.5538361E-07  0.4431550E-07
  0.2414997E+04  0.3823200E-06  0.3295769E-06  0.2808492E-06  0.2363611E-06  0.1962998E-06  0.1607881E-06  0.1298369E-06  0.1032324E-06  0.8022383E-07  0.5869789E-07  0.4744518E-07
  0.2424997E+04  0.8081380E-06  0.6959319E-06  0.5898783E-06  0.4908168E-06  0.3996480E-06  0.3173248E-06  0.2448381E-06  0.1831540E-06  0.1328666E-06  0.9258182E-07  0.7456294E-07
  0.2434997E+04  0.6972639E-06  0.6010884E-06  0.5106743E-06  0.4266856E-06  0.3498102E-06  0.2807432E-06  0.2201541E-06  0.1685848E-06  0.1260452E-06  0.9049833E-07  0.7369937E-07
  0.2444997E+04  0.9881977E-06  0.8507824E-06  0.7206917E-06  0.5990392E-06  0.4870304E-06  0.3859558E-06  0.2971746E-06  0.2220250E-06  0.1613242E-06  0.1131737E-06  0.9162418E-07
  0.2454997E+04  0.1061604E-05  0.9134933E-06  0.7730258E-06  0.6414865E-06  0.5202778E-06  0.4109080E-06  0.3149669E-06  0.2340240E-06  0.1690955E-06  0.1182946E-06  0.9586701E-07
  0.2464997E+04  0.7561929E-06  0.6502202E-06  0.5510179E-06  0.4593059E-06  0.3758244E-06  0.3013109E-06  0.2364469E-06  0.1816903E-06  0.1366903E-06  0.9849630E-07  0.7998942E-07
  0.2474997E+04  0.6428386E-06  0.5530363E-06  0.4689884E-06  0.3913128E-06  0.3206347E-06  0.2575594E-06  0.2026171E-06  0.1561143E-06  0.1176463E-06  0.8454973E-07  0.6827269E-07
  0.2484997E+04  0.2136858E-06  0.1837665E-06  0.1573980E-06  0.1344864E-06  0.1148235E-06  0.9804575E-07  0.8357651E-07  0.7054475E-07  0.5766145E-07  0.4298969E-07  0.3444730E-07
  0.2494997E+04  0.5727785E-06  0.4929522E-06  0.4185402E-06  0.3501066E-06  0.2882079E-06  0.2333526E-06  0.1859185E-06  0.1459544E-06  0.1126485E-06  0.8299309E-07  0.6788175E-07
  0.2504997E+04  0.9096784E-06  0.7802600E-06  0.6591062E-06  0.5472601E-06  0.4457896E-06  0.3557422E-06  0.2780540E-06  0.2133002E-06  0.1609081E-06  0.1169038E-06  0.9549006E-07
  0.2514997E+04  0.1204315E-06  0.1110298E-06  0.1024970E-06  0.9460515E-07  0.8710319E-07  0.7971438E-07  0.7212171E-07  0.6392115E-07  0.5448910E-07  0.4265080E-07  0.3548142E-07
  0.2524997E+04  0.8795565E-07  0.8442753E-07  0.8071226E-07  0.7675887E-07  0.7249657E-07  0.6782198E-07  0.6257434E-07  0.5648138E-07  0.4902519E-07  0.3909554E-07  0.3279663E-07
  0.2534997E+04  0.1703503E-06  0.1589172E-06  0.1477246E-06  0.1367198E-06  0.1258208E-06  0.1148961E-06  0.1037261E-06  0.9192237E-07  0.7872430E-07  0.6240421E-07  0.5223470E-07
  0.2544997E+04  0.2655489E-06  0.2401564E-06  0.2157950E-06  0.1925140E-06  0.1703525E-06  0.1493141E-06  0.1293121E-06  0.1100434E-06  0.9069627E-07  0.6923014E-07  0.5675217E-07
  0.2554997E+04  0.7854166E-06  0.6960218E-06  0.6089681E-06  0.5246219E-06  0.4434486E-06  0.3660601E-06  0.2932830E-06  0.2262159E-06  0.1660877E-06  0.1130343E-06  0.8841136E-07
  0.2564997E+04  0.6649412E-06  0.5860654E-06  0.5103710E-06  0.4382252E-06  0.3700411E-06  0.3062843E-06  0.2474700E-06  0.1941094E-06  0.1464186E-06  0.1030586E-06  0.8183649E-07
  0.2574997E+04  0.1023481E-05  0.8985354E-06  0.7782092E-06  0.6630789E-06  0.5537931E-06  0.4511035E-06  0.3559215E-06  0.2694006E-06  0.1929367E-06  0.1273174E-06  0.9819172E-07
  0.2584997E+04  0.1071570E-05  0.9407094E-06  0.8147386E-06  0.6942960E-06  0.5800881E-06  0.4729079E-06  0.3736703E-06  0.2834635E-06  0.2035130E-06  0.1342692E-06  0.1031632E-06
  0.2594997E+04  0.6679976E-06  0.5847953E-06  0.5065488E-06  0.4335526E-06  0.3660670E-06  0.3042890E-06  0.2482915E-06  0.1978696E-06  0.1521104E-06  0.1082066E-06  0.8565096E-07
  0.2604997E+04  0.9226610E-06  0.8055884E-06  0.6946089E-06  0.5903590E-06  0.4934957E-06  0.4046748E-06  0.3244970E-06  0.2533333E-06  0.1907238E-06  0.1334777E-06  0.1049751E-06
  0.2614997E+04  0.6338353E-06  0.5569270E-06  0.4843245E-06  0.4163376E-06  0.3532583E-06  0.2953324E-06  0.2426908E-06  0.1951716E-06  0.1518166E-06  0.1095211E-06  0.8729918E-07
  0.2624997E+04  0.9266809E-06  0.8077522E-06  0.6955588E-06  0.5907186E-06  0.4938462E-06  0.4055224E-06  0.3262232E-06  0.2561130E-06  0.1943901E-06  0.1373826E-06  0.1086394E-06
  0.2634997E+04  0.1855028E-05  0.1634736E-05  0.1419114E-05  0.1209437E-05  0.1007227E-05  0.8143438E-06  0.6331677E-06  0.4669541E-06  0.3203272E-06  0.1987360E-06  0.1484531E-06
  0.2644997E+04  0.2222322E-05  0.1959796E-05  0.1702325E-05  0.1451329E-05  0.1208513E-05  0.9759869E-06  0.7565136E-06  0.5540369E-06  0.3746725E-06  0.2274114E-06  0.1686991E-06
  0.2654997E+04  0.2985249E-05  0.2652155E-05  0.2322081E-05  0.1996462E-05  0.1677031E-05  0.1365936E-05  0.1066044E-05  0.7817180E-06  0.5208872E-06  0.2997537E-06  0.2129689E-06
  0.2664997E+04  0.1819987E-05  0.1605074E-05  0.1395373E-05  0.1192047E-05  0.9964773E-06  0.8103546E-06  0.6358481E-06  0.4758868E-06  0.3344432E-06  0.2154802E-06  0.1646664E-06
  0.2674997E+04  0.2120335E-05  0.1869892E-05  0.1625382E-05  0.1388122E-05  0.1159669E-05  0.9419206E-06  0.7373179E-06  0.5492172E-06  0.3823875E-06  0.2423757E-06  0.1835088E-06
  0.2684997E+04  0.2640897E-05  0.2342555E-05  0.2048230E-05  0.1759261E-05  0.1477269E-05  0.1204286E-05  0.9430658E-06  0.6977790E-06  0.4754509E-06  0.2877741E-06  0.2117728E-06
  0.2694997E+04  0.2090073E-05  0.1851660E-05  0.1617452E-05  0.1388574E-05  0.1166368E-05  0.9524986E-06  0.7491720E-06  0.5596228E-06  0.3890032E-06  0.2447886E-06  0.1848414E-06
  0.2704997E+04  0.2159586E-05  0.1912333E-05  0.1669664E-05  0.1432818E-05  0.1203256E-05  0.9827403E-06  0.7735199E-06  0.5787099E-06  0.4030197E-06  0.2533204E-06  0.1907909E-06
  0.2714997E+04  0.1592853E-05  0.1406217E-05  0.1224810E-05  0.1049577E-05  0.8816065E-06  0.7221798E-06  0.5728736E-06  0.4357236E-06  0.3133228E-06  0.2077080E-06  0.1609914E-06
  0.2724997E+04  0.1413791E-05  0.1236275E-05  0.1066911E-05  0.9068066E-06  0.7571535E-06  0.6192094E-06  0.4942486E-06  0.3833686E-06  0.2867724E-06  0.2012470E-06  0.1601294E-06
  0.2734997E+04  0.1393679E-05  0.1224393E-05  0.1061730E-05  0.9067141E-06  0.7604941E-06  0.6243634E-06  0.4997611E-06  0.3881706E-06  0.2905177E-06  0.2044828E-06  0.1632791E-06
  0.2744997E+04  0.8879664E-06  0.7869802E-06  0.6912594E-06  0.6011548E-06  0.5169892E-06  0.4390170E-06  0.3673229E-06  0.3015496E-06  0.2401265E-06  0.1781683E-06  0.1445241E-06
  0.2754997E+04  0.1509390E-05  0.1335873E-05  0.1168280E-05  0.1007414E-05  0.8541599E-06  0.7095126E-06  0.5746071E-06  0.4506865E-06  0.3386647E-06  0.2367452E-06  0.1875894E-06
  0.2764997E+04  0.1837771E-05  0.1624927E-05  0.1418102E-05  0.1218436E-05  0.1027272E-05  0.8462258E-06  0.6772981E-06  0.5229439E-06  0.3856518E-06  0.2649569E-06  0.2087372E-06
  0.2774997E+04  0.1645163E-05  0.1448045E-05  0.1259155E-05  0.1079682E-05  0.9109353E-06  0.7543350E-06  0.6113656E-06  0.4833069E-06  0.3701380E-06  0.2666230E-06  0.2145607E-06
  0.2784997E+04  0.8257258E-06  0.7439577E-06  0.6674598E-06  0.5961296E-06  0.5297038E-06  0.4676591E-06  0.4090315E-06  0.3520731E-06  0.2935147E-06  0.2265152E-06  0.1865780E-06
  0.2794997E+04  0.2577466E-06  0.2455699E-06  0.2329642E-06  0.2197785E-06  0.2058056E-06  0.1907468E-06  0.1741424E-06  0.1552220E-06  0.1325445E-06  0.1031674E-06  0.8516541E-07
  0.2804997E+04  0.4289037E-06  0.3980196E-06  0.3682414E-06  0.3393420E-06  0.3109973E-06  0.2827345E-06  0.2538389E-06  0.2231635E-06  0.1886600E-06  0.1460878E-06  0.1202060E-06
  0.2814997E+04  0.1762939E-05  0.1550857E-05  0.1349586E-05  0.1160264E-05  0.9840510E-06  0.8220659E-06  0.6752034E-06  0.5436220E-06  0.4252462E-06  0.3116792E-06  0.2519982E-06
  0.2824997E+04  0.2581220E-05  0.2259498E-05  0.1949303E-05  0.1653080E-05  0.1373686E-05  0.1114495E-05  0.8794795E-06  0.6730248E-06  0.4983268E-06  0.3505658E-06  0.2808972E-06
  0.2834997E+04  0.2149294E-05  0.1879913E-05  0.1621285E-05  0.1375560E-05  0.1145248E-05  0.9332780E-06  0.7429676E-06  0.5776105E-06  0.4385742E-06  0.3188605E-06  0.2600020E-06
  0.2844997E+04  0.8827876E-06  0.7811348E-06  0.6878884E-06  0.6032481E-06  0.5272103E-06  0.4594377E-06  0.3990165E-06  0.3439664E-06  0.2901684E-06  0.2288898E-06  0.1913990E-06
  0.2854997E+04  0.4457447E-06  0.4086815E-06  0.3748610E-06  0.3439424E-06  0.3153928E-06  0.2884218E-06  0.2618830E-06  0.2340941E-06  0.2023702E-06  0.1615588E-06  0.1356107E-06
  0.2864997E+04  0.1804187E-05  0.1572417E-05  0.1353427E-05  0.1149139E-05  0.9615996E-06  0.7928773E-06  0.6447602E-06  0.5179515E-06  0.4099641E-06  0.3100551E-06  0.2567249E-06
  0.2874997E+04  0.2916374E-05  0.2575024E-05  0.2241244E-05  0.1917337E-05  0.1606178E-05  0.1311463E-05  0.1038072E-05  0.7924371E-06  0.5818367E-06  0.4073981E-06  0.3284021E-06
  0.2884997E+04  0.2477284E-05  0.2204429E-05  0.1937444E-05  0.1677695E-05  0.1426829E-05  0.1186917E-05  0.9606617E-06  0.7516682E-06  0.5642163E-06  0.3992294E-06  0.3220600E-06
  0.2894997E+04  0.3663749E-05  0.3281854E-05  0.2902495E-05  0.2527169E-05  0.2157727E-05  0.1796564E-05  0.1447005E-05  0.1114095E-05  0.8059957E-06  0.5346054E-06  0.4164105E-06
  0.2904997E+04  0.4557399E-05  0.4091021E-05  0.3625561E-05  0.3162506E-05  0.2703692E-05  0.2251521E-05  0.1809458E-05  0.1383182E-05  0.9831888E-06  0.6291773E-06  0.4788863E-06
  0.2914997E+04  0.4325363E-05  0.3876151E-05  0.3428291E-05  0.2983380E-05  0.2543431E-05  0.2111132E-05  0.1690368E-05  0.1287360E-05  0.9129401E-06  0.5853346E-06  0.4466067E-06
  0.2924997E+04  0.3765940E-05  0.3385963E-05  0.3007357E-05  0.2631184E-05  0.2258718E-05  0.1891587E-05  0.1532102E-05  0.1184069E-05  0.8546363E-06  0.5572187E-06  0.4272338E-06
  0.2934997E+04  0.4419404E-05  0.3980497E-05  0.3540893E-05  0.3101670E-05  0.2664182E-05  0.2230252E-05  0.1802622E-05  0.1386047E-05  0.9898445E-06  0.6328428E-06  0.4793693E-06
  0.2944997E+04  0.3504293E-05  0.3136079E-05  0.2771572E-05  0.2412136E-05  0.2059432E-05  0.1715582E-05  0.1383515E-05  0.1067663E-05  0.7751833E-06  0.5161796E-06  0.4022476E-06
  0.2954997E+04  0.4696885E-05  0.4225350E-05  0.3752848E-05  0.3280665E-05  0.2810459E-05  0.2344514E-05  0.1886314E-05  0.1441855E-05  0.1022541E-05  0.6500116E-06  0.4919715E-06
  0.2964997E+04  0.3814959E-05  0.3410544E-05  0.3009962E-05  0.2614923E-05  0.2227550E-05  0.1850572E-05  0.1487672E-05  0.1144097E-05  0.8274686E-06  0.5474311E-06  0.4245335E-06
  0.2974997E+04  0.4659703E-05  0.4187872E-05  0.3715946E-05  0.3245310E-05  0.2777744E-05  0.2315685E-05  0.1862822E-05  0.1425385E-05  0.1014882E-05  0.6518441E-06  0.4972135E-06
  0.2984997E+04  0.3717253E-05  0.3331995E-05  0.2949879E-05  0.2572250E-05  0.2200750E-05  0.1837491E-05  0.1485418E-05  0.1149065E-05  0.8359438E-06  0.5572729E-06  0.4346665E-06
  0.2994997E+04  0.4807860E-05  0.4322787E-05  0.3837257E-05  0.3352588E-05  0.2870478E-05  0.2393289E-05  0.1924671E-05  0.1471013E-05  0.1044743E-05  0.6696580E-06  0.5118474E-06
