  0.1804997E+04  0.3645048E-07  0.3075173E-07  0.2575260E-07  0.2145351E-07  0.1783525E-07  0.1486208E-07  0.1248937E-07  0.1068106E-07  0.9462427E-08  0.9159784E-08  0.9742518E-08
  0.1814997E+04  0.4187012E-07  0.3547713E-07  0.2983071E-07  0.2492817E-07  0.2074997E-07  0.1726245E-07  0.1442427E-07  0.1220216E-07  0.1062130E-07  0.1000352E-07  0.1045509E-07
  0.1824997E+04  0.3768556E-07  0.3218436E-07  0.2734159E-07  0.2314605E-07  0.1957347E-07  0.1659042E-07  0.1416196E-07  0.1226885E-07  0.1096024E-07  0.1060289E-07  0.1120324E-07
  0.1834997E+04  0.4400909E-07  0.3763240E-07  0.3194858E-07  0.2696147E-07  0.2266231E-07  0.1903208E-07  0.1604730E-07  0.1369610E-07  0.1203301E-07  0.1144327E-07  0.1199908E-07
  0.1844997E+04  0.2225378E-07  0.2011805E-07  0.1821356E-07  0.1652921E-07  0.1505405E-07  0.1378015E-07  0.1270862E-07  0.1186607E-07  0.1136382E-07  0.1168908E-07  0.1265017E-07
  0.1854997E+04  0.4224728E-07  0.3623104E-07  0.3091248E-07  0.2629564E-07  0.2236750E-07  0.1910118E-07  0.1646397E-07  0.1443810E-07  0.1308674E-07  0.1285608E-07  0.1365970E-07
  0.1864997E+04  0.5127390E-07  0.4343436E-07  0.3660123E-07  0.3075254E-07  0.2584212E-07  0.2180613E-07  0.1857478E-07  0.1609642E-07  0.1440709E-07  0.1396187E-07  0.1476650E-07
  0.1874997E+04  0.3391494E-07  0.2985376E-07  0.2631695E-07  0.2326873E-07  0.2067083E-07  0.1848792E-07  0.1669663E-07  0.1530711E-07  0.1444102E-07  0.1473971E-07  0.1602645E-07
  0.1884997E+04  0.5546868E-07  0.4729029E-07  0.4011199E-07  0.3392193E-07  0.2868511E-07  0.2434905E-07  0.2085532E-07  0.1816529E-07  0.1633900E-07  0.1591063E-07  0.1685728E-07
  0.1894997E+04  0.8565461E-07  0.7198053E-07  0.5980658E-07  0.4919395E-07  0.4015706E-07  0.3266405E-07  0.2664536E-07  0.2201918E-07  0.1877431E-07  0.1733309E-07  0.1786202E-07
  0.1904997E+04  0.7392245E-07  0.6273687E-07  0.5282296E-07  0.4419918E-07  0.3684996E-07  0.3072966E-07  0.2577383E-07  0.2192734E-07  0.1922976E-07  0.1819712E-07  0.1894283E-07
  0.1914997E+04  0.8252586E-07  0.6966446E-07  0.5831984E-07  0.4850542E-07  0.4019247E-07  0.3331528E-07  0.2778430E-07  0.2351710E-07  0.2052975E-07  0.1934899E-07  0.2012632E-07
  0.1924997E+04  0.6167013E-07  0.5325760E-07  0.4584217E-07  0.3940372E-07  0.3390391E-07  0.2929177E-07  0.2551520E-07  0.2254942E-07  0.2049220E-07  0.2003457E-07  0.2120823E-07
  0.1934997E+04  0.2150264E-07  0.2068698E-07  0.1995476E-07  0.1930452E-07  0.1873958E-07  0.1827279E-07  0.1793829E-07  0.1782381E-07  0.1818377E-07  0.1994869E-07  0.2218740E-07
  0.1944997E+04  0.8435720E-07  0.7190645E-07  0.6095064E-07  0.5147979E-07  0.4344772E-07  0.3677803E-07  0.3137771E-07  0.2717001E-07  0.2419829E-07  0.2313280E-07  0.2417540E-07
  0.1954997E+04  0.1144078E-06  0.9666421E-07  0.8090319E-07  0.6717093E-07  0.5545764E-07  0.4570111E-07  0.3779939E-07  0.3164553E-07  0.2723709E-07  0.2517979E-07  0.2587798E-07
  0.1964997E+04  0.1404306E-06  0.1182348E-06  0.9842263E-07  0.8108319E-07  0.6623533E-07  0.5382885E-07  0.4375613E-07  0.3588772E-07  0.3018722E-07  0.2722854E-07  0.2764228E-07
  0.1974997E+04  0.1377379E-06  0.1163530E-06  0.9728006E-07  0.8058945E-07  0.6628778E-07  0.5432012E-07  0.4458130E-07  0.3695020E-07  0.3140472E-07  0.2856725E-07  0.2908572E-07
  0.1984997E+04  0.1027514E-06  0.8824179E-07  0.7545418E-07  0.6435545E-07  0.5487333E-07  0.4690551E-07  0.4033783E-07  0.3508460E-07  0.3120987E-07  0.2953320E-07  0.3058011E-07
  0.1994997E+04  0.1365019E-06  0.1164273E-06  0.9842645E-07  0.8256575E-07  0.6885776E-07  0.5726553E-07  0.4771695E-07  0.4014300E-07  0.3460151E-07  0.3185869E-07  0.3252770E-07
  0.2004997E+04  0.1397557E-06  0.1201580E-06  0.1024248E-06  0.8662366E-07  0.7278346E-07  0.6089816E-07  0.5093970E-07  0.4289552E-07  0.3689661E-07  0.3380478E-07  0.3436709E-07
  0.2014997E+04  0.1608001E-06  0.1379145E-06  0.1171039E-06  0.9847850E-07  0.8210620E-07  0.6801552E-07  0.5620675E-07  0.4668787E-07  0.3960396E-07  0.3583867E-07  0.3624701E-07
  0.2024997E+04  0.1119050E-06  0.9777612E-07  0.8502056E-07  0.7366292E-07  0.6370643E-07  0.5513831E-07  0.4794355E-07  0.4214490E-07  0.3794182E-07  0.3638573E-07  0.3777710E-07
  0.2034997E+04  0.1920152E-06  0.1640158E-06  0.1385269E-06  0.1157280E-06  0.9574139E-07  0.7863000E-07  0.6440435E-07  0.5305650E-07  0.4470271E-07  0.4025498E-07  0.4061983E-07
  0.2044997E+04  0.2180143E-06  0.1859031E-06  0.1566761E-06  0.1305325E-06  0.1076061E-06  0.8796199E-07  0.7160256E-07  0.5850122E-07  0.4874830E-07  0.4324874E-07  0.4329056E-07
  0.2054997E+04  0.2032958E-06  0.1739144E-06  0.1473040E-06  0.1236017E-06  0.1028803E-06  0.8514934E-07  0.7036679E-07  0.5848124E-07  0.4958721E-07  0.4465826E-07  0.4496712E-07
  0.2064997E+04  0.1803916E-06  0.1556346E-06  0.1332056E-06  0.1131942E-06  0.9564357E-07  0.8055405E-07  0.6789746E-07  0.5766384E-07  0.5002670E-07  0.4613690E-07  0.4700245E-07
  0.2074997E+04  0.2294917E-06  0.1931404E-06  0.1607800E-06  0.1326205E-06  0.1087442E-06  0.8908784E-07  0.7343865E-07  0.6147024E-07  0.5292496E-07  0.4854012E-07  0.4933711E-07
  0.2084997E+04  0.2106133E-06  0.1810149E-06  0.1545829E-06  0.1313792E-06  0.1113524E-06  0.9433915E-07  0.8008941E-07  0.6833852E-07  0.5902288E-07  0.5314510E-07  0.5282068E-07
  0.2094997E+04  0.3117077E-06  0.2742940E-06  0.2387173E-06  0.2051739E-06  0.1738353E-06  0.1448668E-06  0.1184669E-06  0.9495390E-07  0.7501179E-07  0.6072540E-07  0.5756591E-07
  0.2104997E+04  0.4424227E-06  0.3896084E-06  0.3382111E-06  0.2886728E-06  0.2414633E-06  0.1971097E-06  0.1562598E-06  0.1198029E-06  0.8914376E-07  0.6727374E-07  0.6190957E-07
  0.2114997E+04  0.5797452E-06  0.5109240E-06  0.4433878E-06  0.3777601E-06  0.3147141E-06  0.2550072E-06  0.1995625E-06  0.1496286E-06  0.1071218E-06  0.7584905E-07  0.6721232E-07
  0.2124997E+04  0.4067048E-06  0.3569738E-06  0.3088978E-06  0.2629644E-06  0.2196862E-06  0.1796177E-06  0.1433999E-06  0.1118519E-06  0.8620240E-07  0.6913408E-07  0.6596587E-07
  0.2134997E+04  0.4993482E-06  0.4407293E-06  0.3833702E-06  0.3278241E-06  0.2746829E-06  0.2246015E-06  0.1783609E-06  0.1369986E-06  0.1021146E-06  0.7708563E-07  0.7086490E-07
  0.2144997E+04  0.6748675E-06  0.5958098E-06  0.5179467E-06  0.4420127E-06  0.3688046E-06  0.2992200E-06  0.2343543E-06  0.1756964E-06  0.1255403E-06  0.8843548E-07  0.7811248E-07
  0.2154997E+04  0.6185538E-06  0.5452986E-06  0.4734693E-06  0.4037807E-06  0.3370035E-06  0.2739968E-06  0.2157889E-06  0.1637373E-06  0.1198772E-06  0.8826474E-07  0.8005723E-07
  0.2164997E+04  0.5564722E-06  0.4908794E-06  0.4269748E-06  0.3653313E-06  0.3065639E-06  0.2513581E-06  0.2005320E-06  0.1551605E-06  0.1168902E-06  0.8929459E-07  0.8233509E-07
  0.2174997E+04  0.5392577E-06  0.4770407E-06  0.4162824E-06  0.3575170E-06  0.3013262E-06  0.2483722E-06  0.1994661E-06  0.1556971E-06  0.1187485E-06  0.9225099E-07  0.8575073E-07
  0.2184997E+04  0.7948986E-06  0.7024045E-06  0.6111766E-06  0.5221106E-06  0.4361747E-06  0.3544520E-06  0.2782521E-06  0.2093310E-06  0.1503463E-06  0.1065132E-06  0.9413016E-07
  0.2194997E+04  0.8043815E-06  0.7105785E-06  0.6183525E-06  0.5285655E-06  0.4421474E-06  0.3601383E-06  0.2837964E-06  0.2148114E-06  0.1557671E-06  0.1118375E-06  0.9940812E-07
  0.2204997E+04  0.7052286E-06  0.6252135E-06  0.5466572E-06  0.4702073E-06  0.3965672E-06  0.3265387E-06  0.2611154E-06  0.2016684E-06  0.1503856E-06  0.1120061E-06  0.1014084E-06
  0.2214997E+04  0.5555313E-06  0.4920534E-06  0.4303346E-06  0.3708944E-06  0.3142908E-06  0.2611516E-06  0.2122430E-06  0.1686059E-06  0.1319158E-06  0.1060717E-06  0.1004391E-06
  0.2224997E+04  0.7323599E-06  0.6515616E-06  0.5720124E-06  0.4943116E-06  0.4191132E-06  0.3471729E-06  0.2794489E-06  0.2173012E-06  0.1629767E-06  0.1215790E-06  0.1099243E-06
  0.2234997E+04  0.8870945E-06  0.7870594E-06  0.6885447E-06  0.5923183E-06  0.4992249E-06  0.4102476E-06  0.3266355E-06  0.2501398E-06  0.1835564E-06  0.1328611E-06  0.1181904E-06
  0.2244997E+04  0.8063818E-06  0.7158528E-06  0.6268945E-06  0.5402090E-06  0.4565695E-06  0.3768761E-06  0.3022678E-06  0.2343338E-06  0.1756155E-06  0.1316386E-06  0.1195232E-06
  0.2254997E+04  0.6084243E-06  0.5416764E-06  0.4767490E-06  0.4140880E-06  0.3541759E-06  0.2975682E-06  0.2449641E-06  0.1973578E-06  0.1564735E-06  0.1267104E-06  0.1198195E-06
  0.2264997E+04  0.6378016E-06  0.5683093E-06  0.5006823E-06  0.4353666E-06  0.3728568E-06  0.3137331E-06  0.2587275E-06  0.2088572E-06  0.1658397E-06  0.1340760E-06  0.1262998E-06
  0.2274997E+04  0.6124608E-06  0.5460097E-06  0.4814619E-06  0.4192695E-06  0.3599265E-06  0.3040045E-06  0.2522210E-06  0.2055794E-06  0.1657919E-06  0.1372642E-06  0.1310728E-06
  0.2284997E+04  0.8922459E-06  0.7958565E-06  0.7009021E-06  0.6080372E-06  0.5179918E-06  0.4316350E-06  0.3500988E-06  0.2750164E-06  0.2091141E-06  0.1586671E-06  0.1444434E-06
  0.2294997E+04  0.7011880E-06  0.6267120E-06  0.5539243E-06  0.4832919E-06  0.4153411E-06  0.3507058E-06  0.2902143E-06  0.2350624E-06  0.1873105E-06  0.1521060E-06  0.1436016E-06
  0.2304997E+04  0.9777614E-06  0.8738608E-06  0.7711804E-06  0.6704036E-06  0.5723010E-06  0.4778025E-06  0.3881345E-06  0.3050802E-06  0.2316181E-06  0.1745502E-06  0.1577613E-06
  0.2314997E+04  0.7088908E-06  0.6321769E-06  0.5576386E-06  0.4857884E-06  0.4171958E-06  0.3525297E-06  0.2926368E-06  0.2387044E-06  0.1927508E-06  0.1599085E-06  0.1528710E-06
  0.2324997E+04  0.8031833E-06  0.7166634E-06  0.6322543E-06  0.5505245E-06  0.4721114E-06  0.3977718E-06  0.3284745E-06  0.2655887E-06  0.2114362E-06  0.1718012E-06  0.1623840E-06
  0.2334997E+04  0.5905832E-06  0.5303659E-06  0.4721829E-06  0.4163505E-06  0.3632186E-06  0.3132009E-06  0.2668340E-06  0.2249292E-06  0.1891118E-06  0.1643707E-06  0.1608175E-06
  0.2344997E+04  0.4092694E-06  0.3720930E-06  0.3365021E-06  0.3026510E-06  0.2707134E-06  0.2409051E-06  0.2135366E-06  0.1891638E-06  0.1691202E-06  0.1579494E-06  0.1599604E-06
  0.2354997E+04  0.8194764E-06  0.7361809E-06  0.6544942E-06  0.5748661E-06  0.4978125E-06  0.4239705E-06  0.3541983E-06  0.2897901E-06  0.2331276E-06  0.1906331E-06  0.1804360E-06
  0.2364997E+04  0.4844782E-06  0.4395894E-06  0.3964517E-06  0.3552542E-06  0.3162096E-06  0.2795778E-06  0.2457221E-06  0.2152708E-06  0.1896914E-06  0.1739454E-06  0.1744822E-06
  0.2374997E+04  0.6696291E-06  0.6037707E-06  0.5398206E-06  0.4781014E-06  0.4189833E-06  0.3629219E-06  0.3105326E-06  0.2627713E-06  0.2215430E-06  0.1925981E-06  0.1881515E-06
  0.2384997E+04  0.3575768E-06  0.3297410E-06  0.3031845E-06  0.2780051E-06  0.2543214E-06  0.2322976E-06  0.2122006E-06  0.1945667E-06  0.1807935E-06  0.1758879E-06  0.1814737E-06
  0.2394997E+04  0.4883499E-06  0.4455411E-06  0.4042672E-06  0.3647136E-06  0.3270977E-06  0.2917002E-06  0.2589351E-06  0.2295379E-06  0.2052172E-06  0.1916608E-06  0.1942254E-06
  0.2404997E+04  0.5098280E-06  0.4643860E-06  0.4208216E-06  0.3793119E-06  0.3400577E-06  0.3033095E-06  0.2694307E-06  0.2390813E-06  0.2138755E-06  0.1994193E-06  0.2015827E-06
  0.2414997E+04  0.5818556E-06  0.5303900E-06  0.4804473E-06  0.4322528E-06  0.3860775E-06  0.3422741E-06  0.3013509E-06  0.2641686E-06  0.2326249E-06  0.2128356E-06  0.2130137E-06
  0.2424997E+04  0.9682711E-06  0.8746348E-06  0.7824794E-06  0.6922496E-06  0.6044730E-06  0.5198262E-06  0.4392564E-06  0.3642444E-06  0.2976066E-06  0.2470994E-06  0.2348609E-06
  0.2434997E+04  0.9021228E-06  0.8174080E-06  0.7341309E-06  0.6526696E-06  0.5734771E-06  0.4971380E-06  0.4244723E-06  0.3567760E-06  0.2965975E-06  0.2512800E-06  0.2408885E-06
  0.2444997E+04  0.1158338E-05  0.1045667E-05  0.9343980E-06  0.8250673E-06  0.7183207E-06  0.6149901E-06  0.5162316E-06  0.4238162E-06  0.3410086E-06  0.2765303E-06  0.2589479E-06
  0.2454997E+04  0.1224159E-05  0.1104525E-05  0.9862488E-06  0.8699346E-06  0.7563075E-06  0.6463000E-06  0.5412067E-06  0.4430000E-06  0.3552527E-06  0.2872305E-06  0.2687066E-06
  0.2464997E+04  0.1007441E-05  0.9112800E-06  0.8170964E-06  0.7253209E-06  0.6364649E-06  0.5511787E-06  0.4703579E-06  0.3953939E-06  0.3289939E-06  0.2789880E-06  0.2673418E-06
  0.2474997E+04  0.9041997E-06  0.8210541E-06  0.7395414E-06  0.6600536E-06  0.5830659E-06  0.5091948E-06  0.4393099E-06  0.3747976E-06  0.3184182E-06  0.2781710E-06  0.2712665E-06
  0.2484997E+04  0.5918143E-06  0.5411833E-06  0.4928214E-06  0.4469971E-06  0.4040236E-06  0.3642897E-06  0.3283319E-06  0.2970406E-06  0.2724204E-06  0.2612486E-06  0.2671454E-06
  0.2494997E+04  0.8688291E-06  0.7918860E-06  0.7164731E-06  0.6429503E-06  0.5717619E-06  0.5034941E-06  0.4389862E-06  0.3796054E-06  0.3281676E-06  0.2931186E-06  0.2892990E-06
  0.2504997E+04  0.1218026E-05  0.1101202E-05  0.9863090E-06  0.8739411E-06  0.7648167E-06  0.6598574E-06  0.5603281E-06  0.4681462E-06  0.3868678E-06  0.3262067E-06  0.3122458E-06
  0.2514997E+04  0.4123049E-06  0.3868017E-06  0.3631953E-06  0.3415187E-06  0.3218100E-06  0.3041453E-06  0.2887257E-06  0.2761336E-06  0.2682623E-06  0.2727879E-06  0.2871905E-06
  0.2524997E+04  0.3092582E-06  0.3027032E-06  0.2962492E-06  0.2899211E-06  0.2837753E-06  0.2779340E-06  0.2726740E-06  0.2686818E-06  0.2679687E-06  0.2780855E-06  0.2941139E-06
  0.2534997E+04  0.4587916E-06  0.4397670E-06  0.4207318E-06  0.4017000E-06  0.3827105E-06  0.3638577E-06  0.3453677E-06  0.3278245E-06  0.3129920E-06  0.3077368E-06  0.3153464E-06
  0.2544997E+04  0.6154737E-06  0.5810455E-06  0.5466048E-06  0.5121909E-06  0.4778752E-06  0.4437929E-06  0.4102247E-06  0.3778329E-06  0.3485221E-06  0.3295280E-06  0.3309407E-06
  0.2554997E+04  0.1149489E-05  0.1066437E-05  0.9825883E-06  0.8979586E-06  0.8125983E-06  0.7266336E-06  0.6403605E-06  0.5545183E-06  0.4712952E-06  0.3993213E-06  0.3769554E-06
  0.2564997E+04  0.1022305E-05  0.9463560E-06  0.8705338E-06  0.7949654E-06  0.7198305E-06  0.6454111E-06  0.5722027E-06  0.5012183E-06  0.4350608E-06  0.3830406E-06  0.3717689E-06
  0.2574997E+04  0.1361380E-05  0.1251278E-05  0.1141340E-05  0.1031743E-05  0.9227140E-06  0.8145897E-06  0.7079485E-06  0.6039520E-06  0.5055240E-06  0.4230736E-06  0.3988696E-06
  0.2584997E+04  0.1381168E-05  0.1267008E-05  0.1153379E-05  0.1040538E-05  0.9288013E-06  0.8186049E-06  0.7106397E-06  0.6062008E-06  0.5084090E-06  0.4281922E-06  0.4062186E-06
  0.2594997E+04  0.1036586E-05  0.9546463E-06  0.8741191E-06  0.7952309E-06  0.7182644E-06  0.6436092E-06  0.5718782E-06  0.5042346E-06  0.4435697E-06  0.4001612E-06  0.3952349E-06
  0.2604997E+04  0.1292299E-05  0.1184732E-05  0.1078381E-05  0.9735671E-06  0.8706900E-06  0.7702940E-06  0.6731983E-06  0.5808522E-06  0.4966026E-06  0.4318875E-06  0.4184828E-06
  0.2614997E+04  0.1010789E-05  0.9340503E-06  0.8584994E-06  0.7843704E-06  0.7119642E-06  0.6417062E-06  0.5742738E-06  0.5109529E-06  0.4549120E-06  0.4172806E-06  0.4162880E-06
  0.2624997E+04  0.1339755E-05  0.1228124E-05  0.1118063E-05  0.1009909E-05  0.9040773E-06  0.8011141E-06  0.7018280E-06  0.6076398E-06  0.5218613E-06  0.4559891E-06  0.4423303E-06
  0.2634997E+04  0.2121591E-05  0.1948159E-05  0.1773082E-05  0.1596584E-05  0.1418947E-05  0.1240609E-05  0.1062349E-05  0.8857387E-06  0.7146255E-06  0.5624519E-06  0.5085028E-06
  0.2644997E+04  0.2575534E-05  0.2364052E-05  0.2150007E-05  0.1933541E-05  0.1714840E-05  0.1494238E-05  0.1272417E-05  0.1050897E-05  0.8336192E-06  0.6348683E-06  0.5591048E-06
  0.2654997E+04  0.3125950E-05  0.2874261E-05  0.2618136E-05  0.2357530E-05  0.2092352E-05  0.1822537E-05  0.1548224E-05  0.1270193E-05  0.9913718E-06  0.7248833E-06  0.6140843E-06
  0.2664997E+04  0.2203658E-05  0.2027108E-05  0.1848991E-05  0.1669458E-05  0.1488726E-05  0.1307168E-05  0.1125476E-05  0.9451088E-06  0.7698117E-06  0.6133230E-06  0.5577059E-06
  0.2674997E+04  0.2499350E-05  0.2294176E-05  0.2087390E-05  0.1879207E-05  0.1669905E-05  0.1459913E-05  0.1249998E-05  0.1041715E-05  0.8389604E-06  0.6559793E-06  0.5885012E-06
  0.2684997E+04  0.2892577E-05  0.2660765E-05  0.2425630E-05  0.2187197E-05  0.1945497E-05  0.1700644E-05  0.1453020E-05  0.1203731E-05  0.9562256E-06  0.7249270E-06  0.6336624E-06
  0.2694997E+04  0.2461311E-05  0.2268266E-05  0.2072953E-05  0.1875437E-05  0.1675818E-05  0.1474307E-05  0.1271403E-05  0.1068345E-05  0.8687145E-06  0.6867155E-06  0.6192511E-06
  0.2704997E+04  0.2540096E-05  0.2339828E-05  0.2137141E-05  0.1932165E-05  0.1725083E-05  0.1516227E-05  0.1306268E-05  0.1096705E-05  0.8915097E-06  0.7054507E-06  0.6366183E-06
  0.2714997E+04  0.2118874E-05  0.1953250E-05  0.1786850E-05  0.1619879E-05  0.1452609E-05  0.1285474E-05  0.1119242E-05  0.9554854E-06  0.7982176E-06  0.6621386E-06  0.6182463E-06
  0.2724997E+04  0.2094784E-05  0.1923426E-05  0.1752363E-05  0.1582047E-05  0.1413069E-05  0.1246263E-05  0.1082906E-05  0.9252243E-06  0.7781113E-06  0.6573999E-06  0.6229073E-06
  0.2734997E+04  0.2023916E-05  0.1865597E-05  0.1707134E-05  0.1548834E-05  0.1391114E-05  0.1234589E-05  0.1080273E-05  0.9300800E-06  0.7886012E-06  0.6718563E-06  0.6394901E-06
  0.2744997E+04  0.1441222E-05  0.1338491E-05  0.1236810E-05  0.1136400E-05  0.1037553E-05  0.9406964E-06  0.8465482E-06  0.7565744E-06  0.6746492E-06  0.6150475E-06  0.6081025E-06
  0.2754997E+04  0.2030274E-05  0.1876198E-05  0.1721980E-05  0.1567842E-05  0.1414084E-05  0.1261152E-05  0.1109808E-05  0.9615883E-06  0.8205583E-06  0.7021309E-06  0.6681677E-06
  0.2764997E+04  0.2336263E-05  0.2155341E-05  0.1973503E-05  0.1790971E-05  0.1608061E-05  0.1425274E-05  0.1243486E-05  0.1064462E-05  0.8927557E-06  0.7453919E-06  0.6996695E-06
  0.2774997E+04  0.2311787E-05  0.2129771E-05  0.1947722E-05  0.1766012E-05  0.1585131E-05  0.1405780E-05  0.1229055E-05  0.1056964E-05  0.8943298E-06  0.7583413E-06  0.7185872E-06
  0.2784997E+04  0.1518552E-05  0.1414527E-05  0.1312008E-05  0.1211135E-05  0.1112097E-05  0.1015195E-05  0.9210055E-06  0.8308766E-06  0.7487258E-06  0.6899578E-06  0.6859992E-06
  0.2794997E+04  0.6730552E-06  0.6576384E-06  0.6424841E-06  0.6277003E-06  0.6134783E-06  0.6001777E-06  0.5885343E-06  0.5802440E-06  0.5799721E-06  0.6041170E-06  0.6393008E-06
  0.2804997E+04  0.9368337E-06  0.8950776E-06  0.8541076E-06  0.8140297E-06  0.7750283E-06  0.7374507E-06  0.7020161E-06  0.6704000E-06  0.6472754E-06  0.6497539E-06  0.6766826E-06
  0.2814997E+04  0.2528590E-05  0.2324506E-05  0.2121621E-05  0.1920408E-05  0.1721463E-05  0.1525582E-05  0.1333953E-05  0.1148710E-05  0.9750680E-06  0.8319684E-06  0.7922056E-06
  0.2824997E+04  0.3436014E-05  0.3153853E-05  0.2869804E-05  0.2584407E-05  0.2298411E-05  0.2012922E-05  0.1729665E-05  0.1451631E-05  0.1185348E-05  0.9524110E-06  0.8717258E-06
  0.2834997E+04  0.3157327E-05  0.2905942E-05  0.2652674E-05  0.2397929E-05  0.2142299E-05  0.1886712E-05  0.1632720E-05  0.1383212E-05  0.1144780E-05  0.9391137E-06  0.8710615E-06
  0.2844997E+04  0.2089475E-05  0.1928840E-05  0.1770593E-05  0.1615341E-05  0.1463838E-05  0.1317079E-05  0.1176480E-05  0.1044405E-05  0.9260461E-06  0.8385540E-06  0.8231688E-06
  0.2854997E+04  0.1378946E-05  0.1296300E-05  0.1215625E-05  0.1137263E-05  0.1061649E-05  0.9893797E-06  0.9213823E-06  0.8594460E-06  0.8082029E-06  0.7847471E-06  0.8001432E-06
  0.2864997E+04  0.3043217E-05  0.2801570E-05  0.2559112E-05  0.2316429E-05  0.2074340E-05  0.1834049E-05  0.1597442E-05  0.1367809E-05  0.1152266E-05  0.9732096E-06  0.9192841E-06
  0.2874997E+04  0.3756075E-05  0.3469548E-05  0.3178473E-05  0.2882929E-05  0.2583126E-05  0.2279547E-05  0.1973250E-05  0.1666610E-05  0.1365910E-05  0.1094302E-05  0.9955051E-06
  0.2884997E+04  0.3255043E-05  0.3014440E-05  0.2770945E-05  0.2524659E-05  0.2275792E-05  0.2024772E-05  0.1772502E-05  0.1521034E-05  0.1276053E-05  0.1059467E-05  0.9865459E-06
  0.2894997E+04  0.4093879E-05  0.3792682E-05  0.3485174E-05  0.3171115E-05  0.2850310E-05  0.2522727E-05  0.2188747E-05  0.1849857E-05  0.1511187E-05  0.1195084E-05  0.1073352E-05
  0.2904997E+04  0.4903916E-05  0.4542646E-05  0.4172686E-05  0.3793522E-05  0.3404596E-05  0.3005403E-05  0.2595698E-05  0.2176088E-05  0.1750429E-05  0.1339767E-05  0.1170014E-05
  0.2914997E+04  0.4790794E-05  0.4438615E-05  0.4078110E-05  0.3708824E-05  0.3330285E-05  0.2942119E-05  0.2544283E-05  0.2137725E-05  0.1726963E-05  0.1334634E-05  0.1176147E-05
  0.2924997E+04  0.4296682E-05  0.3990171E-05  0.3676908E-05  0.3356489E-05  0.3028483E-05  0.2692496E-05  0.2348350E-05  0.1996620E-05  0.1640886E-05  0.1300901E-05  0.1164334E-05
  0.2934997E+04  0.4918681E-05  0.4573245E-05  0.4218469E-05  0.3853578E-05  0.3477665E-05  0.3089741E-05  0.2688854E-05  0.2274545E-05  0.1848922E-05  0.1429894E-05  0.1251410E-05
  0.2944997E+04  0.4278637E-05  0.3969141E-05  0.3653720E-05  0.3332135E-05  0.3004174E-05  0.2669746E-05  0.2329120E-05  0.1983593E-05  0.1638083E-05  0.1315354E-05  0.1191736E-05
  0.2954997E+04  0.5224691E-05  0.4856970E-05  0.4479099E-05  0.4090241E-05  0.3689425E-05  0.3275594E-05  0.2847755E-05  0.2405502E-05  0.1951357E-05  0.1505342E-05  0.1316663E-05
  0.2964997E+04  0.4728819E-05  0.4386347E-05  0.4036557E-05  0.3679107E-05  0.3313677E-05  0.2940089E-05  0.2558586E-05  0.2170592E-05  0.1781556E-05  0.1416220E-05  0.1273754E-05
  0.2974997E+04  0.5366657E-05  0.4988130E-05  0.4599421E-05  0.4199747E-05  0.3788218E-05  0.3363895E-05  0.2925972E-05  0.2474352E-05  0.2012168E-05  0.1561018E-05  0.1371996E-05
  0.2984997E+04  0.4620943E-05  0.4293832E-05  0.3959839E-05  0.3618617E-05  0.3269817E-05  0.2913185E-05  0.2548785E-05  0.2177694E-05  0.1804823E-05  0.1454718E-05  0.1320316E-05
  0.2994997E+04  0.5631291E-05  0.5238351E-05  0.4834387E-05  0.4418453E-05  0.3989456E-05  0.3546219E-05  0.3087643E-05  0.2613297E-05  0.2126038E-05  0.1648054E-05  0.1446666E-05
