  0.1804997E+04  0.1260858E-07  0.9566473E-08  0.7282157E-08  0.5633073E-08  0.4481982E-08  0.3687060E-08  0.3117243E-08  0.2669440E-08  0.2280976E-08  0.1947185E-08  0.1841417E-08
  0.1814997E+04  0.1387087E-07  0.1066151E-07  0.8235488E-08  0.6463402E-08  0.5202140E-08  0.4305725E-08  0.3640710E-08  0.3102005E-08  0.2622648E-08  0.2190099E-08  0.2032273E-08
  0.1824997E+04  0.1161007E-07  0.9112824E-08  0.7236049E-08  0.5863023E-08  0.4872015E-08  0.4146188E-08  0.3585001E-08  0.3113380E-08  0.2686034E-08  0.2304765E-08  0.2174542E-08
  0.1834997E+04  0.1452251E-07  0.1133218E-07  0.8883740E-08  0.7063652E-08  0.5743685E-08  0.4789826E-08  0.4075752E-08  0.3497951E-08  0.2987431E-08  0.2531159E-08  0.2367268E-08
  0.1844997E+04  0.5481121E-08  0.4944631E-08  0.4501558E-08  0.4127015E-08  0.3799563E-08  0.3501948E-08  0.3221363E-08  0.2949777E-08  0.2687743E-08  0.2471196E-08  0.2429684E-08
  0.1854997E+04  0.1328031E-07  0.1041720E-07  0.8256750E-08  0.6680423E-08  0.5556433E-08  0.4751004E-08  0.4143904E-08  0.3643767E-08  0.3197610E-08  0.2812574E-08  0.2694984E-08
  0.1864997E+04  0.1446201E-07  0.1132722E-07  0.9016107E-08  0.7356997E-08  0.6177033E-08  0.5316955E-08  0.4646150E-08  0.4072679E-08  0.3546466E-08  0.3083503E-08  0.2940456E-08
  0.1874997E+04  0.7985400E-08  0.7004226E-08  0.6241918E-08  0.5632979E-08  0.5123875E-08  0.4674562E-08  0.4257910E-08  0.3858477E-08  0.3477177E-08  0.3173449E-08  0.3133218E-08
  0.1884997E+04  0.1659342E-07  0.1303975E-07  0.1037872E-07  0.8443390E-08  0.7058752E-08  0.6055823E-08  0.5288239E-08  0.4646486E-08  0.4066658E-08  0.3560498E-08  0.3405344E-08
  0.1894997E+04  0.3209280E-07  0.2406271E-07  0.1791904E-07  0.1342945E-07  0.1029927E-07  0.8189789E-08  0.6756287E-08  0.5701458E-08  0.4821788E-08  0.4040841E-08  0.3743086E-08
  0.1904997E+04  0.2452533E-07  0.1887661E-07  0.1461372E-07  0.1151592E-07  0.9330816E-08  0.7796023E-08  0.6670350E-08  0.5765184E-08  0.4961508E-08  0.4233847E-08  0.3966015E-08
  0.1914997E+04  0.2726649E-07  0.2082630E-07  0.1599913E-07  0.1251999E-07  0.1008918E-07  0.8398569E-08  0.7168411E-08  0.6183285E-08  0.5310240E-08  0.4524292E-08  0.4240926E-08
  0.1924997E+04  0.1760825E-07  0.1434323E-07  0.1187138E-07  0.1003181E-07  0.8660745E-08  0.7605226E-08  0.6737845E-08  0.5967550E-08  0.5246345E-08  0.4610399E-08  0.4418539E-08
  0.1934997E+04  0.5585086E-08  0.5394709E-08  0.5212540E-08  0.5035896E-08  0.4863418E-08  0.4695360E-08  0.4534543E-08  0.4389426E-08  0.4285055E-08  0.4311570E-08  0.4454729E-08
  0.1944997E+04  0.2411681E-07  0.1916529E-07  0.1545819E-07  0.1275478E-07  0.1080206E-07  0.9357408E-08  0.8214405E-08  0.7222723E-08  0.6296078E-08  0.5450403E-08  0.5159624E-08
  0.1954997E+04  0.3805542E-07  0.2916394E-07  0.2243156E-07  0.1753150E-07  0.1408062E-07  0.1167113E-07  0.9919386E-08  0.8518553E-08  0.7269722E-08  0.6115676E-08  0.5668878E-08
  0.1964997E+04  0.5011325E-07  0.3794059E-07  0.2865149E-07  0.2186194E-07  0.1709611E-07  0.1382188E-07  0.1151491E-07  0.9737017E-08  0.8190719E-08  0.6757059E-08  0.6175343E-08
  0.1974997E+04  0.4786555E-07  0.3664453E-07  0.2807214E-07  0.2177936E-07  0.1731969E-07  0.1420276E-07  0.1195170E-07  0.1017084E-07  0.8592362E-08  0.7119938E-08  0.6528840E-08
  0.1984997E+04  0.3040720E-07  0.2470329E-07  0.2038096E-07  0.1715770E-07  0.1474529E-07  0.1287542E-07  0.1132519E-07  0.9931915E-08  0.8594339E-08  0.7318889E-08  0.6831153E-08
  0.1994997E+04  0.4916993E-07  0.3818602E-07  0.2968486E-07  0.2334624E-07  0.1877488E-07  0.1552670E-07  0.1315687E-07  0.1128116E-07  0.9625228E-08  0.8076914E-08  0.7442337E-08
  0.2004997E+04  0.5027163E-07  0.3946308E-07  0.3099201E-07  0.2458013E-07  0.1987659E-07  0.1647842E-07  0.1397132E-07  0.1198497E-07  0.1024168E-07  0.8613581E-08  0.7936665E-08
  0.2014997E+04  0.6240557E-07  0.4850235E-07  0.3751347E-07  0.2915258E-07  0.2302909E-07  0.1866397E-07  0.1553482E-07  0.1314971E-07  0.1112545E-07  0.9267598E-08  0.8493808E-08
  0.2024997E+04  0.3391194E-07  0.2791078E-07  0.2322032E-07  0.1963356E-07  0.1691861E-07  0.1483562E-07  0.1316030E-07  0.1170836E-07  0.1035526E-07  0.9097971E-08  0.8633004E-08
  0.2034997E+04  0.7529856E-07  0.5802993E-07  0.4437959E-07  0.3403215E-07  0.2652622E-07  0.2126896E-07  0.1759299E-07  0.1485996E-07  0.1257535E-07  0.1048814E-07  0.9617122E-08
  0.2044997E+04  0.8460485E-07  0.6512872E-07  0.4976089E-07  0.3812760E-07  0.2969195E-07  0.2377338E-07  0.1961455E-07  0.1649726E-07  0.1386470E-07  0.1142185E-07  0.1037598E-07
  0.2054997E+04  0.7501421E-07  0.5848354E-07  0.4553484E-07  0.3576507E-07  0.2864473E-07  0.2354904E-07  0.1982589E-07  0.1689086E-07  0.1430882E-07  0.1187245E-07  0.1084178E-07
  0.2064997E+04  0.6430726E-07  0.5114324E-07  0.4080781E-07  0.3294904E-07  0.2712673E-07  0.2284111E-07  0.1958629E-07  0.1691849E-07  0.1451206E-07  0.1224156E-07  0.1131431E-07
  0.2074997E+04  0.6784766E-07  0.5263753E-07  0.4118294E-07  0.3288446E-07  0.2704189E-07  0.2291864E-07  0.1983587E-07  0.1726727E-07  0.1488826E-07  0.1263357E-07  0.1174378E-07
  0.2084997E+04  0.7971418E-07  0.6400016E-07  0.5149355E-07  0.4180537E-07  0.3445869E-07  0.2891890E-07  0.2464552E-07  0.2115311E-07  0.1804968E-07  0.1505221E-07  0.1361671E-07
  0.2094997E+04  0.2017240E-06  0.1643031E-06  0.1310762E-06  0.1022434E-06  0.7793762E-07  0.5818222E-07  0.4283308E-07  0.3150637E-07  0.2349832E-07  0.1775178E-07  0.1542190E-07
  0.2104997E+04  0.3435964E-06  0.2832559E-06  0.2274975E-06  0.1770136E-06  0.1325730E-06  0.9497958E-07  0.6496206E-07  0.4292751E-07  0.2848928E-07  0.1985496E-07  0.1686427E-07
  0.2114997E+04  0.5077477E-06  0.4224852E-06  0.3423994E-06  0.2685199E-06  0.2020626E-06  0.1444179E-06  0.9705608E-07  0.6123930E-07  0.3732775E-07  0.2354031E-07  0.1916738E-07
  0.2124997E+04  0.2988690E-06  0.2451315E-06  0.1959365E-06  0.1519021E-06  0.1136805E-06  0.8189722E-07  0.5702155E-07  0.3911926E-07  0.2746640E-07  0.2026979E-07  0.1772089E-07
  0.2134997E+04  0.4271201E-06  0.3558319E-06  0.2890514E-06  0.2276220E-06  0.1725205E-06  0.1248351E-06  0.8567875E-07  0.5595539E-07  0.3583994E-07  0.2389983E-07  0.2005509E-07
  0.2144997E+04  0.6112736E-06  0.5108866E-06  0.4158790E-06  0.3275117E-06  0.2473172E-06  0.1771071E-06  0.1188842E-06  0.7450770E-07  0.4480982E-07  0.2790823E-07  0.2268862E-07
  0.2154997E+04  0.5164730E-06  0.4284176E-06  0.3460077E-06  0.2703836E-06  0.2028662E-06  0.1449172E-06  0.9799411E-07  0.6317275E-07  0.4035588E-07  0.2713250E-07  0.2277225E-07
  0.2164997E+04  0.4339257E-06  0.3592016E-06  0.2900058E-06  0.2272150E-06  0.1717865E-06  0.1247025E-06  0.8683443E-07  0.5865334E-07  0.3968871E-07  0.2783565E-07  0.2359242E-07
  0.2174997E+04  0.4057511E-06  0.3359750E-06  0.2713757E-06  0.2128059E-06  0.1611990E-06  0.1175064E-06  0.8254780E-07  0.5670164E-07  0.3937282E-07  0.2843522E-07  0.2444928E-07
  0.2184997E+04  0.7089005E-06  0.5921899E-06  0.4817776E-06  0.3791958E-06  0.2862881E-06  0.2052014E-06  0.1382527E-06  0.8748989E-07  0.5361945E-07  0.3412805E-07  0.2793002E-07
  0.2194997E+04  0.6775657E-06  0.5653199E-06  0.4597183E-06  0.3621531E-06  0.2742597E-06  0.1978937E-06  0.1349977E-06  0.8721270E-07  0.5496323E-07  0.3584060E-07  0.2952410E-07
  0.2204997E+04  0.5833726E-06  0.4888408E-06  0.3998898E-06  0.3176244E-06  0.2433405E-06  0.1785071E-06  0.1246640E-06  0.8312369E-07  0.5427754E-07  0.3637248E-07  0.3028226E-07
  0.2214997E+04  0.4124640E-06  0.3433292E-06  0.2792639E-06  0.2210485E-06  0.1695427E-06  0.1256349E-06  0.9011521E-07  0.6340282E-07  0.4504945E-07  0.3317192E-07  0.2887802E-07
  0.2224997E+04  0.6435833E-06  0.5421595E-06  0.4460707E-06  0.3565169E-06  0.2749387E-06  0.2030146E-06  0.1425708E-06  0.9527597E-07  0.6189295E-07  0.4090193E-07  0.3380036E-07
  0.2234997E+04  0.7669399E-06  0.6439153E-06  0.5274838E-06  0.4191579E-06  0.3207496E-06  0.2343636E-06  0.1622742E-06  0.1065238E-06  0.6793134E-07  0.4426598E-07  0.3629482E-07
  0.2244997E+04  0.6808087E-06  0.5704845E-06  0.4665707E-06  0.3704436E-06  0.2837098E-06  0.2081701E-06  0.1456710E-06  0.9770533E-07  0.6454000E-07  0.4379852E-07  0.3658365E-07
  0.2254997E+04  0.4547558E-06  0.3811900E-06  0.3129345E-06  0.2507440E-06  0.1954336E-06  0.1478301E-06  0.1086619E-06  0.7833291E-07  0.5650918E-07  0.4156591E-07  0.3595215E-07
  0.2264997E+04  0.4643306E-06  0.3886074E-06  0.3185754E-06  0.2550527E-06  0.1989021E-06  0.1509563E-06  0.1118648E-06  0.8181192E-07  0.6008005E-07  0.4464812E-07  0.3854714E-07
  0.2274997E+04  0.4113391E-06  0.3441431E-06  0.2822627E-06  0.2264004E-06  0.1772842E-06  0.1355981E-06  0.1018402E-06  0.7607030E-07  0.5752770E-07  0.4431028E-07  0.3903580E-07
  0.2284997E+04  0.7243365E-06  0.6113515E-06  0.5044028E-06  0.4048100E-06  0.3141507E-06  0.2342551E-06  0.1671043E-06  0.1144895E-06  0.7715735E-07  0.5320970E-07  0.4477531E-07
  0.2294997E+04  0.4959081E-06  0.4164036E-06  0.3425709E-06  0.2752869E-06  0.2155014E-06  0.1641726E-06  0.1221181E-06  0.8971837E-07  0.6640821E-07  0.5010353E-07  0.4371455E-07
  0.2304997E+04  0.8003842E-06  0.6766225E-06  0.5591300E-06  0.4494141E-06  0.3492822E-06  0.2608336E-06  0.1863404E-06  0.1278552E-06  0.8624754E-07  0.5941553E-07  0.4987216E-07
  0.2314997E+04  0.4785901E-06  0.4010903E-06  0.3296895E-06  0.2651750E-06  0.2083594E-06  0.1600033E-06  0.1206626E-06  0.9040890E-07  0.6840029E-07  0.5252678E-07  0.4622573E-07
  0.2324997E+04  0.5651808E-06  0.4742034E-06  0.3898678E-06  0.3131765E-06  0.2451962E-06  0.1869752E-06  0.1393676E-06  0.1026977E-06  0.7620062E-07  0.5742502E-07  0.5000206E-07
  0.2334997E+04  0.4007391E-06  0.3386297E-06  0.2818256E-06  0.2308300E-06  0.1861024E-06  0.1479829E-06  0.1165727E-06  0.9156136E-07  0.7203508E-07  0.5647805E-07  0.4994742E-07
  0.2344997E+04  0.2350711E-06  0.2018111E-06  0.1719591E-06  0.1456093E-06  0.1227781E-06  0.1033681E-06  0.8712633E-07  0.7361123E-07  0.6219921E-07  0.5228637E-07  0.4807595E-07
  0.2354997E+04  0.6284113E-06  0.5335000E-06  0.4442999E-06  0.3618318E-06  0.2872468E-06  0.2217812E-06  0.1666298E-06  0.1226569E-06  0.8983595E-07  0.6646160E-07  0.5750815E-07
  0.2364997E+04  0.2915440E-06  0.2500493E-06  0.2125101E-06  0.1790956E-06  0.1498999E-06  0.1248981E-06  0.1038903E-06  0.8643775E-07  0.7182317E-07  0.5920837E-07  0.5377699E-07
  0.2374997E+04  0.4470647E-06  0.3807414E-06  0.3194885E-06  0.2638501E-06  0.2143731E-06  0.1715519E-06  0.1357206E-06  0.1068612E-06  0.8431209E-07  0.6656407E-07  0.5918434E-07
  0.2384997E+04  0.1846215E-06  0.1626891E-06  0.1430063E-06  0.1255465E-06  0.1102279E-06  0.9689485E-07  0.8530124E-07  0.7510556E-07  0.6591610E-07  0.5760084E-07  0.5425639E-07
  0.2394997E+04  0.2933215E-06  0.2536709E-06  0.2174369E-06  0.1848086E-06  0.1559351E-06  0.1308918E-06  0.1096276E-06  0.9188794E-07  0.7713405E-07  0.6468687E-07  0.5955079E-07
  0.2404997E+04  0.2963964E-06  0.2559765E-06  0.2195942E-06  0.1873450E-06  0.1592267E-06  0.1350963E-06  0.1146215E-06  0.9724241E-07  0.8218087E-07  0.6869203E-07  0.6281975E-07
  0.2414997E+04  0.3515658E-06  0.3032990E-06  0.2589145E-06  0.2187370E-06  0.1830643E-06  0.1521216E-06  0.1259836E-06  0.1044581E-06  0.8694077E-07  0.7245401E-07  0.6637367E-07
  0.2424997E+04  0.7047567E-06  0.6025832E-06  0.5062038E-06  0.4166747E-06  0.3352045E-06  0.2631205E-06  0.2017555E-06  0.1521656E-06  0.1145301E-06  0.8717527E-07  0.7646028E-07
  0.2434997E+04  0.6160800E-06  0.5279804E-06  0.4454034E-06  0.3692044E-06  0.3003158E-06  0.2396948E-06  0.1882048E-06  0.1463656E-06  0.1138838E-06  0.8899973E-07  0.7871628E-07
  0.2444997E+04  0.8549111E-06  0.7297885E-06  0.6116216E-06  0.5018034E-06  0.4019227E-06  0.3137089E-06  0.2388663E-06  0.1786789E-06  0.1331992E-06  0.9994931E-07  0.8656713E-07
  0.2454997E+04  0.9133198E-06  0.7791480E-06  0.6521795E-06  0.5339807E-06  0.4263604E-06  0.3313139E-06  0.2508373E-06  0.1864706E-06  0.1383532E-06  0.1037326E-06  0.8995460E-07
  0.2464997E+04  0.6674196E-06  0.5705086E-06  0.4801921E-06  0.3974048E-06  0.3231400E-06  0.2583707E-06  0.2038860E-06  0.1599776E-06  0.1259181E-06  0.9938412E-07  0.8816267E-07
  0.2474997E+04  0.5770110E-06  0.4948511E-06  0.4182861E-06  0.3481148E-06  0.2851831E-06  0.2303214E-06  0.1842111E-06  0.1471267E-06  0.1184929E-06  0.9643073E-07  0.8732829E-07
  0.2484997E+04  0.2350569E-06  0.2061503E-06  0.1808018E-06  0.1589877E-06  0.1405693E-06  0.1252534E-06  0.1125580E-06  0.1018100E-06  0.9225081E-07  0.8355571E-07  0.8015729E-07
  0.2494997E+04  0.5229141E-06  0.4497321E-06  0.3818631E-06  0.3200287E-06  0.2649611E-06  0.2173230E-06  0.1775596E-06  0.1456487E-06  0.1207495E-06  0.1010167E-06  0.9271232E-07
  0.2504997E+04  0.8042302E-06  0.6855789E-06  0.5748732E-06  0.4734287E-06  0.3826486E-06  0.3039090E-06  0.2383175E-06  0.1862588E-06  0.1466561E-06  0.1162429E-06  0.1033744E-06
  0.2514997E+04  0.1508382E-06  0.1412583E-06  0.1327785E-06  0.1251876E-06  0.1182616E-06  0.1117781E-06  0.1055352E-06  0.9938419E-07  0.9333265E-07  0.8808741E-07  0.8674384E-07
  0.2524997E+04  0.1223804E-06  0.1193002E-06  0.1161339E-06  0.1128616E-06  0.1094596E-06  0.1059008E-06  0.1021584E-06  0.9822161E-07  0.9417373E-07  0.9062823E-07  0.8981987E-07
  0.2534997E+04  0.2051217E-06  0.1938723E-06  0.1829198E-06  0.1722327E-06  0.1617659E-06  0.1514525E-06  0.1411894E-06  0.1308142E-06  0.1200806E-06  0.1087813E-06  0.1032443E-06
  0.2544997E+04  0.3057972E-06  0.2800701E-06  0.2554953E-06  0.2321366E-06  0.2100504E-06  0.1892742E-06  0.1698029E-06  0.1515459E-06  0.1342566E-06  0.1175850E-06  0.1097567E-06
  0.2554997E+04  0.8283768E-06  0.7378988E-06  0.6495114E-06  0.5637499E-06  0.4812832E-06  0.4029476E-06  0.3297853E-06  0.2630749E-06  0.2042989E-06  0.1549068E-06  0.1343752E-06
  0.2564997E+04  0.7073780E-06  0.6279718E-06  0.5514282E-06  0.4782521E-06  0.4090341E-06  0.3444534E-06  0.2852668E-06  0.2322574E-06  0.1860941E-06  0.1470778E-06  0.1305963E-06
  0.2574997E+04  0.1064605E-05  0.9404178E-06  0.8199067E-06  0.7038160E-06  0.5930617E-06  0.4887777E-06  0.3923662E-06  0.3055374E-06  0.2302890E-06  0.1687768E-06  0.1442541E-06
  0.2584997E+04  0.1106690E-05  0.9772300E-06  0.8516751E-06  0.7308261E-06  0.6156558E-06  0.5073443E-06  0.4073158E-06  0.3172537E-06  0.2390468E-06  0.1746554E-06  0.1488040E-06
  0.2594997E+04  0.7069197E-06  0.6236495E-06  0.5450134E-06  0.4714716E-06  0.4034833E-06  0.3414687E-06  0.2857408E-06  0.2363935E-06  0.1931476E-06  0.1554157E-06  0.1391327E-06
  0.2604997E+04  0.9578302E-06  0.8411530E-06  0.7299057E-06  0.6249438E-06  0.5272109E-06  0.4376987E-06  0.3573513E-06  0.2868611E-06  0.2262863E-06  0.1746552E-06  0.1524349E-06
  0.2614997E+04  0.6733679E-06  0.5965180E-06  0.5237057E-06  0.4553921E-06  0.3920571E-06  0.3341645E-06  0.2820927E-06  0.2360075E-06  0.1956663E-06  0.1604647E-06  0.1453609E-06
  0.2624997E+04  0.9679323E-06  0.8492440E-06  0.7366611E-06  0.6310326E-06  0.5332623E-06  0.4442525E-06  0.3647898E-06  0.2953254E-06  0.2355962E-06  0.1842460E-06  0.1618009E-06
  0.2634997E+04  0.1893708E-05  0.1677840E-05  0.1464442E-05  0.1254942E-05  0.1051260E-05  0.8559688E-06  0.6725020E-06  0.5053506E-06  0.3601243E-06  0.2431885E-06  0.1979043E-06
  0.2644997E+04  0.2275613E-05  0.2017326E-05  0.1761301E-05  0.1509112E-05  0.1262901E-05  0.1025609E-05  0.8012813E-06  0.5954630E-06  0.4156579E-06  0.2716241E-06  0.2169880E-06
  0.2654997E+04  0.3020080E-05  0.2696130E-05  0.2371414E-05  0.2047309E-05  0.1725835E-05  0.1409981E-05  0.1104226E-05  0.8153669E-06  0.5539183E-06  0.3368141E-06  0.2538637E-06
  0.2664997E+04  0.1872807E-05  0.1659775E-05  0.1450136E-05  0.1245310E-05  0.1047135E-05  0.8579865E-06  0.6809181E-06  0.5197808E-06  0.3792208E-06  0.2642420E-06  0.2182765E-06
  0.2674997E+04  0.2170057E-05  0.1922741E-05  0.1679075E-05  0.1440617E-05  0.1209408E-05  0.9881306E-06  0.7802990E-06  0.5904524E-06  0.4242354E-06  0.2881079E-06  0.2340343E-06
  0.2684997E+04  0.2683277E-05  0.2390677E-05  0.2099101E-05  0.1810039E-05  0.1525571E-05  0.1248626E-05  0.9833609E-06  0.7357212E-06  0.5142320E-06  0.3311174E-06  0.2598175E-06
  0.2694997E+04  0.2144837E-05  0.1909684E-05  0.1676459E-05  0.1446478E-05  0.1221525E-05  0.1004034E-05  0.7973472E-06  0.6060723E-06  0.4365440E-06  0.2973574E-06  0.2430895E-06
  0.2704997E+04  0.2213724E-05  0.1970131E-05  0.1728751E-05  0.1491010E-05  0.1258810E-05  0.1034700E-05  0.8220995E-06  0.6255964E-06  0.4513033E-06  0.3074050E-06  0.2508799E-06
  0.2714997E+04  0.1663236E-05  0.1477339E-05  0.1295153E-05  0.1117864E-05  0.9469781E-06  0.7844129E-06  0.6325852E-06  0.4944822E-06  0.3736463E-06  0.2740351E-06  0.2341341E-06
  0.2724997E+04  0.1495476E-05  0.1316198E-05  0.1143851E-05  0.9798790E-06  0.8259444E-06  0.6838975E-06  0.5556814E-06  0.4430828E-06  0.3471842E-06  0.2674216E-06  0.2335483E-06
  0.2734997E+04  0.1466404E-05  0.1296661E-05  0.1132421E-05  0.9749978E-06  0.8259653E-06  0.6871742E-06  0.5607129E-06  0.4487300E-06  0.3529374E-06  0.2735488E-06  0.2400478E-06
  0.2744997E+04  0.9487546E-06  0.8472788E-06  0.7508860E-06  0.6601146E-06  0.5754935E-06  0.4974894E-06  0.4264102E-06  0.3622352E-06  0.3043332E-06  0.2513331E-06  0.2271090E-06
  0.2754997E+04  0.1569936E-05  0.1396391E-05  0.1227893E-05  0.1065559E-05  0.9106927E-06  0.7647974E-06  0.6295428E-06  0.5066562E-06  0.3976293E-06  0.3032129E-06  0.2623789E-06
  0.2764997E+04  0.1895725E-05  0.1683873E-05  0.1476661E-05  0.1275577E-05  0.1082470E-05  0.8996135E-06  0.7297235E-06  0.5758676E-06  0.4410561E-06  0.3272442E-06  0.2792144E-06
  0.2774997E+04  0.1712273E-05  0.1514175E-05  0.1323346E-05  0.1141341E-05  0.9699293E-06  0.8110424E-06  0.6666324E-06  0.5383140E-06  0.4265652E-06  0.3292041E-06  0.2851888E-06
  0.2784997E+04  0.8828639E-06  0.7997674E-06  0.7220364E-06  0.6496120E-06  0.5822718E-06  0.5195680E-06  0.4607361E-06  0.4045449E-06  0.3490077E-06  0.2910800E-06  0.2614008E-06
  0.2794997E+04  0.3233727E-06  0.3125852E-06  0.3016530E-06  0.2905164E-06  0.2791069E-06  0.2673497E-06  0.2551785E-06  0.2425956E-06  0.2299372E-06  0.2192697E-06  0.2171675E-06
  0.2804997E+04  0.4913559E-06  0.4611284E-06  0.4322315E-06  0.4045109E-06  0.3777621E-06  0.3517226E-06  0.3260643E-06  0.3003987E-06  0.2743782E-06  0.2486468E-06  0.2379676E-06
  0.2814997E+04  0.1827152E-05  0.1613160E-05  0.1409345E-05  0.1217232E-05  0.1038389E-05  0.8742963E-06  0.7260926E-06  0.5941095E-06  0.4770061E-06  0.3704652E-06  0.3202533E-06
  0.2824997E+04  0.2681462E-05  0.2357855E-05  0.2043423E-05  0.1741232E-05  0.1455005E-05  0.1189146E-05  0.9486042E-06  0.7383319E-06  0.5617804E-06  0.4172604E-06  0.3548398E-06
  0.2834997E+04  0.2271185E-05  0.1998131E-05  0.1733765E-05  0.1480697E-05  0.1242096E-05  0.1021715E-05  0.8237631E-06  0.6523755E-06  0.5100796E-06  0.3941332E-06  0.3434195E-06
  0.2844997E+04  0.1002769E-05  0.8940285E-06  0.7937512E-06  0.7024516E-06  0.6204801E-06  0.5478913E-06  0.4842290E-06  0.4281786E-06  0.3770421E-06  0.3264474E-06  0.3008986E-06
  0.2854997E+04  0.5557811E-06  0.5156828E-06  0.4793565E-06  0.4466386E-06  0.4171936E-06  0.3904703E-06  0.3656670E-06  0.3417275E-06  0.3174296E-06  0.2921390E-06  0.2804499E-06
  0.2864997E+04  0.1933026E-05  0.1695450E-05  0.1469279E-05  0.1256968E-05  0.1061240E-05  0.8849251E-06  0.7305907E-06  0.5997437E-06  0.4912732E-06  0.3988091E-06  0.3555161E-06
  0.2874997E+04  0.2980613E-05  0.2640737E-05  0.2306051E-05  0.1979424E-05  0.1664598E-05  0.1366424E-05  0.1091063E-05  0.8459710E-06  0.6389559E-06  0.4739040E-06  0.4055593E-06
  0.2884997E+04  0.2502217E-05  0.2230997E-05  0.1964264E-05  0.1703906E-05  0.1452344E-05  0.1212673E-05  0.9888033E-06  0.7855031E-06  0.6080066E-06  0.4600370E-06  0.3976300E-06
  0.2894997E+04  0.3622794E-05  0.3246405E-05  0.2869897E-05  0.2495346E-05  0.2125649E-05  0.1764827E-05  0.1418448E-05  0.1094169E-05  0.8023991E-06  0.5567567E-06  0.4571288E-06
  0.2904997E+04  0.4532512E-05  0.4072556E-05  0.3609667E-05  0.3145867E-05  0.2684088E-05  0.2228595E-05  0.1785592E-05  0.1364190E-05  0.9779953E-06  0.6479155E-06  0.5145372E-06
  0.2914997E+04  0.4355922E-05  0.3911685E-05  0.3465013E-05  0.3018007E-05  0.2573707E-05  0.2136499E-05  0.1712699E-05  0.1311420E-05  0.9458841E-06  0.6354722E-06  0.5103824E-06
  0.2924997E+04  0.3816171E-05  0.3439093E-05  0.3060382E-05  0.2681522E-05  0.2304627E-05  0.1932705E-05  0.1570080E-05  0.1223061E-05  0.9011604E-06  0.6197993E-06  0.5035075E-06
  0.2934997E+04  0.4490247E-05  0.4055038E-05  0.3615241E-05  0.3172279E-05  0.2728335E-05  0.2286723E-05  0.1852478E-05  0.1433316E-05  0.1041345E-05  0.6968005E-06  0.5542657E-06
  0.2944997E+04  0.3613006E-05  0.3245950E-05  0.2879656E-05  0.2515866E-05  0.2156967E-05  0.1806260E-05  0.1468332E-05  0.1149596E-05  0.8590282E-06  0.6091002E-06  0.5056791E-06
  0.2954997E+04  0.4806369E-05  0.4339122E-05  0.3866528E-05  0.3390188E-05  0.2912565E-05  0.2437415E-05  0.1970477E-05  0.1520579E-05  0.1101561E-05  0.7360054E-06  0.5858566E-06
  0.2964997E+04  0.3958740E-05  0.3554488E-05  0.3150463E-05  0.2748741E-05  0.2352206E-05  0.1964851E-05  0.1592197E-05  0.1241780E-05  0.9236545E-06  0.6509304E-06  0.5383340E-06
  0.2974997E+04  0.4797045E-05  0.4327412E-05  0.3853367E-05  0.3376646E-05  0.2899861E-05  0.2426930E-05  0.1963753E-05  0.1519297E-05  0.1107439E-05  0.7501725E-06  0.6036402E-06
  0.2984997E+04  0.3860574E-05  0.3475233E-05  0.3089960E-05  0.2706503E-05  0.2327261E-05  0.1955546E-05  0.1595980E-05  0.1255112E-05  0.9424420E-06  0.6722835E-06  0.5608616E-06
  0.2994997E+04  0.4962137E-05  0.4478571E-05  0.3990057E-05  0.3498286E-05  0.3005835E-05  0.2516612E-05  0.2036587E-05  0.1575011E-05  0.1146694E-05  0.7765102E-06  0.6265177E-06
