  0.1804997E+04  0.1028140E-07  0.7609072E-08  0.5654395E-08  0.4276685E-08  0.3329001E-08  0.2670367E-08  0.2179431E-08  0.1764472E-08  0.1362650E-08  0.9246255E-09  0.6864473E-09
  0.1814997E+04  0.1127661E-07  0.8491039E-08  0.6435874E-08  0.4965349E-08  0.3929815E-08  0.3187578E-08  0.2617264E-08  0.2126111E-08  0.1647642E-08  0.1123994E-08  0.8365320E-09
  0.1824997E+04  0.9228563E-08  0.7096492E-08  0.5526964E-08  0.4394885E-08  0.3578339E-08  0.2967699E-08  0.2473305E-08  0.2028299E-08  0.1582743E-08  0.1087195E-08  0.8130268E-09
  0.1834997E+04  0.1171191E-07  0.8952704E-08  0.6880133E-08  0.5366092E-08  0.4276485E-08  0.3480869E-08  0.2863249E-08  0.2330543E-08  0.1812381E-08  0.1245246E-08  0.9328451E-09
  0.1844997E+04  0.3907221E-08  0.3460269E-08  0.3083994E-08  0.2756194E-08  0.2458078E-08  0.2174098E-08  0.1890987E-08  0.1595540E-08  0.1270274E-08  0.8865590E-09  0.6699142E-09
  0.1854997E+04  0.1040059E-07  0.7950825E-08  0.6144649E-08  0.4849079E-08  0.3927532E-08  0.3251686E-08  0.2713386E-08  0.2231539E-08  0.1747599E-08  0.1206744E-08  0.9070539E-09
  0.1864997E+04  0.1121272E-07  0.8607933E-08  0.6727801E-08  0.5395055E-08  0.4442901E-08  0.3727610E-08  0.3137461E-08  0.2593405E-08  0.2037524E-08  0.1410026E-08  0.1060755E-08
  0.1874997E+04  0.5793703E-08  0.5016725E-08  0.4404589E-08  0.3900596E-08  0.3460441E-08  0.3051427E-08  0.2649388E-08  0.2233344E-08  0.1777716E-08  0.1242337E-08  0.9413608E-09
  0.1884997E+04  0.1294152E-07  0.9936272E-08  0.7733233E-08  0.6154300E-08  0.5024860E-08  0.4187063E-08  0.3511297E-08  0.2900830E-08  0.2283648E-08  0.1588893E-08  0.1201393E-08
  0.1894997E+04  0.2647791E-07  0.1937168E-07  0.1408457E-07  0.1032543E-07  0.7760095E-08  0.6039511E-08  0.4838551E-08  0.3894440E-08  0.3023081E-08  0.2089122E-08  0.1575680E-08
  0.1904997E+04  0.1964551E-07  0.1478627E-07  0.1121010E-07  0.8664752E-08  0.6885491E-08  0.5618922E-08  0.4648239E-08  0.3809993E-08  0.2988815E-08  0.2081361E-08  0.1575954E-08
  0.1914997E+04  0.2187726E-07  0.1635329E-07  0.1231927E-07  0.9474511E-08  0.7506505E-08  0.6119405E-08  0.5063385E-08  0.4153119E-08  0.3260321E-08  0.2272552E-08  0.1723383E-08
  0.1924997E+04  0.1368029E-07  0.1096876E-07  0.8947526E-08  0.7450658E-08  0.6320053E-08  0.5416720E-08  0.4628924E-08  0.3872418E-08  0.3077507E-08  0.2162365E-08  0.1648745E-08
  0.1934997E+04  0.3151283E-08  0.2953617E-08  0.2754692E-08  0.2550841E-08  0.2338507E-08  0.2113727E-08  0.1871388E-08  0.1603985E-08  0.1299297E-08  0.9378879E-09  0.7391564E-09
  0.1944997E+04  0.1870231E-07  0.1461658E-07  0.1161976E-07  0.9459425E-08  0.7889540E-08  0.6690625E-08  0.5686213E-08  0.4747041E-08  0.3773981E-08  0.2658112E-08  0.2028154E-08
  0.1954997E+04  0.3058005E-07  0.2298270E-07  0.1737936E-07  0.1339194E-07  0.1061610E-07  0.8657700E-08  0.7173583E-08  0.5901254E-08  0.4654562E-08  0.3268049E-08  0.2489877E-08
  0.1964997E+04  0.4093643E-07  0.3038457E-07  0.2255178E-07  0.1697203E-07  0.1312410E-07  0.1047826E-07  0.8555098E-08  0.6976866E-08  0.5477759E-08  0.3839859E-08  0.2924718E-08
  0.1974997E+04  0.3910091E-07  0.2940135E-07  0.2218062E-07  0.1700084E-07  0.1338058E-07  0.1083670E-07  0.8934940E-08  0.7332198E-08  0.5780571E-08  0.4063923E-08  0.3099756E-08
  0.1984997E+04  0.2424212E-07  0.1945957E-07  0.1589148E-07  0.1324634E-07  0.1124626E-07  0.9648125E-08  0.8258221E-08  0.6931231E-08  0.5543874E-08  0.3939029E-08  0.3020378E-08
  0.1994997E+04  0.4033956E-07  0.3070461E-07  0.2343129E-07  0.1812861E-07  0.1435794E-07  0.1166858E-07  0.9642885E-08  0.7936991E-08  0.6289853E-08  0.4465022E-08  0.3432449E-08
  0.2004997E+04  0.4082181E-07  0.3143801E-07  0.2425119E-07  0.1891917E-07  0.1505326E-07  0.1224622E-07  0.1010936E-07  0.8309048E-08  0.6579225E-08  0.4670860E-08  0.3592068E-08
  0.2014997E+04  0.5144965E-07  0.3922309E-07  0.2979154E-07  0.2277569E-07  0.1771989E-07  0.1412185E-07  0.1147891E-07  0.9342652E-08  0.7354251E-08  0.5203209E-08  0.3998618E-08
  0.2024997E+04  0.2605015E-07  0.2104166E-07  0.1718521E-07  0.1425552E-07  0.1201922E-07  0.1025067E-07  0.8748158E-08  0.7343110E-08  0.5888672E-08  0.4210714E-08  0.3249733E-08
  0.2034997E+04  0.6199779E-07  0.4680251E-07  0.3510205E-07  0.2645343E-07  0.2030085E-07  0.1601253E-07  0.1294453E-07  0.1052072E-07  0.8289838E-08  0.5881334E-08  0.4530211E-08
  0.2044997E+04  0.6982669E-07  0.5275311E-07  0.3962659E-07  0.2993393E-07  0.2303859E-07  0.1822377E-07  0.1476480E-07  0.1201833E-07  0.9482683E-08  0.6740858E-08  0.5199295E-08
  0.2054997E+04  0.6165534E-07  0.4728778E-07  0.3630128E-07  0.2818670E-07  0.2234928E-07  0.1815428E-07  0.1499132E-07  0.1233984E-07  0.9793540E-08  0.6978737E-08  0.5383449E-08
  0.2064997E+04  0.5233790E-07  0.4097590E-07  0.3224343E-07  0.2571518E-07  0.2091141E-07  0.1733385E-07  0.1451207E-07  0.1204572E-07  0.9609559E-08  0.6872939E-08  0.5313981E-08
  0.2074997E+04  0.5397895E-07  0.4123328E-07  0.3187066E-07  0.2521921E-07  0.2056348E-07  0.1721342E-07  0.1457918E-07  0.1221946E-07  0.9818029E-08  0.7066017E-08  0.5495725E-08
  0.2084997E+04  0.6758780E-07  0.5346418E-07  0.4241944E-07  0.3398958E-07  0.2765000E-07  0.2285541E-07  0.1908768E-07  0.1589030E-07  0.1285491E-07  0.9515030E-08  0.7572205E-08
  0.2094997E+04  0.1854352E-06  0.1488435E-06  0.1168958E-06  0.8965227E-07  0.6706812E-07  0.4897231E-07  0.3504758E-07  0.2479524E-07  0.1742761E-07  0.1165457E-07  0.8897473E-08
  0.2104997E+04  0.3248608E-06  0.2639517E-06  0.2086341E-06  0.1595095E-06  0.1171505E-06  0.8204496E-07  0.5450741E-07  0.3452804E-07  0.2143695E-07  0.1318002E-07  0.9840948E-08
  0.2114997E+04  0.4919190E-06  0.4041085E-06  0.3229499E-06  0.2494418E-06  0.1846311E-06  0.1295536E-06  0.8512878E-07  0.5196934E-07  0.2994079E-07  0.1695226E-07  0.1235088E-07
  0.2124997E+04  0.2813973E-06  0.2272396E-06  0.1784908E-06  0.1356822E-06  0.9928690E-07  0.6964505E-07  0.4685244E-07  0.3059253E-07  0.1986273E-07  0.1258477E-07  0.9425508E-08
  0.2134997E+04  0.4137531E-06  0.3402629E-06  0.2724850E-06  0.2112333E-06  0.1573398E-06  0.1115945E-06  0.7465108E-07  0.4687532E-07  0.2802820E-07  0.1636065E-07  0.1202489E-07
  0.2144997E+04  0.5957252E-06  0.4915668E-06  0.3945538E-06  0.3059672E-06  0.2271959E-06  0.1596737E-06  0.1047557E-06  0.6348400E-07  0.3602910E-07  0.2009101E-07  0.1459305E-07
  0.2154997E+04  0.4956798E-06  0.4055163E-06  0.3225158E-06  0.2477677E-06  0.1823903E-06  0.1274453E-06  0.8379050E-07  0.5182079E-07  0.3093159E-07  0.1834454E-07  0.1359101E-07
  0.2164997E+04  0.4119077E-06  0.3364984E-06  0.2677543E-06  0.2064398E-06  0.1532897E-06  0.1089393E-06  0.7381098E-07  0.4791820E-07  0.3045858E-07  0.1896568E-07  0.1422271E-07
  0.2174997E+04  0.3816053E-06  0.3115531E-06  0.2477569E-06  0.1909536E-06  0.1418483E-06  0.1010374E-06  0.6888401E-07  0.4530942E-07  0.2939294E-07  0.1866303E-07  0.1410364E-07
  0.2184997E+04  0.6883190E-06  0.5675292E-06  0.4551106E-06  0.3526060E-06  0.2616689E-06  0.1839740E-06  0.1210540E-06  0.7400275E-07  0.4279592E-07  0.2445372E-07  0.1793762E-07
  0.2194997E+04  0.6526142E-06  0.5374945E-06  0.4309232E-06  0.3342595E-06  0.2489245E-06  0.1763131E-06  0.1176395E-06  0.7366509E-07  0.4410185E-07  0.2605004E-07  0.1934500E-07
  0.2204997E+04  0.5597694E-06  0.4632972E-06  0.3739025E-06  0.2926336E-06  0.2205893E-06  0.1588589E-06  0.1084151E-06  0.6991128E-07  0.4320007E-07  0.2602278E-07  0.1940059E-07
  0.2214997E+04  0.3896247E-06  0.3200114E-06  0.2564818E-06  0.1997113E-06  0.1503482E-06  0.1089468E-06  0.7586452E-07  0.5108285E-07  0.3382557E-07  0.2173603E-07  0.1648026E-07
  0.2224997E+04  0.6242859E-06  0.5199826E-06  0.4226214E-06  0.3333522E-06  0.2534120E-06  0.1840776E-06  0.1265801E-06  0.8193222E-07  0.5042964E-07  0.3004156E-07  0.2229435E-07
  0.2234997E+04  0.7408815E-06  0.6148998E-06  0.4975063E-06  0.3901400E-06  0.2943461E-06  0.2117157E-06  0.1437727E-06  0.9173689E-07  0.5585028E-07  0.3332590E-07  0.2485089E-07
  0.2244997E+04  0.6551409E-06  0.5425905E-06  0.4382015E-06  0.3432443E-06  0.2590467E-06  0.1869240E-06  0.1280562E-06  0.8324427E-07  0.5226947E-07  0.3215985E-07  0.2420080E-07
  0.2254997E+04  0.4293421E-06  0.3555267E-06  0.2879958E-06  0.2273702E-06  0.1742390E-06  0.1291094E-06  0.9232712E-07  0.6392827E-07  0.4327635E-07  0.2817574E-07  0.2152668E-07
  0.2264997E+04  0.4348854E-06  0.3596987E-06  0.2911261E-06  0.2298006E-06  0.1763078E-06  0.1311284E-06  0.9454319E-07  0.6645016E-07  0.4593348E-07  0.3040076E-07  0.2331058E-07
  0.2274997E+04  0.3801587E-06  0.3138795E-06  0.2537375E-06  0.2002753E-06  0.1539734E-06  0.1151845E-06  0.8403337E-07  0.6024058E-07  0.4276509E-07  0.2913127E-07  0.2266139E-07
  0.2284997E+04  0.6909336E-06  0.5763418E-06  0.4694658E-06  0.3715286E-06  0.2838470E-06  0.2077861E-06  0.1446711E-06  0.9558288E-07  0.6074203E-07  0.3761106E-07  0.2841337E-07
  0.2294997E+04  0.4605996E-06  0.3819305E-06  0.3099276E-06  0.2452885E-06  0.1886831E-06  0.1406935E-06  0.1017117E-06  0.7173284E-07  0.4986948E-07  0.3337511E-07  0.2581223E-07
  0.2304997E+04  0.7631414E-06  0.6377561E-06  0.5205048E-06  0.4127772E-06  0.3160757E-06  0.2319684E-06  0.1619952E-06  0.1074437E-06  0.6863929E-07  0.4276289E-07  0.3241774E-07
  0.2314997E+04  0.4437401E-06  0.3673745E-06  0.2979747E-06  0.2361446E-06  0.1824223E-06  0.1372112E-06  0.1006683E-06  0.7250404E-07  0.5155778E-07  0.3498837E-07  0.2711206E-07
  0.2324997E+04  0.5262235E-06  0.4362507E-06  0.3540020E-06  0.2802737E-06  0.2158180E-06  0.1612698E-06  0.1170225E-06  0.8298552E-07  0.5803850E-07  0.3895057E-07  0.3009716E-07
  0.2334997E+04  0.3750570E-06  0.3135805E-06  0.2579468E-06  0.2084884E-06  0.1654535E-06  0.1289545E-06  0.9888619E-07  0.7476935E-07  0.5542423E-07  0.3843272E-07  0.2991047E-07
  0.2344997E+04  0.2128638E-06  0.1803753E-06  0.1514003E-06  0.1259337E-06  0.1038920E-06  0.8508618E-07  0.6918002E-07  0.5561413E-07  0.4346748E-07  0.3124282E-07  0.2462955E-07
  0.2354997E+04  0.5946450E-06  0.4996278E-06  0.4114531E-06  0.3309604E-06  0.2590094E-06  0.1964427E-06  0.1440138E-06  0.1022066E-06  0.7067779E-07  0.4676334E-07  0.3605710E-07
  0.2364997E+04  0.2673251E-06  0.2266489E-06  0.1901000E-06  0.1577360E-06  0.1295345E-06  0.1053604E-06  0.8491165E-07  0.6761724E-07  0.5244139E-07  0.3755470E-07  0.2959555E-07
  0.2374997E+04  0.4158351E-06  0.3504106E-06  0.2905990E-06  0.2367866E-06  0.1893131E-06  0.1484309E-06  0.1142294E-06  0.8646992E-07  0.6418078E-07  0.4483013E-07  0.3515040E-07
  0.2384997E+04  0.1619598E-06  0.1406447E-06  0.1215677E-06  0.1046368E-06  0.8970227E-07  0.7653858E-07  0.6481439E-07  0.5403716E-07  0.4344363E-07  0.3178457E-07  0.2519437E-07
  0.2394997E+04  0.2680460E-06  0.2289690E-06  0.1935102E-06  0.1617595E-06  0.1337476E-06  0.1094169E-06  0.8856895E-07  0.7076080E-07  0.5507426E-07  0.3966074E-07  0.3138374E-07
  0.2404997E+04  0.2713827E-06  0.2317345E-06  0.1962358E-06  0.1648724E-06  0.1375357E-06  0.1139873E-06  0.9380218E-07  0.7626562E-07  0.6019214E-07  0.4363760E-07  0.3455506E-07
  0.2414997E+04  0.3196073E-06  0.2724096E-06  0.2293462E-06  0.1906104E-06  0.1563449E-06  0.1266069E-06  0.1013052E-06  0.8006350E-07  0.6190823E-07  0.4467791E-07  0.3555848E-07
  0.2424997E+04  0.6609538E-06  0.5595307E-06  0.4649782E-06  0.3781564E-06  0.2999705E-06  0.2313431E-06  0.1731498E-06  0.1260223E-06  0.8970357E-07  0.6125457E-07  0.4810534E-07
  0.2434997E+04  0.5713643E-06  0.4847875E-06  0.4044980E-06  0.3311539E-06  0.2654177E-06  0.2079207E-06  0.1591860E-06  0.1194215E-06  0.8792958E-07  0.6166968E-07  0.4885540E-07
  0.2444997E+04  0.8021324E-06  0.6781695E-06  0.5624979E-06  0.4562561E-06  0.3606495E-06  0.2769131E-06  0.2062212E-06  0.1494111E-06  0.1061109E-06  0.7250410E-07  0.5698497E-07
  0.2454997E+04  0.8579309E-06  0.7245209E-06  0.5998842E-06  0.4853341E-06  0.3822685E-06  0.2921232E-06  0.2162629E-06  0.1556684E-06  0.1099753E-06  0.7502900E-07  0.5900892E-07
  0.2464997E+04  0.6148220E-06  0.5201887E-06  0.4328927E-06  0.3536340E-06  0.2831027E-06  0.2219281E-06  0.1705658E-06  0.1290138E-06  0.9609205E-07  0.6802742E-07  0.5404025E-07
  0.2474997E+04  0.5234798E-06  0.4435064E-06  0.3697697E-06  0.3028632E-06  0.2433608E-06  0.1917675E-06  0.1484176E-06  0.1132337E-06  0.8511924E-07  0.6071524E-07  0.4835438E-07
  0.2484997E+04  0.1841838E-06  0.1584419E-06  0.1360300E-06  0.1167887E-06  0.1004408E-06  0.8655604E-07  0.7451133E-07  0.6344395E-07  0.5218813E-07  0.3910575E-07  0.3146522E-07
  0.2494997E+04  0.4665750E-06  0.3958372E-06  0.3309013E-06  0.2722828E-06  0.2204531E-06  0.1757760E-06  0.1383840E-06  0.1079188E-06  0.8298605E-07  0.6025948E-07  0.4837092E-07
  0.2504997E+04  0.7372308E-06  0.6217159E-06  0.5152368E-06  0.4187943E-06  0.3333656E-06  0.2598215E-06  0.1987575E-06  0.1501000E-06  0.1121785E-06  0.8005332E-07  0.6392884E-07
  0.2514997E+04  0.1149624E-06  0.1061768E-06  0.9822022E-07  0.9085532E-07  0.8382645E-07  0.7685876E-07  0.6964418E-07  0.6179397E-07  0.5270508E-07  0.4123194E-07  0.3426170E-07
  0.2524997E+04  0.8875556E-07  0.8524762E-07  0.8154949E-07  0.7760987E-07  0.7335742E-07  0.6868784E-07  0.6343857E-07  0.5733378E-07  0.4984716E-07  0.3984363E-07  0.3347105E-07
  0.2534997E+04  0.1689031E-06  0.1577672E-06  0.1468551E-06  0.1361111E-06  0.1254498E-06  0.1147356E-06  0.1037441E-06  0.9208157E-07  0.7897985E-07  0.6269413E-07  0.5250363E-07
  0.2544997E+04  0.2618718E-06  0.2370154E-06  0.2131839E-06  0.1904228E-06  0.1687648E-06  0.1482039E-06  0.1286383E-06  0.1097441E-06  0.9068335E-07  0.6938961E-07  0.5694445E-07
  0.2554997E+04  0.7737985E-06  0.6853773E-06  0.5993346E-06  0.5160410E-06  0.4359670E-06  0.3597304E-06  0.2881613E-06  0.2223509E-06  0.1634798E-06  0.1115120E-06  0.8724982E-07
  0.2564997E+04  0.6570572E-06  0.5789396E-06  0.5040154E-06  0.4326510E-06  0.3652582E-06  0.3023007E-06  0.2442902E-06  0.1917288E-06  0.1448027E-06  0.1020805E-06  0.8107127E-07
  0.2574997E+04  0.1012658E-05  0.8886179E-06  0.7692113E-06  0.6550156E-06  0.5466815E-06  0.4449658E-06  0.3507899E-06  0.2653243E-06  0.1899799E-06  0.1254859E-06  0.9681448E-07
  0.2584997E+04  0.1062869E-05  0.9326807E-06  0.8073839E-06  0.6876165E-06  0.5740864E-06  0.4675920E-06  0.3690607E-06  0.2796075E-06  0.2004998E-06  0.1321921E-06  0.1015141E-06
  0.2594997E+04  0.6629251E-06  0.5801796E-06  0.5023877E-06  0.4298435E-06  0.3628073E-06  0.3014767E-06  0.2459255E-06  0.1959490E-06  0.1506284E-06  0.1071385E-06  0.8477479E-07
  0.2604997E+04  0.9162470E-06  0.7996810E-06  0.6892119E-06  0.5854761E-06  0.4891317E-06  0.4008378E-06  0.3212007E-06  0.2505979E-06  0.1885666E-06  0.1318800E-06  0.1036374E-06
  0.2614997E+04  0.6290860E-06  0.5526216E-06  0.4804609E-06  0.4129126E-06  0.3502685E-06  0.2927742E-06  0.2405604E-06  0.1934632E-06  0.1505140E-06  0.1085835E-06  0.8652496E-07
  0.2624997E+04  0.9201736E-06  0.8017598E-06  0.6900823E-06  0.5857603E-06  0.4894115E-06  0.4016224E-06  0.3228774E-06  0.2533487E-06  0.1922277E-06  0.1357985E-06  0.1073219E-06
  0.2634997E+04  0.1838843E-05  0.1619457E-05  0.1404785E-05  0.1196106E-05  0.9949501E-06  0.8031920E-06  0.6232473E-06  0.4584414E-06  0.3135180E-06  0.1939956E-06  0.1447329E-06
  0.2644997E+04  0.2198000E-05  0.1937006E-05  0.1681140E-05  0.1431828E-05  0.1190785E-05  0.9601417E-06  0.7427026E-06  0.5424982E-06  0.3657961E-06  0.2216575E-06  0.1643904E-06
  0.2654997E+04  0.2958729E-05  0.2626840E-05  0.2298028E-05  0.1973731E-05  0.1655687E-05  0.1346068E-05  0.1047794E-05  0.7653755E-06  0.5070988E-06  0.2898110E-06  0.2053043E-06
  0.2664997E+04  0.1801706E-05  0.1587973E-05  0.1379506E-05  0.1177476E-05  0.9832708E-06  0.7986007E-06  0.6256655E-06  0.4674482E-06  0.3279895E-06  0.2111885E-06  0.1613040E-06
  0.2674997E+04  0.2099845E-05  0.1850726E-05  0.1607584E-05  0.1371741E-05  0.1144761E-05  0.9285611E-06  0.7256185E-06  0.5393617E-06  0.3746741E-06  0.2371338E-06  0.1794148E-06
  0.2684997E+04  0.2616022E-05  0.2318884E-05  0.2025821E-05  0.1738182E-05  0.1457599E-05  0.1186136E-05  0.9266108E-06  0.6833306E-06  0.4635871E-06  0.2793702E-06  0.2051957E-06
  0.2694997E+04  0.2068992E-05  0.1831771E-05  0.1598804E-05  0.1371224E-05  0.1150383E-05  0.9379673E-06  0.7362347E-06  0.5485200E-06  0.3801553E-06  0.2387261E-06  0.1801134E-06
  0.2704997E+04  0.2137179E-05  0.1891244E-05  0.1649950E-05  0.1414540E-05  0.1186482E-05  0.9675547E-06  0.7600445E-06  0.5671492E-06  0.3937427E-06  0.2468668E-06  0.1857581E-06
  0.2714997E+04  0.1576510E-05  0.1391033E-05  0.1210813E-05  0.1036798E-05  0.8700798E-06  0.7119533E-06  0.5640209E-06  0.4283687E-06  0.3076684E-06  0.2039588E-06  0.1581060E-06
  0.2724997E+04  0.1397042E-05  0.1221076E-05  0.1053289E-05  0.8947831E-06  0.7467437E-06  0.6104220E-06  0.4870857E-06  0.3778214E-06  0.2828019E-06  0.1987133E-06  0.1581812E-06
  0.2734997E+04  0.1377030E-05  0.1209109E-05  0.1047858E-05  0.8942998E-06  0.7495875E-06  0.6150180E-06  0.4920356E-06  0.3821237E-06  0.2861748E-06  0.2016988E-06  0.1610884E-06
  0.2744997E+04  0.8800843E-06  0.7797364E-06  0.6846647E-06  0.5952222E-06  0.5117349E-06  0.4344608E-06  0.3634876E-06  0.2984530E-06  0.2377604E-06  0.1764658E-06  0.1431175E-06
  0.2754997E+04  0.1496061E-05  0.1323393E-05  0.1156668E-05  0.9966889E-06  0.8443479E-06  0.7006539E-06  0.5667671E-06  0.4439717E-06  0.3332283E-06  0.2327075E-06  0.1842114E-06
  0.2764997E+04  0.1820985E-05  0.1609068E-05  0.1403214E-05  0.1204572E-05  0.1014499E-05  0.8346381E-06  0.6670300E-06  0.5141896E-06  0.3786576E-06  0.2598712E-06  0.2045144E-06
  0.2774997E+04  0.1628050E-05  0.1432246E-05  0.1244702E-05  0.1066607E-05  0.8992709E-06  0.7441205E-06  0.6026491E-06  0.4761421E-06  0.3645472E-06  0.2624836E-06  0.2110390E-06
  0.2784997E+04  0.8191759E-06  0.7380445E-06  0.6621676E-06  0.5914389E-06  0.5255905E-06  0.4640922E-06  0.4059712E-06  0.3494707E-06  0.2913223E-06  0.2247234E-06  0.1850245E-06
  0.2794997E+04  0.2573347E-06  0.2451729E-06  0.2325819E-06  0.2194112E-06  0.2054538E-06  0.1904117E-06  0.1738261E-06  0.1549287E-06  0.1322824E-06  0.1029555E-06  0.8499218E-07
  0.2804997E+04  0.4271629E-06  0.3963953E-06  0.3667308E-06  0.3379423E-06  0.3097057E-06  0.2815482E-06  0.2527554E-06  0.2221832E-06  0.1877914E-06  0.1453661E-06  0.1195924E-06
  0.2814997E+04  0.1747011E-05  0.1535984E-05  0.1335793E-05  0.1147580E-05  0.9725171E-06  0.8117335E-06  0.6661399E-06  0.5359013E-06  0.4189146E-06  0.3067152E-06  0.2477302E-06
  0.2824997E+04  0.2549978E-05  0.2230275E-05  0.1922226E-05  0.1628292E-05  0.1351353E-05  0.1094816E-05  0.8626983E-06  0.6594101E-06  0.4880519E-06  0.3433437E-06  0.2748822E-06
  0.2834997E+04  0.2117490E-05  0.1850506E-05  0.1594440E-05  0.1351456E-05  0.1124079E-05  0.9152487E-06  0.7282775E-06  0.5663894E-06  0.4307115E-06  0.3137042E-06  0.2557888E-06
  0.2844997E+04  0.8690876E-06  0.7695502E-06  0.6783405E-06  0.5956350E-06  0.5214029E-06  0.4552746E-06  0.3962978E-06  0.3424474E-06  0.2895688E-06  0.2289595E-06  0.1917326E-06
  0.2854997E+04  0.4415360E-06  0.4055589E-06  0.3727271E-06  0.3426844E-06  0.3148845E-06  0.2885279E-06  0.2624678E-06  0.2350338E-06  0.2035657E-06  0.1629247E-06  0.1370052E-06
  0.2864997E+04  0.1753347E-05  0.1525963E-05  0.1311609E-05  0.1112195E-05  0.9297464E-06  0.7662757E-06  0.6234551E-06  0.5017604E-06  0.3983053E-06  0.3019027E-06  0.2499655E-06
  0.2874997E+04  0.2821838E-05  0.2484910E-05  0.2156123E-05  0.1837888E-05  0.1533225E-05  0.1246014E-05  0.9813553E-06  0.7458417E-06  0.5464990E-06  0.3828479E-06  0.3082055E-06
  0.2884997E+04  0.2372235E-05  0.2103822E-05  0.1841791E-05  0.1587612E-05  0.1343084E-05  0.1110485E-05  0.8928046E-06  0.6939869E-06  0.5184734E-06  0.3662544E-06  0.2948976E-06
  0.2894997E+04  0.3506805E-05  0.3128826E-05  0.2754036E-05  0.2384096E-05  0.2021099E-05  0.1667817E-05  0.1328179E-05  0.1008214E-05  0.7175566E-06  0.4690595E-06  0.3630586E-06
  0.2904997E+04  0.4412213E-05  0.3948661E-05  0.3486516E-05  0.3027399E-05  0.2573352E-05  0.2127122E-05  0.1692772E-05  0.1277065E-05  0.8924038E-06  0.5607112E-06  0.4232305E-06
  0.2914997E+04  0.4226248E-05  0.3779307E-05  0.3334057E-05  0.2892181E-05  0.2455835E-05  0.2027937E-05  0.1612781E-05  0.1217315E-05  0.8536245E-06  0.5412585E-06  0.4110409E-06
  0.2924997E+04  0.3695259E-05  0.3316905E-05  0.2940094E-05  0.2565933E-05  0.2195772E-05  0.1831376E-05  0.1475317E-05  0.1131914E-05  0.8093110E-06  0.5222901E-06  0.3984942E-06
  0.2934997E+04  0.4356404E-05  0.3918664E-05  0.3480345E-05  0.3042558E-05  0.2606713E-05  0.2174746E-05  0.1749633E-05  0.1336614E-05  0.9460346E-06  0.5983893E-06  0.4507869E-06
  0.2944997E+04  0.3466922E-05  0.3100161E-05  0.2737185E-05  0.2379373E-05  0.2028415E-05  0.1686491E-05  0.1356647E-05  0.1043552E-05  0.7548080E-06  0.5009906E-06  0.3898347E-06
  0.2954997E+04  0.4661146E-05  0.4190471E-05  0.3718861E-05  0.3247604E-05  0.2778374E-05  0.2313498E-05  0.1856577E-05  0.1413892E-05  0.9975069E-06  0.6301608E-06  0.4753514E-06
  0.2964997E+04  0.3783333E-05  0.3380400E-05  0.2981361E-05  0.2587933E-05  0.2202250E-05  0.1827069E-05  0.1466140E-05  0.1124856E-05  0.8111398E-06  0.5350729E-06  0.4143622E-06
  0.2974997E+04  0.4624903E-05  0.4154293E-05  0.3683593E-05  0.3214187E-05  0.2747862E-05  0.2287093E-05  0.1835668E-05  0.1400084E-05  0.9924497E-06  0.6342260E-06  0.4824653E-06
  0.2984997E+04  0.3689875E-05  0.3305812E-05  0.2924915E-05  0.2548529E-05  0.2178304E-05  0.1816382E-05  0.1465784E-05  0.1131228E-05  0.8206205E-06  0.5456831E-06  0.4251084E-06
  0.2994997E+04  0.4771749E-05  0.4287950E-05  0.3803724E-05  0.3320388E-05  0.2839653E-05  0.2363920E-05  0.1896956E-05  0.1445449E-05  0.1022520E-05  0.6529857E-06  0.4983230E-06
