  0.1804997E+04  0.1270054E-07  0.9623577E-08  0.7308418E-08  0.5631823E-08  0.4455236E-08  0.3634540E-08  0.3034696E-08  0.2545049E-08  0.2084927E-08  0.1589465E-08  0.1313278E-08
  0.1814997E+04  0.1393641E-07  0.1069407E-07  0.8239067E-08  0.6441391E-08  0.5156738E-08  0.4237073E-08  0.3545409E-08  0.2969905E-08  0.2427244E-08  0.1848491E-08  0.1532466E-08
  0.1824997E+04  0.1160476E-07  0.9074793E-08  0.7168132E-08  0.5767103E-08  0.4748395E-08  0.3992644E-08  0.3395095E-08  0.2872688E-08  0.2361007E-08  0.1798648E-08  0.1484812E-08
  0.1834997E+04  0.1454527E-07  0.1132000E-07  0.8839267E-08  0.6988832E-08  0.5639136E-08  0.4653835E-08  0.3902458E-08  0.3273352E-08  0.2677730E-08  0.2036031E-08  0.1680607E-08
  0.1844997E+04  0.5223210E-08  0.4665647E-08  0.4199271E-08  0.3798049E-08  0.3438846E-08  0.3101709E-08  0.2769077E-08  0.2423332E-08  0.2041511E-08  0.1583603E-08  0.1310460E-08
  0.1854997E+04  0.1318530E-07  0.1028164E-07  0.8082624E-08  0.6468585E-08  0.5305824E-08  0.4457372E-08  0.3797552E-08  0.3224648E-08  0.2661317E-08  0.2036271E-08  0.1683795E-08
  0.1864997E+04  0.1445165E-07  0.1126860E-07  0.8914286E-08  0.7215559E-08  0.5997206E-08  0.5096349E-08  0.4376625E-08  0.3735602E-08  0.3098512E-08  0.2399742E-08  0.2017866E-08
  0.1874997E+04  0.7802823E-08  0.6795452E-08  0.6006565E-08  0.5369077E-08  0.4827273E-08  0.4337839E-08  0.3868063E-08  0.3391162E-08  0.2879385E-08  0.2294600E-08  0.1967330E-08
  0.1884997E+04  0.1647688E-07  0.1287515E-07  0.1016960E-07  0.8191937E-08  0.6764854E-08  0.5715718E-08  0.4892039E-08  0.4172578E-08  0.3465102E-08  0.2686861E-08  0.2255420E-08
  0.1894997E+04  0.3223754E-07  0.2413173E-07  0.1791953E-07  0.1336807E-07  0.1018093E-07  0.8015739E-08  0.6520909E-08  0.5386059E-08  0.4377856E-08  0.3324204E-08  0.2749728E-08
  0.1904997E+04  0.2451848E-07  0.1880468E-07  0.1448166E-07  0.1132745E-07  0.9087267E-08  0.7494527E-08  0.6300904E-08  0.5304520E-08  0.4355629E-08  0.3328999E-08  0.2764880E-08
  0.1914997E+04  0.2742894E-07  0.2091348E-07  0.1601848E-07  0.1247750E-07  0.9987990E-08  0.8236831E-08  0.6935926E-08  0.5854546E-08  0.4824744E-08  0.3708717E-08  0.3093471E-08
  0.1924997E+04  0.1774005E-07  0.1442872E-07  0.1191333E-07  0.1003104E-07  0.8614920E-08  0.7507004E-08  0.6571316E-08  0.5699970E-08  0.4803471E-08  0.3777917E-08  0.3179426E-08
  0.1934997E+04  0.4963918E-08  0.4723323E-08  0.4482373E-08  0.4235426E-08  0.3976616E-08  0.3698864E-08  0.3392028E-08  0.3038855E-08  0.2604067E-08  0.1997858E-08  0.1573559E-08
  0.1944997E+04  0.2414405E-07  0.1912970E-07  0.1536566E-07  0.1260922E-07  0.1060416E-07  0.9102602E-08  0.7889399E-08  0.6797553E-08  0.5700075E-08  0.4473507E-08  0.3779804E-08
  0.1954997E+04  0.3819347E-07  0.2921372E-07  0.2240303E-07  0.1743344E-07  0.1391909E-07  0.1144705E-07  0.9624730E-08  0.8128454E-08  0.6719652E-08  0.5206783E-08  0.4377573E-08
  0.1964997E+04  0.5044010E-07  0.3815830E-07  0.2877348E-07  0.2190112E-07  0.1706312E-07  0.1372238E-07  0.1134539E-07  0.9476667E-08  0.7778615E-08  0.5996420E-08  0.5035335E-08
  0.1974997E+04  0.4817760E-07  0.3685299E-07  0.2819004E-07  0.2181897E-07  0.1729077E-07  0.1410999E-07  0.1179048E-07  0.9918975E-08  0.8186174E-08  0.6352514E-08  0.5361696E-08
  0.1984997E+04  0.3041577E-07  0.2464861E-07  0.2026985E-07  0.1699476E-07  0.1453158E-07  0.1260637E-07  0.1098698E-07  0.9492627E-08  0.7976544E-08  0.6284156E-08  0.5339425E-08
  0.1994997E+04  0.4924868E-07  0.3816087E-07  0.2956460E-07  0.2313853E-07  0.1848446E-07  0.1515261E-07  0.1268758E-07  0.1068455E-07  0.8820213E-08  0.6819752E-08  0.5716976E-08
  0.2004997E+04  0.5015659E-07  0.3925052E-07  0.3068774E-07  0.2418879E-07  0.1940001E-07  0.1591296E-07  0.1330305E-07  0.1117925E-07  0.9213704E-08  0.7110924E-08  0.5947103E-08
  0.2014997E+04  0.6262260E-07  0.4859936E-07  0.3749797E-07  0.2903139E-07  0.2280650E-07  0.1833860E-07  0.1509382E-07  0.1255683E-07  0.1028784E-07  0.7905938E-08  0.6594816E-08
  0.2024997E+04  0.3325567E-07  0.2716996E-07  0.2239516E-07  0.1872176E-07  0.1591364E-07  0.1372375E-07  0.1191502E-07  0.1027767E-07  0.8624847E-08  0.6748390E-08  0.5669240E-08
  0.2034997E+04  0.7548759E-07  0.5807550E-07  0.4429096E-07  0.3381835E-07  0.2619407E-07  0.2081938E-07  0.1701446E-07  0.1411521E-07  0.1156541E-07  0.8910915E-08  0.7455857E-08
  0.2044997E+04  0.8512089E-07  0.6549052E-07  0.4998039E-07  0.3821665E-07  0.2966003E-07  0.2362371E-07  0.1933730E-07  0.1605600E-07  0.1316046E-07  0.1015072E-07  0.8516804E-08
  0.2054997E+04  0.7550593E-07  0.5882484E-07  0.4573799E-07  0.3584161E-07  0.2860317E-07  0.2339117E-07  0.1954026E-07  0.1643965E-07  0.1359072E-07  0.1057043E-07  0.8920690E-08
  0.2064997E+04  0.6449075E-07  0.5119636E-07  0.4073937E-07  0.3276610E-07  0.2683231E-07  0.2243028E-07  0.1903926E-07  0.1618567E-07  0.1347105E-07  0.1052401E-07  0.8887557E-08
  0.2074997E+04  0.6849525E-07  0.5310795E-07  0.4150176E-07  0.3307466E-07  0.2712033E-07  0.2289119E-07  0.1969006E-07  0.1695737E-07  0.1429060E-07  0.1135438E-07  0.9701652E-08
  0.2084997E+04  0.7962269E-07  0.6380803E-07  0.5120538E-07  0.4142305E-07  0.3397926E-07  0.2833089E-07  0.2392213E-07  0.2023650E-07  0.1680471E-07  0.1308125E-07  0.1088836E-07
  0.2094997E+04  0.2019459E-06  0.1643940E-06  0.1310313E-06  0.1020564E-06  0.7759912E-07  0.5767674E-07  0.4213280E-07  0.3055506E-07  0.2216305E-07  0.1563048E-07  0.1250266E-07
  0.2104997E+04  0.3440486E-06  0.2835286E-06  0.2275786E-06  0.1768893E-06  0.1322266E-06  0.9438936E-07  0.6409651E-07  0.4173152E-07  0.2683797E-07  0.1736038E-07  0.1355081E-07
  0.2114997E+04  0.5090284E-06  0.4235522E-06  0.3432377E-06  0.2691124E-06  0.2023897E-06  0.1444557E-06  0.9677307E-07  0.6058447E-07  0.3618857E-07  0.2155286E-07  0.1636707E-07
  0.2124997E+04  0.2995409E-06  0.2455833E-06  0.1961560E-06  0.1518748E-06  0.1133883E-06  0.8131533E-07  0.5611136E-07  0.3780792E-07  0.2558238E-07  0.1728390E-07  0.1364671E-07
  0.2134997E+04  0.4281538E-06  0.3566448E-06  0.2896265E-06  0.2279389E-06  0.1725539E-06  0.1245515E-06  0.8502915E-07  0.5485584E-07  0.3411011E-07  0.2101404E-07  0.1607255E-07
  0.2144997E+04  0.6129092E-06  0.5122706E-06  0.4169914E-06  0.3283292E-06  0.2478121E-06  0.1772453E-06  0.1186202E-06  0.7376981E-07  0.4344751E-07  0.2545895E-07  0.1921618E-07
  0.2154997E+04  0.5170736E-06  0.4287725E-06  0.3460970E-06  0.2701839E-06  0.2023491E-06  0.1440470E-06  0.9672063E-07  0.6141378E-07  0.3793787E-07  0.2354805E-07  0.1810786E-07
  0.2164997E+04  0.4343195E-06  0.3593635E-06  0.2899203E-06  0.2268641E-06  0.1711482E-06  0.1237481E-06  0.8552160E-07  0.5690732E-07  0.3734162E-07  0.2437443E-07  0.1905160E-07
  0.2174997E+04  0.4055365E-06  0.3355197E-06  0.2706611E-06  0.2118097E-06  0.1598934E-06  0.1158547E-06  0.8049617E-07  0.5415731E-07  0.3613719E-07  0.2393837E-07  0.1877208E-07
  0.2184997E+04  0.7102835E-06  0.5932824E-06  0.4825547E-06  0.3796285E-06  0.2863424E-06  0.2048359E-06  0.1374129E-06  0.8609223E-07  0.5149298E-07  0.3075768E-07  0.2340606E-07
  0.2194997E+04  0.6790882E-06  0.5665769E-06  0.4606903E-06  0.3628182E-06  0.2745923E-06  0.1978623E-06  0.1345590E-06  0.8629365E-07  0.5339781E-07  0.3308735E-07  0.2559139E-07
  0.2204997E+04  0.5842424E-06  0.4894600E-06  0.4002408E-06  0.3176865E-06  0.2430883E-06  0.1779074E-06  0.1236682E-06  0.8164673E-07  0.5212677E-07  0.3294197E-07  0.2557156E-07
  0.2214997E+04  0.4128299E-06  0.3434376E-06  0.2790982E-06  0.2205884E-06  0.1687620E-06  0.1244967E-06  0.8856111E-07  0.6132358E-07  0.4219189E-07  0.2875668E-07  0.2287997E-07
  0.2224997E+04  0.6452796E-06  0.5435904E-06  0.4472123E-06  0.3573400E-06  0.2754068E-06  0.2030796E-06  0.1421625E-06  0.9427616E-07  0.6005032E-07  0.3747530E-07  0.2882515E-07
  0.2234997E+04  0.7691999E-06  0.6459025E-06  0.5291762E-06  0.4205297E-06  0.3217701E-06  0.2349936E-06  0.1624586E-06  0.1061692E-06  0.6682790E-07  0.4173944E-07  0.3232863E-07
  0.2244997E+04  0.6828169E-06  0.5721901E-06  0.4679483E-06  0.3714634E-06  0.2843354E-06  0.2083548E-06  0.1453471E-06  0.9675757E-07  0.6271577E-07  0.4033032E-07  0.3150030E-07
  0.2254997E+04  0.4546248E-06  0.3807728E-06  0.3122126E-06  0.2496943E-06  0.1940260E-06  0.1460221E-06  0.1063859E-06  0.7546397E-07  0.5276481E-07  0.3609463E-07  0.2873593E-07
  0.2264997E+04  0.4637276E-06  0.3876995E-06  0.3173410E-06  0.2534656E-06  0.1969284E-06  0.1485494E-06  0.1089525E-06  0.7826446E-07  0.5561078E-07  0.3841512E-07  0.3058508E-07
  0.2274997E+04  0.4105820E-06  0.3431268E-06  0.2809666E-06  0.2247981E-06  0.1753401E-06  0.1332602E-06  0.9902453E-07  0.7262105E-07  0.5309667E-07  0.3787827E-07  0.3058800E-07
  0.2284997E+04  0.7241760E-06  0.6108581E-06  0.5035480E-06  0.4035594E-06  0.3124612E-06  0.2320696E-06  0.1643407E-06  0.1110106E-06  0.7267729E-07  0.4689600E-07  0.3669773E-07
  0.2294997E+04  0.4950315E-06  0.4152129E-06  0.3410383E-06  0.2733773E-06  0.2131691E-06  0.1613534E-06  0.1187128E-06  0.8555214E-07  0.6110874E-07  0.4262457E-07  0.3413278E-07
  0.2304997E+04  0.8006859E-06  0.6766089E-06  0.5587676E-06  0.4486620E-06  0.3480884E-06  0.2591290E-06  0.1840247E-06  0.1247615E-06  0.8203155E-07  0.5310595E-07  0.4156274E-07
  0.2314997E+04  0.4792540E-06  0.4014173E-06  0.3296548E-06  0.2647472E-06  0.2074966E-06  0.1586447E-06  0.1187093E-06  0.8767701E-07  0.6447463E-07  0.4617943E-07  0.3742069E-07
  0.2324997E+04  0.5650609E-06  0.4737255E-06  0.3890050E-06  0.3118960E-06  0.2434557E-06  0.1847156E-06  0.1364956E-06  0.9904245E-07  0.7137790E-07  0.5028377E-07  0.4051667E-07
  0.2334997E+04  0.4017583E-06  0.3392865E-06  0.2820928E-06  0.2306722E-06  0.1854707E-06  0.1468041E-06  0.1147256E-06  0.8881881E-07  0.6789320E-07  0.4948810E-07  0.4008155E-07
  0.2344997E+04  0.2340418E-06  0.2004209E-06  0.1701737E-06  0.1433817E-06  0.1200410E-06  0.1000187E-06  0.8299524E-07  0.6838855E-07  0.5522502E-07  0.4176230E-07  0.3406744E-07
  0.2354997E+04  0.6292519E-06  0.5339683E-06  0.4443625E-06  0.3614464E-06  0.2863579E-06  0.2203100E-06  0.1644528E-06  0.1195517E-06  0.8531357E-07  0.5908429E-07  0.4723672E-07
  0.2364997E+04  0.2910989E-06  0.2492324E-06  0.2112898E-06  0.1774289E-06  0.1477243E-06  0.1221172E-06  0.1003423E-06  0.8182172E-07  0.6548569E-07  0.4932764E-07  0.4035105E-07
  0.2374997E+04  0.4470084E-06  0.3803273E-06  0.3186875E-06  0.2626233E-06  0.2126660E-06  0.1692821E-06  0.1327516E-06  0.1029379E-06  0.7886512E-07  0.5792420E-07  0.4723858E-07
  0.2384997E+04  0.1820420E-06  0.1597230E-06  0.1396136E-06  0.1216711E-06  0.1057880E-06  0.9176459E-07  0.7927221E-07  0.6779656E-07  0.5651203E-07  0.4384909E-07  0.3614456E-07
  0.2394997E+04  0.2928978E-06  0.2528379E-06  0.2161509E-06  0.1830098E-06  0.1535382E-06  0.1277675E-06  0.1055644E-06  0.8650243E-07  0.6960930E-07  0.5276591E-07  0.4323910E-07
  0.2404997E+04  0.2968146E-06  0.2559613E-06  0.2191054E-06  0.1863275E-06  0.1576008E-06  0.1327385E-06  0.1113256E-06  0.9262731E-07  0.7542475E-07  0.5751553E-07  0.4721574E-07
  0.2414997E+04  0.3498018E-06  0.3010770E-06  0.2561803E-06  0.2154183E-06  0.1790615E-06  0.1472883E-06  0.1200889E-06  0.9709621E-07  0.7727464E-07  0.5824363E-07  0.4777295E-07
  0.2424997E+04  0.7056651E-06  0.6030480E-06  0.5061749E-06  0.4160874E-06  0.3339715E-06  0.2611168E-06  0.1987864E-06  0.1478895E-06  0.1082300E-06  0.7686612E-07  0.6221431E-07
  0.2434997E+04  0.6152728E-06  0.5267384E-06  0.4436790E-06  0.3669362E-06  0.2974207E-06  0.2360537E-06  0.1836304E-06  0.1405273E-06  0.1060811E-06  0.7727121E-07  0.6309126E-07
  0.2444997E+04  0.8550033E-06  0.7294181E-06  0.6107383E-06  0.5003440E-06  0.3998043E-06  0.3108163E-06  0.2350243E-06  0.1735844E-06  0.1262153E-06  0.8928180E-07  0.7228126E-07
  0.2454997E+04  0.9134505E-06  0.7787847E-06  0.6512698E-06  0.5324589E-06  0.4241407E-06  0.3282770E-06  0.2468019E-06  0.1811226E-06  0.1310296E-06  0.9255696E-07  0.7498914E-07
  0.2464997E+04  0.6667437E-06  0.5693190E-06  0.4784360E-06  0.3950142E-06  0.3200232E-06  0.2543966E-06  0.1988497E-06  0.1535188E-06  0.1172768E-06  0.8644443E-07  0.7099526E-07
  0.2474997E+04  0.5741016E-06  0.4914069E-06  0.4142445E-06  0.3433937E-06  0.2796704E-06  0.2238540E-06  0.1765314E-06  0.1377794E-06  0.1065262E-06  0.7925897E-07  0.6509740E-07
  0.2484997E+04  0.2279419E-06  0.1984508E-06  0.1724493E-06  0.1498881E-06  0.1305887E-06  0.1141898E-06  0.1000839E-06  0.8734006E-07  0.7456510E-07  0.5938118E-07  0.4963929E-07
  0.2494997E+04  0.5180293E-06  0.4442170E-06  0.3756353E-06  0.3129805E-06  0.2569466E-06  0.2081326E-06  0.1668689E-06  0.1328979E-06  0.1048016E-06  0.7889316E-07  0.6477960E-07
  0.2504997E+04  0.8040293E-06  0.6848266E-06  0.5735070E-06  0.4713690E-06  0.3797882E-06  0.3000938E-06  0.2333050E-06  0.1796158E-06  0.1374562E-06  0.1018868E-06  0.8390100E-07
  0.2514997E+04  0.1447964E-06  0.1346786E-06  0.1255774E-06  0.1172462E-06  0.1094048E-06  0.1017358E-06  0.9386430E-07  0.8528312E-07  0.7510990E-07  0.6114613E-07  0.5107052E-07
  0.2524997E+04  0.1123082E-06  0.1085539E-06  0.1045884E-06  0.1003486E-06  0.9574447E-07  0.9064014E-07  0.8481514E-07  0.7787450E-07  0.6899980E-07  0.5609103E-07  0.4667933E-07
  0.2534997E+04  0.1951974E-06  0.1832248E-06  0.1714354E-06  0.1597625E-06  0.1481082E-06  0.1363210E-06  0.1241514E-06  0.1111522E-06  0.9641426E-07  0.7771016E-07  0.6548849E-07
  0.2544997E+04  0.2964568E-06  0.2699606E-06  0.2445020E-06  0.2201102E-06  0.1967892E-06  0.1744923E-06  0.1530684E-06  0.1321401E-06  0.1107926E-06  0.8664760E-07  0.7209844E-07
  0.2554997E+04  0.8256597E-06  0.7345251E-06  0.6453770E-06  0.5587180E-06  0.4751669E-06  0.3954793E-06  0.3205547E-06  0.2513894E-06  0.1887974E-06  0.1321516E-06  0.1049106E-06
  0.2564997E+04  0.7030339E-06  0.6229666E-06  0.5456646E-06  0.4716019E-06  0.4013209E-06  0.3354227E-06  0.2745222E-06  0.2191157E-06  0.1691733E-06  0.1227521E-06  0.9918364E-07
  0.2574997E+04  0.1063649E-05  0.9388807E-06  0.8177069E-06  0.7008444E-06  0.5891658E-06  0.4837322E-06  0.3858124E-06  0.2968402E-06  0.2181245E-06  0.1495406E-06  0.1179979E-06
  0.2584997E+04  0.1108532E-05  0.9785125E-06  0.8523204E-06  0.7307300E-06  0.6146718E-06  0.5052542E-06  0.4037673E-06  0.3116121E-06  0.2299561E-06  0.1583027E-06  0.1249956E-06
  0.2594997E+04  0.7050844E-06  0.6211275E-06  0.5417174E-06  0.4672838E-06  0.3982375E-06  0.3349162E-06  0.2774795E-06  0.2256982E-06  0.1784756E-06  0.1324689E-06  0.1077847E-06
  0.2604997E+04  0.9614249E-06  0.8441783E-06  0.7322896E-06  0.6265898E-06  0.5279824E-06  0.4373901E-06  0.3556244E-06  0.2830889E-06  0.2190811E-06  0.1599390E-06  0.1297045E-06
  0.2614997E+04  0.6715606E-06  0.5939977E-06  0.5203718E-06  0.4511093E-06  0.3866349E-06  0.3273190E-06  0.2733668E-06  0.2245794E-06  0.1797911E-06  0.1352936E-06  0.1107609E-06
  0.2624997E+04  0.9680809E-06  0.8487101E-06  0.7353664E-06  0.6288732E-06  0.5300936E-06  0.4398597E-06  0.3588239E-06  0.2871482E-06  0.2238120E-06  0.1647975E-06  0.1342937E-06
  0.2634997E+04  0.1893973E-05  0.1677503E-05  0.1463415E-05  0.1253109E-05  0.1048460E-05  0.8519714E-06  0.6669433E-06  0.4975923E-06  0.3488268E-06  0.2245998E-06  0.1719077E-06
  0.2644997E+04  0.2277972E-05  0.2019207E-05  0.1762634E-05  0.1509801E-05  0.1262814E-05  0.1024551E-05  0.7989332E-06  0.5912483E-06  0.4083151E-06  0.2574725E-06  0.1956612E-06
  0.2654997E+04  0.3023849E-05  0.2699400E-05  0.2374118E-05  0.2049361E-05  0.1727117E-05  0.1410324E-05  0.1103362E-05  0.8128201E-06  0.5486672E-06  0.3258639E-06  0.2369053E-06
  0.2664997E+04  0.1871840E-05  0.1658096E-05  0.1447652E-05  0.1241901E-05  0.1042639E-05  0.8521729E-06  0.6734312E-06  0.5100004E-06  0.3658466E-06  0.2435836E-06  0.1901877E-06
  0.2674997E+04  0.2171545E-05  0.1923664E-05  0.1679361E-05  0.1440171E-05  0.1208099E-05  0.9857686E-06  0.7765827E-06  0.5848415E-06  0.4155565E-06  0.2728907E-06  0.2118513E-06
  0.2684997E+04  0.2686927E-05  0.2393766E-05  0.2101550E-05  0.1811743E-05  0.1526388E-05  0.1248345E-05  0.9816497E-06  0.7319900E-06  0.5072213E-06  0.3171890E-06  0.2386335E-06
  0.2694997E+04  0.2145969E-05  0.1910135E-05  0.1676126E-05  0.1445224E-05  0.1219157E-05  0.1000270E-05  0.7917390E-06  0.5978229E-06  0.4239802E-06  0.2758510E-06  0.2125398E-06
  0.2704997E+04  0.2215053E-05  0.1970677E-05  0.1728391E-05  0.1489582E-05  0.1256093E-05  0.1030374E-05  0.8156717E-06  0.6162102E-06  0.4372044E-06  0.2838459E-06  0.2179933E-06
  0.2714997E+04  0.1658625E-05  0.1471896E-05  0.1288757E-05  0.1110350E-05  0.9381220E-06  0.7738843E-06  0.6198640E-06  0.4786548E-06  0.3528108E-06  0.2429702E-06  0.1928186E-06
  0.2724997E+04  0.1491243E-05  0.1311140E-05  0.1137858E-05  0.9728109E-06  0.8176054E-06  0.6740032E-06  0.5437809E-06  0.4283724E-06  0.3279501E-06  0.2387830E-06  0.1951912E-06
  0.2734997E+04  0.1458599E-05  0.1288021E-05  0.1122834E-05  0.9643174E-06  0.8139889E-06  0.6736050E-06  0.5450791E-06  0.4301885E-06  0.3296856E-06  0.2404473E-06  0.1967776E-06
  0.2744997E+04  0.9371872E-06  0.8348466E-06  0.7374796E-06  0.6455878E-06  0.5596412E-06  0.4800049E-06  0.4067956E-06  0.3395806E-06  0.2766530E-06  0.2128521E-06  0.1772040E-06
  0.2754997E+04  0.1565008E-05  0.1390632E-05  0.1221190E-05  0.1057761E-05  0.9015926E-06  0.7540872E-06  0.6167293E-06  0.4908500E-06  0.3769131E-06  0.2720858E-06  0.2204067E-06
  0.2764997E+04  0.1894360E-05  0.1681687E-05  0.1473549E-05  0.1271400E-05  0.1077037E-05  0.8926435E-06  0.7207700E-06  0.5641249E-06  0.4247727E-06  0.3012694E-06  0.2429138E-06
  0.2774997E+04  0.1710687E-05  0.1511812E-05  0.1320113E-05  0.1137118E-05  0.9645503E-06  0.8042683E-06  0.6580787E-06  0.5272756E-06  0.4114637E-06  0.3052168E-06  0.2514994E-06
  0.2784997E+04  0.8829252E-06  0.7991744E-06  0.7207219E-06  0.6474816E-06  0.5791859E-06  0.5153057E-06  0.4549173E-06  0.3964323E-06  0.3368833E-06  0.2695062E-06  0.2288944E-06
  0.2794997E+04  0.3038846E-06  0.2914697E-06  0.2786167E-06  0.2651639E-06  0.2508835E-06  0.2354371E-06  0.2182831E-06  0.1984593E-06  0.1739695E-06  0.1395502E-06  0.1147434E-06
  0.2804997E+04  0.4809330E-06  0.4494583E-06  0.4190959E-06  0.3896095E-06  0.3606654E-06  0.3317833E-06  0.3022354E-06  0.2708057E-06  0.2350923E-06  0.1890065E-06  0.1578960E-06
  0.2814997E+04  0.1835253E-05  0.1620556E-05  0.1415969E-05  0.1223000E-05  0.1043185E-05  0.8779448E-06  0.7282950E-06  0.5942752E-06  0.4736964E-06  0.3588531E-06  0.2987312E-06
  0.2824997E+04  0.2685383E-05  0.2360976E-05  0.2045637E-05  0.1742405E-05  0.1454958E-05  0.1187624E-05  0.9452088E-06  0.7323490E-06  0.5516318E-06  0.3981636E-06  0.3260948E-06
  0.2834997E+04  0.2272758E-05  0.1998929E-05  0.1733683E-05  0.1479597E-05  0.1239788E-05  0.1017917E-05  0.8180202E-06  0.6438505E-06  0.4969013E-06  0.3706481E-06  0.3087240E-06
  0.2844997E+04  0.9963940E-06  0.8867421E-06  0.7854285E-06  0.6929236E-06  0.6095074E-06  0.5351124E-06  0.4690513E-06  0.4095107E-06  0.3524874E-06  0.2889941E-06  0.2496288E-06
  0.2854997E+04  0.5355255E-06  0.4940837E-06  0.4561833E-06  0.4215776E-06  0.3898000E-06  0.3600790E-06  0.3312092E-06  0.3013018E-06  0.2670805E-06  0.2212515E-06  0.1891991E-06
  0.2864997E+04  0.1926115E-05  0.1687399E-05  0.1459945E-05  0.1246164E-05  0.1048711E-05  0.8703061E-06  0.7133053E-06  0.5787709E-06  0.4644400E-06  0.3599275E-06  0.3042910E-06
  0.2874997E+04  0.2981605E-05  0.2640640E-05  0.2304703E-05  0.1976614E-05  0.1660041E-05  0.1359714E-05  0.1081574E-05  0.8326171E-06  0.6194882E-06  0.4420966E-06  0.3613990E-06
  0.2884997E+04  0.2502907E-05  0.2230794E-05  0.1963016E-05  0.1701408E-05  0.1448305E-05  0.1206664E-05  0.9801301E-06  0.7729179E-06  0.5888479E-06  0.4268146E-06  0.3498542E-06
  0.2894997E+04  0.3628436E-05  0.3251102E-05  0.2873488E-05  0.2497618E-05  0.2126309E-05  0.1763452E-05  0.1414379E-05  0.1086256E-05  0.7882439E-06  0.5296665E-06  0.4168448E-06
  0.2904997E+04  0.4539094E-05  0.4078307E-05  0.3614446E-05  0.3149486E-05  0.2686293E-05  0.2229013E-05  0.1783642E-05  0.1358854E-05  0.9671415E-06  0.6255892E-06  0.4805018E-06
  0.2914997E+04  0.4360937E-05  0.3915755E-05  0.3467981E-05  0.3019664E-05  0.2573767E-05  0.2134547E-05  0.1708089E-05  0.1303022E-05  0.9313503E-06  0.6082860E-06  0.4703466E-06
  0.2924997E+04  0.3818627E-05  0.3440640E-05  0.3060870E-05  0.2680752E-05  0.2302321E-05  0.1928452E-05  0.1563219E-05  0.1212399E-05  0.8841203E-06  0.5889506E-06  0.4580937E-06
  0.2934997E+04  0.4491932E-05  0.4055911E-05  0.3615165E-05  0.3171072E-05  0.2725743E-05  0.2282375E-05  0.1845781E-05  0.1423213E-05  0.1025565E-05  0.6687821E-06  0.5133353E-06
  0.2944997E+04  0.3608045E-05  0.3239971E-05  0.2872511E-05  0.2507357E-05  0.2146824E-05  0.1794085E-05  0.1453493E-05  0.1130965E-05  0.8341881E-06  0.5710491E-06  0.4536635E-06
  0.2954997E+04  0.4806583E-05  0.4338444E-05  0.3864802E-05  0.3387204E-05  0.2908032E-05  0.2430910E-05  0.1961330E-05  0.1507608E-05  0.1082292E-05  0.7035577E-06  0.5399447E-06
  0.2964997E+04  0.3956103E-05  0.3550773E-05  0.3145516E-05  0.2742359E-05  0.2344108E-05  0.1954626E-05  0.1579186E-05  0.1224797E-05  0.9001206E-06  0.6132546E-06  0.4855637E-06
  0.2974997E+04  0.4793101E-05  0.4322540E-05  0.3847411E-05  0.3369401E-05  0.2891045E-05  0.2416131E-05  0.1950320E-05  0.1502079E-05  0.1083999E-05  0.7135764E-06  0.5533468E-06
  0.2984997E+04  0.3851496E-05  0.3464999E-05  0.3078390E-05  0.2693361E-05  0.2312214E-05  0.1938103E-05  0.1575353E-05  0.1229886E-05  0.9095893E-06  0.6231805E-06  0.4948956E-06
  0.2994997E+04  0.4958792E-05  0.4474320E-05  0.3984744E-05  0.3491701E-05  0.2997688E-05  0.2506476E-05  0.2023784E-05  0.1558336E-05  0.1123592E-05  0.7397315E-06  0.5755088E-06
