  0.1804997E+04  0.1931096E-07  0.1487496E-07  0.1140665E-07  0.8790824E-08  0.6885436E-08  0.5527568E-08  0.4546746E-08  0.3784602E-08  0.3110220E-08  0.2407595E-08  0.2010045E-08
  0.1814997E+04  0.2128281E-07  0.1658672E-07  0.1289868E-07  0.1009536E-07  0.8026626E-08  0.6522714E-08  0.5408552E-08  0.4523077E-08  0.3731776E-08  0.2909924E-08  0.2449109E-08
  0.1824997E+04  0.1736810E-07  0.1370478E-07  0.1085358E-07  0.8694521E-08  0.7091476E-08  0.5900886E-08  0.4984270E-08  0.4220470E-08  0.3507599E-08  0.2739967E-08  0.2300078E-08
  0.1834997E+04  0.2204074E-07  0.1741893E-07  0.1373633E-07  0.1088812E-07  0.8743728E-08  0.7151849E-08  0.5951632E-08  0.4988633E-08  0.4125718E-08  0.3225874E-08  0.2716821E-08
  0.1844997E+04  0.6728845E-08  0.5977340E-08  0.5352949E-08  0.4824093E-08  0.4361426E-08  0.3938587E-08  0.3531811E-08  0.3117291E-08  0.2664030E-08  0.2115478E-08  0.1779163E-08
  0.1854997E+04  0.2033400E-07  0.1602266E-07  0.1263246E-07  0.1005113E-07  0.8138915E-08  0.6735903E-08  0.5676783E-08  0.4809956E-08  0.4007794E-08  0.3144375E-08  0.2647430E-08
  0.1864997E+04  0.2747069E-07  0.2162672E-07  0.1709412E-07  0.1368203E-07  0.1117054E-07  0.9325795E-08  0.7922257E-08  0.6765095E-08  0.5695881E-08  0.4558750E-08  0.3914478E-08
  0.1874997E+04  0.1659943E-07  0.1410541E-07  0.1214123E-07  0.1059261E-07  0.9349387E-08  0.8312449E-08  0.7398051E-08  0.6535678E-08  0.5654847E-08  0.4652995E-08  0.4065570E-08
  0.1884997E+04  0.3033476E-07  0.2396883E-07  0.1896158E-07  0.1514017E-07  0.1229684E-07  0.1020034E-07  0.8615805E-08  0.7328505E-08  0.6155438E-08  0.4915406E-08  0.4210530E-08
  0.1894997E+04  0.5131653E-07  0.3944456E-07  0.2993326E-07  0.2260898E-07  0.1720855E-07  0.1337992E-07  0.1070512E-07  0.8753152E-08  0.7144430E-08  0.5558447E-08  0.4685552E-08
  0.1904997E+04  0.3845937E-07  0.3007766E-07  0.2347434E-07  0.1844859E-07  0.1474185E-07  0.1205144E-07  0.1005982E-07  0.8474142E-08  0.7050958E-08  0.5561227E-08  0.4719116E-08
  0.1914997E+04  0.4332475E-07  0.3370748E-07  0.2617065E-07  0.2046996E-07  0.1629526E-07  0.1328801E-07  0.1107678E-07  0.9323878E-08  0.7753191E-08  0.6110534E-08  0.5183894E-08
  0.1924997E+04  0.2625403E-07  0.2134276E-07  0.1749857E-07  0.1455089E-07  0.1230998E-07  0.1057951E-07  0.9173308E-08  0.7929030E-08  0.6703939E-08  0.5329341E-08  0.4518987E-08
  0.1934997E+04  0.5366440E-08  0.5094459E-08  0.4826687E-08  0.4556060E-08  0.4275464E-08  0.3976735E-08  0.3648693E-08  0.3272847E-08  0.2811915E-08  0.2171224E-08  0.1722554E-08
  0.1944997E+04  0.3738750E-07  0.2973847E-07  0.2378440E-07  0.1927981E-07  0.1593838E-07  0.1345232E-07  0.1152200E-07  0.9886059E-08  0.8327684E-08  0.6624397E-08  0.5643367E-08
  0.1954997E+04  0.6237067E-07  0.4867633E-07  0.3781324E-07  0.2950256E-07  0.2336512E-07  0.1893639E-07  0.1570845E-07  0.1319578E-07  0.1098831E-07  0.8714471E-08  0.7439865E-08
  0.1964997E+04  0.8430618E-07  0.6555013E-07  0.5051516E-07  0.3891119E-07  0.3030338E-07  0.2411944E-07  0.1969522E-07  0.1636354E-07  0.1354597E-07  0.1073614E-07  0.9186407E-08
  0.1974997E+04  0.8016819E-07  0.6281669E-07  0.4891080E-07  0.3815812E-07  0.3013891E-07  0.2431585E-07  0.2007648E-07  0.1681065E-07  0.1398543E-07  0.1111956E-07  0.9528360E-08
  0.1984997E+04  0.4783686E-07  0.3895283E-07  0.3198847E-07  0.2664458E-07  0.2258297E-07  0.1945159E-07  0.1691784E-07  0.1469561E-07  0.1253731E-07  0.1015429E-07  0.8770035E-08
  0.1994997E+04  0.1002414E-06  0.7969196E-07  0.6268936E-07  0.4906999E-07  0.3854180E-07  0.3067075E-07  0.2489052E-07  0.2055056E-07  0.1699289E-07  0.1357243E-07  0.1172556E-07
  0.2004997E+04  0.1054690E-06  0.8481576E-07  0.6751262E-07  0.5344407E-07  0.4237628E-07  0.3393887E-07  0.2762594E-07  0.2283114E-07  0.1891034E-07  0.1518887E-07  0.1318674E-07
  0.2014997E+04  0.1365452E-06  0.1098686E-06  0.8721015E-07  0.6853432E-07  0.5366564E-07  0.4225088E-07  0.3373722E-07  0.2739196E-07  0.2237659E-07  0.1779613E-07  0.1538981E-07
  0.2024997E+04  0.6471998E-07  0.5308126E-07  0.4347149E-07  0.3573147E-07  0.2963793E-07  0.2490471E-07  0.2119522E-07  0.1814601E-07  0.1538348E-07  0.1247135E-07  0.1079983E-07
  0.2034997E+04  0.1676414E-06  0.1343377E-06  0.1059296E-06  0.8246151E-07  0.6379938E-07  0.4956825E-07  0.3910748E-07  0.3148651E-07  0.2561818E-07  0.2038025E-07  0.1766757E-07
  0.2044997E+04  0.1913537E-06  0.1534469E-06  0.1211533E-06  0.9450569E-07  0.7333065E-07  0.5718052E-07  0.4528805E-07  0.3659049E-07  0.2986068E-07  0.2384217E-07  0.2073863E-07
  0.2054997E+04  0.1663717E-06  0.1338873E-06  0.1065238E-06  0.8418368E-07  0.6657295E-07  0.5316052E-07  0.4316917E-07  0.3563118E-07  0.2950814E-07  0.2373772E-07  0.2065722E-07
  0.2064997E+04  0.1386951E-06  0.1127588E-06  0.9096184E-07  0.7316254E-07  0.5906595E-07  0.4820065E-07  0.3992176E-07  0.3345816E-07  0.2798947E-07  0.2263119E-07  0.1970073E-07
  0.2074997E+04  0.1288005E-06  0.1013871E-06  0.7940775E-07  0.6240073E-07  0.4969170E-07  0.4041716E-07  0.3360197E-07  0.2828668E-07  0.2363629E-07  0.1889335E-07  0.1627228E-07
  0.2084997E+04  0.8951221E-07  0.7197513E-07  0.5787566E-07  0.4683665E-07  0.3837834E-07  0.3194350E-07  0.2694578E-07  0.2282766E-07  0.1907911E-07  0.1511601E-07  0.1280905E-07
  0.2094997E+04  0.2274386E-06  0.1870338E-06  0.1508148E-06  0.1190126E-06  0.9180005E-07  0.6925071E-07  0.5127906E-07  0.3755926E-07  0.2740651E-07  0.1955397E-07  0.1589563E-07
  0.2104997E+04  0.3858920E-06  0.3216147E-06  0.2616614E-06  0.2067281E-06  0.1576084E-06  0.1151686E-06  0.8026291E-07  0.5351708E-07  0.3485284E-07  0.2262576E-07  0.1783577E-07
  0.2114997E+04  0.5727587E-06  0.4823110E-06  0.3965644E-06  0.3165188E-06  0.2433825E-06  0.1785844E-06  0.1237259E-06  0.8036416E-07  0.4939536E-07  0.2965763E-07  0.2266173E-07
  0.2124997E+04  0.3377154E-06  0.2798844E-06  0.2263817E-06  0.1778491E-06  0.1349890E-06  0.9851985E-07  0.6906400E-07  0.4690814E-07  0.3155252E-07  0.2106206E-07  0.1661496E-07
  0.2134997E+04  0.4826101E-06  0.4067489E-06  0.3350034E-06  0.2681994E-06  0.2073155E-06  0.1534793E-06  0.1079126E-06  0.7174274E-07  0.4551377E-07  0.2810180E-07  0.2157496E-07
  0.2144997E+04  0.6931220E-06  0.5866365E-06  0.4848774E-06  0.3890473E-06  0.3006433E-06  0.2214976E-06  0.1537529E-06  0.9963494E-07  0.6069729E-07  0.3597079E-07  0.2735011E-07
  0.2154997E+04  0.5852796E-06  0.4914846E-06  0.4028128E-06  0.3203850E-06  0.2455346E-06  0.1797974E-06  0.1248164E-06  0.8203390E-07  0.5193237E-07  0.3257360E-07  0.2536044E-07
  0.2164997E+04  0.4917079E-06  0.4118388E-06  0.3371373E-06  0.2684876E-06  0.2068817E-06  0.1533830E-06  0.1090190E-06  0.7452491E-07  0.4979060E-07  0.3285286E-07  0.2601127E-07
  0.2174997E+04  0.4615814E-06  0.3866129E-06  0.3164516E-06  0.2519619E-06  0.1941214E-06  0.1439807E-06  0.1025432E-06  0.7048240E-07  0.4756935E-07  0.3174240E-07  0.2522009E-07
  0.2184997E+04  0.8089746E-06  0.6848563E-06  0.5662164E-06  0.4545213E-06  0.3515820E-06  0.2595879E-06  0.1810513E-06  0.1184951E-06  0.7351241E-07  0.4464631E-07  0.3436750E-07
  0.2194997E+04  0.7783749E-06  0.6580719E-06  0.5436494E-06  0.4364585E-06  0.3381312E-06  0.2505967E-06  0.1760194E-06  0.1165226E-06  0.7338816E-07  0.4518807E-07  0.3491040E-07
  0.2204997E+04  0.6698002E-06  0.5684671E-06  0.4720935E-06  0.3817475E-06  0.2987152E-06  0.2245130E-06  0.1608375E-06  0.1093475E-06  0.7104334E-07  0.4480853E-07  0.3481370E-07
  0.2214997E+04  0.4731296E-06  0.3983574E-06  0.3282741E-06  0.2636668E-06  0.2054325E-06  0.1545485E-06  0.1119769E-06  0.7842089E-07  0.5378864E-07  0.3617677E-07  0.2870927E-07
  0.2224997E+04  0.7411461E-06  0.6328821E-06  0.5292200E-06  0.4312929E-06  0.3404965E-06  0.2585178E-06  0.1873000E-06  0.1288292E-06  0.8447602E-07  0.5338512E-07  0.4139254E-07
  0.2234997E+04  0.8843713E-06  0.7531904E-06  0.6277194E-06  0.5093933E-06  0.3999755E-06  0.3015904E-06  0.2166748E-06  0.1476984E-06  0.9631446E-07  0.6131842E-07  0.4814638E-07
  0.2244997E+04  0.7850891E-06  0.6671931E-06  0.5549406E-06  0.4496589E-06  0.3529380E-06  0.2666298E-06  0.1927585E-06  0.1332098E-06  0.8892536E-07  0.5815089E-07  0.4605220E-07
  0.2254997E+04  0.5246226E-06  0.4449714E-06  0.3702281E-06  0.3011505E-06  0.2385822E-06  0.1834209E-06  0.1365306E-06  0.9853968E-07  0.6939743E-07  0.4743365E-07  0.3791886E-07
  0.2264997E+04  0.5368613E-06  0.4545159E-06  0.3774473E-06  0.3064967E-06  0.2425862E-06  0.1866650E-06  0.1395792E-06  0.1017987E-06  0.7290137E-07  0.5067820E-07  0.4074054E-07
  0.2274997E+04  0.4758446E-06  0.4024339E-06  0.3339962E-06  0.2712626E-06  0.2150241E-06  0.1660794E-06  0.1251118E-06  0.9243708E-07  0.6752689E-07  0.4816036E-07  0.3921732E-07
  0.2284997E+04  0.8449402E-06  0.7231661E-06  0.6065279E-06  0.4962686E-06  0.3939180E-06  0.3013267E-06  0.2206377E-06  0.1540666E-06  0.1031836E-06  0.6705704E-07  0.5289727E-07
  0.2294997E+04  0.5777983E-06  0.4910323E-06  0.4094282E-06  0.3338717E-06  0.2653601E-06  0.2049619E-06  0.1537002E-06  0.1122818E-06  0.8052578E-07  0.5625642E-07  0.4545148E-07
  0.2304997E+04  0.9399555E-06  0.8064713E-06  0.6781726E-06  0.5564710E-06  0.4431115E-06  0.3402116E-06  0.2502264E-06  0.1756968E-06  0.1184388E-06  0.7746866E-07  0.6127754E-07
  0.2314997E+04  0.5596074E-06  0.4745673E-06  0.3952041E-06  0.3223353E-06  0.2568418E-06  0.1996096E-06  0.1513981E-06  0.1125615E-06  0.8250507E-07  0.5867212E-07  0.4756217E-07
  0.2324997E+04  0.6633849E-06  0.5637407E-06  0.4701479E-06  0.3836293E-06  0.3053181E-06  0.2364029E-06  0.1779874E-06  0.1307791E-06  0.9444899E-07  0.6637661E-07  0.5370441E-07
  0.2334997E+04  0.4671498E-06  0.3989048E-06  0.3357096E-06  0.2781077E-06  0.2266230E-06  0.1816899E-06  0.1435268E-06  0.1119209E-06  0.8586825E-07  0.6288411E-07  0.5122106E-07
  0.2344997E+04  0.2680221E-06  0.2310568E-06  0.1974720E-06  0.1673899E-06  0.1408568E-06  0.1177967E-06  0.9794655E-07  0.8076223E-07  0.6525211E-07  0.4950371E-07  0.4054025E-07
  0.2354997E+04  0.7421370E-06  0.6388725E-06  0.5405847E-06  0.4482589E-06  0.3630408E-06  0.2862168E-06  0.2191260E-06  0.1629115E-06  0.1179214E-06  0.8231463E-07  0.6641859E-07
  0.2364997E+04  0.3359715E-06  0.2899822E-06  0.2478738E-06  0.2098470E-06  0.1760324E-06  0.1464395E-06  0.1208790E-06  0.9884031E-07  0.7926562E-07  0.5997284E-07  0.4928686E-07
  0.2374997E+04  0.5246527E-06  0.4516699E-06  0.3834091E-06  0.3204288E-06  0.2633131E-06  0.2126255E-06  0.1688074E-06  0.1319657E-06  0.1014308E-06  0.7477095E-07  0.6138138E-07
  0.2384997E+04  0.2052851E-06  0.1807017E-06  0.1583718E-06  0.1382772E-06  0.1203374E-06  0.1043796E-06  0.9009466E-07  0.7696645E-07  0.6411738E-07  0.4980163E-07  0.4111092E-07
  0.2394997E+04  0.3385386E-06  0.2945557E-06  0.2538537E-06  0.2166327E-06  0.1830561E-06  0.1532118E-06  0.1270426E-06  0.1042126E-06  0.8382316E-07  0.6366905E-07  0.5239782E-07
  0.2404997E+04  0.3425371E-06  0.2974394E-06  0.2563447E-06  0.2193838E-06  0.1865904E-06  0.1578440E-06  0.1327911E-06  0.1107271E-06  0.9037601E-07  0.6924528E-07  0.5707076E-07
  0.2414997E+04  0.4101577E-06  0.3564102E-06  0.3063052E-06  0.2601809E-06  0.2183603E-06  0.1811040E-06  0.1485219E-06  0.1204042E-06  0.9587932E-07  0.7258266E-07  0.6001163E-07
  0.2424997E+04  0.8448457E-06  0.7329421E-06  0.6259405E-06  0.5248330E-06  0.4307885E-06  0.3451471E-06  0.2693494E-06  0.2047084E-06  0.1517927E-06  0.1088001E-06  0.8922275E-07
  0.2434997E+04  0.7354020E-06  0.6384302E-06  0.5462935E-06  0.4598244E-06  0.3799598E-06  0.3077089E-06  0.2440597E-06  0.1897488E-06  0.1447097E-06  0.1066641E-06  0.8846120E-07
  0.2444997E+04  0.1030905E-05  0.8937560E-06  0.7623877E-06  0.6381215E-06  0.5225166E-06  0.4173574E-06  0.3245532E-06  0.2458289E-06  0.1819304E-06  0.1306361E-06  0.1075379E-06
  0.2454997E+04  0.1105653E-05  0.9584843E-06  0.8171635E-06  0.6831642E-06  0.5582534E-06  0.4444865E-06  0.3441058E-06  0.2591972E-06  0.1907878E-06  0.1366286E-06  0.1125496E-06
  0.2464997E+04  0.8025547E-06  0.6950692E-06  0.5934285E-06  0.4985617E-06  0.4114963E-06  0.3333063E-06  0.2649761E-06  0.2070962E-06  0.1592023E-06  0.1182622E-06  0.9830998E-07
  0.2474997E+04  0.6898768E-06  0.5984589E-06  0.5119691E-06  0.4311964E-06  0.3570075E-06  0.2903020E-06  0.2318980E-06  0.1822684E-06  0.1409350E-06  0.1049706E-06  0.8692566E-07
  0.2484997E+04  0.2615020E-06  0.2277339E-06  0.1975997E-06  0.1711253E-06  0.1482187E-06  0.1286092E-06  0.1117668E-06  0.9678970E-07  0.8220843E-07  0.6537881E-07  0.5472823E-07
  0.2494997E+04  0.6219212E-06  0.5399549E-06  0.4627093E-06  0.3909178E-06  0.3253598E-06  0.2667939E-06  0.2158151E-06  0.1725628E-06  0.1361236E-06  0.1031610E-06  0.8585985E-07
  0.2504997E+04  0.9702679E-06  0.8388768E-06  0.7144102E-06  0.5981820E-06  0.4916550E-06  0.3963645E-06  0.3137215E-06  0.2445730E-06  0.1882746E-06  0.1407076E-06  0.1174179E-06
  0.2514997E+04  0.1512656E-06  0.1405011E-06  0.1307818E-06  0.1218747E-06  0.1135087E-06  0.1053696E-06  0.9707667E-07  0.8810876E-07  0.7755969E-07  0.6319237E-07  0.5289037E-07
  0.2524997E+04  0.1123951E-06  0.1086150E-06  0.1046275E-06  0.1003700E-06  0.9575282E-07  0.9064087E-07  0.8481497E-07  0.7788240E-07  0.6902893E-07  0.5616260E-07  0.4678161E-07
  0.2534997E+04  0.1975627E-06  0.1852674E-06  0.1731714E-06  0.1612102E-06  0.1492889E-06  0.1372597E-06  0.1248777E-06  0.1117020E-06  0.9683200E-07  0.7805634E-07  0.6583105E-07
  0.2544997E+04  0.3011871E-06  0.2741120E-06  0.2480822E-06  0.2231314E-06  0.1992697E-06  0.1764595E-06  0.1545622E-06  0.1332184E-06  0.1115387E-06  0.8717793E-07  0.7257749E-07
  0.2554997E+04  0.8380774E-06  0.7459554E-06  0.6557699E-06  0.5680206E-06  0.4833247E-06  0.4024381E-06  0.3262664E-06  0.2558235E-06  0.1919731E-06  0.1342263E-06  0.1065940E-06
  0.2564997E+04  0.7115531E-06  0.6307290E-06  0.5526490E-06  0.4777885E-06  0.4066931E-06  0.3399691E-06  0.2782409E-06  0.2220206E-06  0.1713095E-06  0.1242360E-06  0.1004323E-06
  0.2574997E+04  0.1074884E-05  0.9492443E-06  0.8271718E-06  0.7093814E-06  0.5967435E-06  0.4903162E-06  0.3913654E-06  0.3013233E-06  0.2215065E-06  0.1518498E-06  0.1198604E-06
  0.2584997E+04  0.1117099E-05  0.9864585E-06  0.8596366E-06  0.7374065E-06  0.6206970E-06  0.5106128E-06  0.4084375E-06  0.3155598E-06  0.2331297E-06  0.1606488E-06  0.1269462E-06
  0.2594997E+04  0.7102022E-06  0.6258087E-06  0.5459592E-06  0.4710847E-06  0.4015976E-06  0.3378380E-06  0.2799687E-06  0.2277650E-06  0.1801367E-06  0.1337511E-06  0.1088921E-06
  0.2604997E+04  0.9676215E-06  0.8499173E-06  0.7375608E-06  0.6313829E-06  0.5322874E-06  0.4411970E-06  0.3589237E-06  0.2858725E-06  0.2213462E-06  0.1616986E-06  0.1312225E-06
  0.2614997E+04  0.6764211E-06  0.5984315E-06  0.5243770E-06  0.4546851E-06  0.3897825E-06  0.3300419E-06  0.2756722E-06  0.2264799E-06  0.1813091E-06  0.1364668E-06  0.1117784E-06
  0.2624997E+04  0.9744145E-06  0.8545761E-06  0.7407578E-06  0.6337822E-06  0.5345107E-06  0.4437736E-06  0.3622216E-06  0.2900164E-06  0.2261444E-06  0.1666109E-06  0.1358637E-06
  0.2634997E+04  0.1909229E-05  0.1692003E-05  0.1477100E-05  0.1265911E-05  0.1060297E-05  0.8627411E-06  0.6765184E-06  0.5058071E-06  0.3554651E-06  0.2294276E-06  0.1758298E-06
  0.2644997E+04  0.2302074E-05  0.2041941E-05  0.1783902E-05  0.1529490E-05  0.1280791E-05  0.1040657E-05  0.8129793E-06  0.6029986E-06  0.4174805E-06  0.2637875E-06  0.2006452E-06
  0.2654997E+04  0.3048638E-05  0.2723215E-05  0.2396888E-05  0.2071000E-05  0.1747516E-05  0.1429336E-05  0.1120779E-05  0.8283247E-06  0.5617294E-06  0.3356020E-06  0.2446993E-06
  0.2664997E+04  0.1889994E-05  0.1675178E-05  0.1463587E-05  0.1256603E-05  0.1056009E-05  0.8640992E-06  0.6837825E-06  0.5186267E-06  0.3725863E-06  0.2483536E-06  0.1940924E-06
  0.2674997E+04  0.2191750E-05  0.1942660E-05  0.1697082E-05  0.1456541E-05  0.1223029E-05  0.9991541E-06  0.7882947E-06  0.5947190E-06  0.4234016E-06  0.2785311E-06  0.2164635E-06
  0.2684997E+04  0.2710644E-05  0.2416465E-05  0.2123151E-05  0.1832151E-05  0.1545481E-05  0.1265967E-05  0.9975888E-06  0.7459440E-06  0.5187437E-06  0.3256843E-06  0.2455216E-06
  0.2694997E+04  0.2166695E-05  0.1929803E-05  0.1694667E-05  0.1462555E-05  0.1235180E-05  0.1014859E-05  0.8047319E-06  0.6089966E-06  0.4330238E-06  0.2824106E-06  0.2178793E-06
  0.2704997E+04  0.2237127E-05  0.1991572E-05  0.1748027E-05  0.1507867E-05  0.1272923E-05  0.1045624E-05  0.8291884E-06  0.6277980E-06  0.4465967E-06  0.2907165E-06  0.2235954E-06
  0.2714997E+04  0.1675424E-05  0.1487601E-05  0.1303322E-05  0.1123726E-05  0.9502499E-06  0.7846983E-06  0.6292852E-06  0.4865856E-06  0.3591306E-06  0.2475782E-06  0.1966335E-06
  0.2724997E+04  0.1509148E-05  0.1327525E-05  0.1152670E-05  0.9859994E-06  0.8291320E-06  0.6838432E-06  0.5519323E-06  0.4348677E-06  0.3328774E-06  0.2423355E-06  0.1981991E-06
  0.2734997E+04  0.1475955E-05  0.1304074E-05  0.1137518E-05  0.9775626E-06  0.8257237E-06  0.6837591E-06  0.5535910E-06  0.4370196E-06  0.3348547E-06  0.2441268E-06  0.1998863E-06
  0.2744997E+04  0.9447822E-06  0.8418604E-06  0.7439015E-06  0.6514077E-06  0.5648496E-06  0.4845942E-06  0.4107617E-06  0.3429267E-06  0.2793988E-06  0.2150490E-06  0.1791548E-06
  0.2754997E+04  0.1578471E-05  0.1403287E-05  0.1233006E-05  0.1068704E-05  0.9116232E-06  0.7631603E-06  0.6247891E-06  0.4978247E-06  0.3827130E-06  0.2766372E-06  0.2243589E-06
  0.2764997E+04  0.1910672E-05  0.1697173E-05  0.1488151E-05  0.1285047E-05  0.1089644E-05  0.9041093E-06  0.7309700E-06  0.5729093E-06  0.4319751E-06  0.3067823E-06  0.2476371E-06
  0.2774997E+04  0.1727860E-05  0.1527743E-05  0.1334753E-05  0.1150418E-05  0.9764667E-06  0.8147593E-06  0.6671105E-06  0.5348295E-06  0.4175583E-06  0.3099705E-06  0.2556858E-06
  0.2784997E+04  0.8899522E-06  0.8055698E-06  0.7265022E-06  0.6526681E-06  0.5838050E-06  0.5193895E-06  0.4585045E-06  0.3995680E-06  0.3396165E-06  0.2718737E-06  0.2310633E-06
  0.2794997E+04  0.3043718E-06  0.2919411E-06  0.2790726E-06  0.2656041E-06  0.2513076E-06  0.2358444E-06  0.2186718E-06  0.1988263E-06  0.1743078E-06  0.1398427E-06  0.1149985E-06
  0.2804997E+04  0.4827710E-06  0.4511850E-06  0.4207146E-06  0.3911237E-06  0.3620786E-06  0.3330985E-06  0.3034550E-06  0.2719301E-06  0.2361166E-06  0.1899063E-06  0.1587028E-06
  0.2814997E+04  0.1850797E-05  0.1635122E-05  0.1429520E-05  0.1235497E-05  0.1054587E-05  0.8882087E-06  0.7373776E-06  0.6021380E-06  0.4803192E-06  0.3642535E-06  0.3035294E-06
  0.2824997E+04  0.2716305E-05  0.2390088E-05  0.2072775E-05  0.1767384E-05  0.1477575E-05  0.1207661E-05  0.9624399E-06  0.7465675E-06  0.5627334E-06  0.4063732E-06  0.3331535E-06
  0.2834997E+04  0.2305495E-05  0.2029478E-05  0.1761839E-05  0.1505136E-05  0.1262470E-05  0.1037500E-05  0.8342839E-06  0.6566647E-06  0.5063648E-06  0.3773601E-06  0.3145151E-06
  0.2844997E+04  0.1013844E-05  0.9019043E-06  0.7983585E-06  0.7037067E-06  0.6182657E-06  0.5420130E-06  0.4743161E-06  0.4134264E-06  0.3554095E-06  0.2913241E-06  0.2518107E-06
  0.2854997E+04  0.5435112E-06  0.5008205E-06  0.4617631E-06  0.4261150E-06  0.3934320E-06  0.3629618E-06  0.3335108E-06  0.3031887E-06  0.2687027E-06  0.2227328E-06  0.1906445E-06
  0.2864997E+04  0.1979991E-05  0.1737126E-05  0.1505192E-05  0.1286603E-05  0.1084041E-05  0.9002896E-06  0.7378394E-06  0.5979932E-06  0.4788839E-06  0.3706540E-06  0.3136629E-06
  0.2874997E+04  0.3074661E-05  0.2729929E-05  0.2389590E-05  0.2056340E-05  0.1733706E-05  0.1426254E-05  0.1139764E-05  0.8811469E-06  0.6572639E-06  0.4692013E-06  0.3840599E-06
  0.2884997E+04  0.2605971E-05  0.2329947E-05  0.2057682E-05  0.1790891E-05  0.1531770E-05  0.1283097E-05  0.1048312E-05  0.8314179E-06  0.6361463E-06  0.4619419E-06  0.3792177E-06
  0.2894997E+04  0.3778493E-05  0.3398050E-05  0.3016575E-05  0.2635899E-05  0.2258578E-05  0.1888152E-05  0.1529461E-05  0.1188970E-05  0.8748540E-06  0.5954859E-06  0.4710492E-06
  0.2904997E+04  0.4676616E-05  0.4213765E-05  0.3747262E-05  0.3278909E-05  0.2811335E-05  0.2348343E-05  0.1895420E-05  0.1460438E-05  0.1054595E-05  0.6932044E-06  0.5362474E-06
  0.2914997E+04  0.4455273E-05  0.4008383E-05  0.3558496E-05  0.3107544E-05  0.2658327E-05  0.2214871E-05  0.1782917E-05  0.1370567E-05  0.9889987E-06  0.6523891E-06  0.5065821E-06
  0.2924997E+04  0.3886177E-05  0.3506904E-05  0.3125624E-05  0.2743709E-05  0.2363102E-05  0.1986540E-05  0.1617882E-05  0.1262539E-05  0.9279946E-06  0.6238037E-06  0.4873832E-06
  0.2934997E+04  0.4551398E-05  0.4114577E-05  0.3672869E-05  0.3227597E-05  0.2780793E-05  0.2335524E-05  0.1896402E-05  0.1470316E-05  0.1067499E-05  0.7027658E-06  0.5422128E-06
  0.2944997E+04  0.3644462E-05  0.3275155E-05  0.2906350E-05  0.2539717E-05  0.2177531E-05  0.1822907E-05  0.1480104E-05  0.1154884E-05  0.8546746E-06  0.5870728E-06  0.4672544E-06
  0.2954997E+04  0.4839878E-05  0.4371169E-05  0.3896895E-05  0.3418581E-05  0.2938575E-05  0.2460442E-05  0.1989571E-05  0.1534079E-05  0.1106123E-05  0.7232162E-06  0.5569739E-06
  0.2964997E+04  0.3987690E-05  0.3581082E-05  0.3174448E-05  0.2769798E-05  0.2369913E-05  0.1978619E-05  0.1601137E-05  0.1244389E-05  0.9168975E-06  0.6265863E-06  0.4970679E-06
  0.2974997E+04  0.4824330E-05  0.4353047E-05  0.3877145E-05  0.3398292E-05  0.2918994E-05  0.2442990E-05  0.1975846E-05  0.1525854E-05  0.1105257E-05  0.7310220E-06  0.5685192E-06
  0.2984997E+04  0.3878603E-05  0.3491074E-05  0.3103381E-05  0.2717203E-05  0.2334830E-05  0.1959383E-05  0.1595132E-05  0.1247885E-05  0.9253039E-06  0.6358080E-06  0.5058333E-06
  0.2994997E+04  0.4993783E-05  0.4508299E-05  0.4017642E-05  0.3523435E-05  0.3028142E-05  0.2535483E-05  0.2051078E-05  0.1583452E-05  0.1145664E-05  0.7572739E-06  0.5904381E-06
