  0.1804997E+04  0.3673176E-07  0.3088541E-07  0.2572920E-07  0.2125928E-07  0.1744883E-07  0.1424801E-07  0.1158444E-07  0.9360895E-08  0.7439929E-08  0.5575691E-08  0.4531862E-08
  0.1814997E+04  0.4208588E-07  0.3555409E-07  0.2976043E-07  0.2469833E-07  0.2034124E-07  0.1664243E-07  0.1353456E-07  0.1092594E-07  0.8683093E-08  0.6554903E-08  0.5393182E-08
  0.1824997E+04  0.3747092E-07  0.3181417E-07  0.2680391E-07  0.2242380E-07  0.1864081E-07  0.1540582E-07  0.1265377E-07  0.1029999E-07  0.8221660E-08  0.6185249E-08  0.5061195E-08
  0.1834997E+04  0.4397861E-07  0.3744769E-07  0.3159661E-07  0.2642398E-07  0.2191218E-07  0.1802628E-07  0.1471188E-07  0.1188906E-07  0.9431008E-08  0.7081256E-08  0.5806165E-08
  0.1844997E+04  0.2076363E-07  0.1848947E-07  0.1642741E-07  0.1455908E-07  0.1286202E-07  0.1130871E-07  0.9863824E-08  0.8476535E-08  0.7058582E-08  0.5417260E-08  0.4401930E-08
  0.1854997E+04  0.4156517E-07  0.3536002E-07  0.2983500E-07  0.2498773E-07  0.2079436E-07  0.1720886E-07  0.1416200E-07  0.1155707E-07  0.9251326E-08  0.6978622E-08  0.5715142E-08
  0.1864997E+04  0.5113543E-07  0.4307611E-07  0.3601017E-07  0.2990981E-07  0.2471856E-07  0.2035379E-07  0.1670918E-07  0.1365323E-07  0.1100990E-07  0.8484542E-08  0.7139641E-08
  0.1874997E+04  0.3305247E-07  0.2880793E-07  0.2507127E-07  0.2179880E-07  0.1893931E-07  0.1643498E-07  0.1421972E-07  0.1221074E-07  0.1028303E-07  0.8208271E-08  0.7017664E-08
  0.1884997E+04  0.5484302E-07  0.4643926E-07  0.3901939E-07  0.3256469E-07  0.2702818E-07  0.2233576E-07  0.1838694E-07  0.1505104E-07  0.1214363E-07  0.9336916E-08  0.7819545E-08
  0.1894997E+04  0.8593121E-07  0.7198927E-07  0.5952832E-07  0.4860361E-07  0.3921853E-07  0.3132047E-07  0.2479850E-07  0.1947896E-07  0.1510587E-07  0.1123658E-07  0.9267912E-08
  0.1904997E+04  0.7356257E-07  0.6211130E-07  0.5191115E-07  0.4297344E-07  0.3527000E-07  0.2873229E-07  0.2325120E-07  0.1867364E-07  0.1477976E-07  0.1117302E-07  0.9282562E-08
  0.1914997E+04  0.8293515E-07  0.6977136E-07  0.5810434E-07  0.4794008E-07  0.3923644E-07  0.3190304E-07  0.2580211E-07  0.2074550E-07  0.1646937E-07  0.1251024E-07  0.1042057E-07
  0.1924997E+04  0.6205897E-07  0.5338679E-07  0.4568848E-07  0.3893373E-07  0.3306704E-07  0.2800696E-07  0.2364285E-07  0.1982251E-07  0.1630731E-07  0.1260890E-07  0.1040208E-07
  0.1934997E+04  0.1781277E-07  0.1669767E-07  0.1561635E-07  0.1454984E-07  0.1347420E-07  0.1235738E-07  0.1115263E-07  0.9783586E-08  0.8105896E-08  0.5799373E-08  0.4258646E-08
  0.1944997E+04  0.8453385E-07  0.7177855E-07  0.6049706E-07  0.5067029E-07  0.4223597E-07  0.3508820E-07  0.2907598E-07  0.2399402E-07  0.1954048E-07  0.1514787E-07  0.1266147E-07
  0.1954997E+04  0.1149476E-06  0.9686428E-07  0.8074124E-07  0.6661676E-07  0.5446641E-07  0.4420026E-07  0.3566073E-07  0.2861604E-07  0.2272605E-07  0.1737585E-07  0.1458806E-07
  0.1964997E+04  0.1418016E-06  0.1192385E-06  0.9903727E-07  0.8128033E-07  0.6597293E-07  0.5303814E-07  0.4231346E-07  0.3354405E-07  0.2634987E-07  0.2004712E-07  0.1688533E-07
  0.1974997E+04  0.1390023E-06  0.1172444E-06  0.9777649E-07  0.8066144E-07  0.6589154E-07  0.5338395E-07  0.4297630E-07  0.3441671E-07  0.2732310E-07  0.2099275E-07  0.1774945E-07
  0.1984997E+04  0.1028738E-06  0.8803832E-07  0.7490321E-07  0.6342485E-07  0.5351253E-07  0.4503000E-07  0.3779615E-07  0.3157616E-07  0.2602975E-07  0.2050619E-07  0.1739642E-07
  0.1994997E+04  0.1365653E-06  0.1161021E-06  0.9768139E-07  0.8135889E-07  0.6712796E-07  0.5491645E-07  0.4458312E-07  0.3590602E-07  0.2853405E-07  0.2177545E-07  0.1825252E-07
  0.2004997E+04  0.1389192E-06  0.1189492E-06  0.1008097E-06  0.8455625E-07  0.7019701E-07  0.5768896E-07  0.4693209E-07  0.3775585E-07  0.2987099E-07  0.2264864E-07  0.1891901E-07
  0.2014997E+04  0.1610920E-06  0.1377896E-06  0.1165224E-06  0.9738739E-07  0.8043017E-07  0.6563925E-07  0.5293753E-07  0.4216385E-07  0.3301680E-07  0.2481191E-07  0.2066341E-07
  0.2024997E+04  0.1088050E-06  0.9428265E-07  0.8109006E-07  0.6923604E-07  0.5869785E-07  0.4941739E-07  0.4129343E-07  0.3416250E-07  0.2773618E-07  0.2136593E-07  0.1782948E-07
  0.2034997E+04  0.1922065E-06  0.1637311E-06  0.1377212E-06  0.1143430E-06  0.9369518E-07  0.7579853E-07  0.6058059E-07  0.4785038E-07  0.3723792E-07  0.2794164E-07  0.2333037E-07
  0.2044997E+04  0.2196054E-06  0.1869942E-06  0.1572224E-06  0.1304764E-06  0.1068672E-06  0.8641870E-07  0.6905109E-07  0.5455504E-07  0.4252850E-07  0.3210110E-07  0.2699273E-07
  0.2054997E+04  0.2046699E-06  0.1747734E-06  0.1476063E-06  0.1232924E-06  0.1018813E-06  0.8333961E-07  0.6753975E-07  0.5423886E-07  0.4301275E-07  0.3295126E-07  0.2783023E-07
  0.2064997E+04  0.1806109E-06  0.1553404E-06  0.1323510E-06  0.1117160E-06  0.9345074E-07  0.7750532E-07  0.6375359E-07  0.5196935E-07  0.4174820E-07  0.3217959E-07  0.2710362E-07
  0.2074997E+04  0.2327640E-06  0.1956784E-06  0.1625471E-06  0.1335726E-06  0.1088183E-06  0.8818007E-07  0.7135396E-07  0.5779627E-07  0.4663862E-07  0.3634728E-07  0.3068768E-07
  0.2084997E+04  0.2100299E-06  0.1799349E-06  0.1529677E-06  0.1291734E-06  0.1084699E-06  0.9063744E-07  0.7531417E-07  0.6198861E-07  0.4994190E-07  0.3786778E-07  0.3097324E-07
  0.2094997E+04  0.3108505E-06  0.2730171E-06  0.2369601E-06  0.2028541E-06  0.1708351E-06  0.1410064E-06  0.1134490E-06  0.8822744E-07  0.6536067E-07  0.4462073E-07  0.3478515E-07
  0.2104997E+04  0.4417103E-06  0.3883983E-06  0.3364290E-06  0.2862210E-06  0.2382064E-06  0.1928482E-06  0.1506736E-06  0.1123138E-06  0.7849951E-07  0.4987414E-07  0.3763014E-07
  0.2114997E+04  0.5811154E-06  0.5117771E-06  0.4436443E-06  0.3773165E-06  0.3134284E-06  0.2526715E-06  0.1958451E-06  0.1439337E-06  0.9816501E-07  0.5994994E-07  0.4426177E-07
  0.2124997E+04  0.4061327E-06  0.3557874E-06  0.3070080E-06  0.2602538E-06  0.2159917E-06  0.1746983E-06  0.1368681E-06  0.1030081E-06  0.7353721E-07  0.4835028E-07  0.3695848E-07
  0.2134997E+04  0.4988988E-06  0.4396180E-06  0.3814957E-06  0.3250543E-06  0.2708364E-06  0.2194140E-06  0.1714159E-06  0.1275614E-06  0.8864532E-07  0.5535203E-07  0.4104721E-07
  0.2144997E+04  0.6768160E-06  0.5971285E-06  0.5185378E-06  0.4417485E-06  0.3675098E-06  0.2966381E-06  0.2300777E-06  0.1689978E-06  0.1148698E-06  0.6942914E-07  0.5076595E-07
  0.2154997E+04  0.6170997E-06  0.5431697E-06  0.4705610E-06  0.3999571E-06  0.3320789E-06  0.2677018E-06  0.2077000E-06  0.1531074E-06  0.1051307E-06  0.6499793E-07  0.4834625E-07
  0.2164997E+04  0.5546963E-06  0.4884591E-06  0.4238103E-06  0.3612918E-06  0.3014692E-06  0.2449436E-06  0.1923767E-06  0.1445107E-06  0.1021333E-06  0.6586311E-07  0.5015975E-07
  0.2174997E+04  0.5347930E-06  0.4718428E-06  0.4102414E-06  0.3504892E-06  0.2931149E-06  0.2386917E-06  0.1878669E-06  0.1413860E-06  0.1000524E-06  0.6450394E-07  0.4905855E-07
  0.2184997E+04  0.7953308E-06  0.7021077E-06  0.6100374E-06  0.5199819E-06  0.4328562E-06  0.3496534E-06  0.2715153E-06  0.1998423E-06  0.1363729E-06  0.8314471E-07  0.6133148E-07
  0.2194997E+04  0.8062740E-06  0.7118077E-06  0.6188100E-06  0.5281096E-06  0.4405822E-06  0.3571753E-06  0.2789722E-06  0.2072873E-06  0.1437202E-06  0.8998753E-07  0.6743896E-07
  0.2204997E+04  0.7049497E-06  0.6242502E-06  0.5448994E-06  0.4675085E-06  0.3927230E-06  0.3212448E-06  0.2538796E-06  0.1915964E-06  0.1355353E-06  0.8680001E-07  0.6557634E-07
  0.2214997E+04  0.5531065E-06  0.4888228E-06  0.4261735E-06  0.3656371E-06  0.3077058E-06  0.2528951E-06  0.2017612E-06  0.1548982E-06  0.1128277E-06  0.7549396E-07  0.5819978E-07
  0.2224997E+04  0.7335628E-06  0.6519690E-06  0.5714930E-06  0.4926906E-06  0.4161467E-06  0.3424994E-06  0.2724883E-06  0.2070128E-06  0.1471425E-06  0.9399267E-07  0.7053395E-07
  0.2234997E+04  0.8912244E-06  0.7904763E-06  0.6911267E-06  0.5939024E-06  0.4995816E-06  0.4090334E-06  0.3232907E-06  0.2436412E-06  0.1716701E-06  0.1091447E-06  0.8225134E-07
  0.2244997E+04  0.8083141E-06  0.7169063E-06  0.6269244E-06  0.5390239E-06  0.4539037E-06  0.3723387E-06  0.2952363E-06  0.2236980E-06  0.1590201E-06  0.1025113E-06  0.7787701E-07
  0.2254997E+04  0.6042347E-06  0.5365876E-06  0.4706247E-06  0.4067460E-06  0.3453609E-06  0.2868994E-06  0.2318256E-06  0.1806300E-06  0.1337246E-06  0.9095231E-07  0.7068991E-07
  0.2264997E+04  0.6318587E-06  0.5614257E-06  0.4927167E-06  0.4261318E-06  0.3620921E-06  0.3010530E-06  0.2435135E-06  0.1899939E-06  0.1409185E-06  0.9619629E-07  0.7516453E-07
  0.2274997E+04  0.6067440E-06  0.5393606E-06  0.4737297E-06  0.4102512E-06  0.3493353E-06  0.2914110E-06  0.2369289E-06  0.1863249E-06  0.1398477E-06  0.9689980E-07  0.7603750E-07
  0.2284997E+04  0.8874309E-06  0.7900832E-06  0.6940223E-06  0.5998542E-06  0.5082314E-06  0.4198912E-06  0.3357183E-06  0.2568174E-06  0.1845331E-06  0.1202963E-06  0.9186376E-07
  0.2294997E+04  0.6937054E-06  0.6181687E-06  0.5441523E-06  0.4720674E-06  0.4023521E-06  0.3354913E-06  0.2720378E-06  0.2126070E-06  0.1577727E-06  0.1076106E-06  0.8403607E-07
  0.2304997E+04  0.9737115E-06  0.8688328E-06  0.7650076E-06  0.6628639E-06  0.5630843E-06  0.4664500E-06  0.3739121E-06  0.2866729E-06  0.2062213E-06  0.1342639E-06  0.1024298E-06
  0.2314997E+04  0.7059612E-06  0.6281182E-06  0.5522708E-06  0.4788716E-06  0.4083941E-06  0.3413445E-06  0.2782658E-06  0.2196983E-06  0.1659812E-06  0.1164224E-06  0.9218953E-07
  0.2324997E+04  0.7984558E-06  0.7108159E-06  0.6251084E-06  0.5418427E-06  0.4615609E-06  0.3848578E-06  0.3123985E-06  0.2449017E-06  0.1829941E-06  0.1265575E-06  0.9980052E-07
  0.2334997E+04  0.5880383E-06  0.5264790E-06  0.4667399E-06  0.4090642E-06  0.3536864E-06  0.3008245E-06  0.2506533E-06  0.2032234E-06  0.1582209E-06  0.1140438E-06  0.9080310E-07
  0.2344997E+04  0.3984603E-06  0.3597533E-06  0.3223845E-06  0.2864227E-06  0.2519067E-06  0.2188263E-06  0.1870769E-06  0.1563538E-06  0.1258439E-06  0.9306961E-07  0.7394454E-07
  0.2354997E+04  0.8164160E-06  0.7318542E-06  0.6486914E-06  0.5673036E-06  0.4880891E-06  0.4114843E-06  0.3379732E-06  0.2680563E-06  0.2020762E-06  0.1395162E-06  0.1089037E-06
  0.2364997E+04  0.4766702E-06  0.4302230E-06  0.3852718E-06  0.3419175E-06  0.3002335E-06  0.2602463E-06  0.2218912E-06  0.1849059E-06  0.1485187E-06  0.1102018E-06  0.8819575E-07
  0.2374997E+04  0.6642640E-06  0.5970032E-06  0.5314178E-06  0.4677484E-06  0.4062347E-06  0.3471110E-06  0.2905820E-06  0.2367355E-06  0.1852509E-06  0.1342458E-06  0.1071849E-06
  0.2384997E+04  0.3404376E-06  0.3108052E-06  0.2821622E-06  0.2545028E-06  0.2277828E-06  0.2018915E-06  0.1765912E-06  0.1513692E-06  0.1250090E-06  0.9401620E-07  0.7413412E-07
  0.2394997E+04  0.4787662E-06  0.4341075E-06  0.3906770E-06  0.3485531E-06  0.3077849E-06  0.2683704E-06  0.2302051E-06  0.1929472E-06  0.1556167E-06  0.1150852E-06  0.9116510E-07
  0.2404997E+04  0.5025849E-06  0.4552416E-06  0.4094665E-06  0.3653297E-06  0.3228635E-06  0.2820356E-06  0.2426912E-06  0.2044146E-06  0.1661313E-06  0.1245704E-06  0.9992593E-07
  0.2414997E+04  0.5669252E-06  0.5134927E-06  0.4612637E-06  0.4103562E-06  0.3608737E-06  0.3128902E-06  0.2664061E-06  0.2212319E-06  0.1766363E-06  0.1300180E-06  0.1038292E-06
  0.2424997E+04  0.9621437E-06  0.8667515E-06  0.7725503E-06  0.6798870E-06  0.5891366E-06  0.5007196E-06  0.4151123E-06  0.3328100E-06  0.2541234E-06  0.1783416E-06  0.1407956E-06
  0.2434997E+04  0.8915850E-06  0.8052190E-06  0.7200121E-06  0.6362456E-06  0.5542204E-06  0.4742636E-06  0.3967177E-06  0.3218732E-06  0.2497100E-06  0.1788778E-06  0.1427290E-06
  0.2444997E+04  0.1150805E-05  0.1036509E-05  0.9233375E-06  0.8117348E-06  0.7021983E-06  0.5953114E-06  0.4917705E-06  0.3923770E-06  0.2979062E-06  0.2085358E-06  0.1656215E-06
  0.2454997E+04  0.1216390E-05  0.1095065E-05  0.9748128E-06  0.8561433E-06  0.7396282E-06  0.6259422E-06  0.5159016E-06  0.4104660E-06  0.3106015E-06  0.2166278E-06  0.1716904E-06
  0.2464997E+04  0.9962847E-06  0.8983230E-06  0.8020465E-06  0.7077847E-06  0.6158900E-06  0.5267441E-06  0.4407454E-06  0.3582364E-06  0.2792367E-06  0.2023608E-06  0.1632763E-06
  0.2474997E+04  0.8854758E-06  0.8002908E-06  0.7163963E-06  0.6340659E-06  0.5535879E-06  0.4752657E-06  0.3993932E-06  0.3261582E-06  0.2553060E-06  0.1848170E-06  0.1479103E-06
  0.2484997E+04  0.5622263E-06  0.5092830E-06  0.4582319E-06  0.4092098E-06  0.3623211E-06  0.3176032E-06  0.2749440E-06  0.2338759E-06  0.1929716E-06  0.1475357E-06  0.1191753E-06
  0.2494997E+04  0.8433339E-06  0.7640381E-06  0.6858799E-06  0.6090854E-06  0.5338898E-06  0.4605292E-06  0.3892034E-06  0.3199532E-06  0.2522791E-06  0.1837136E-06  0.1470598E-06
  0.2504997E+04  0.1208138E-05  0.1089324E-05  0.9720875E-06  0.8569026E-06  0.7442935E-06  0.6348553E-06  0.5292492E-06  0.4281228E-06  0.3317945E-06  0.2389896E-06  0.1924344E-06
  0.2514997E+04  0.3835901E-06  0.3552466E-06  0.3283152E-06  0.3026468E-06  0.2779905E-06  0.2539320E-06  0.2297671E-06  0.2041904E-06  0.1743884E-06  0.1328594E-06  0.1023899E-06
  0.2524997E+04  0.2608727E-06  0.2510502E-06  0.2407342E-06  0.2297463E-06  0.2178286E-06  0.2045863E-06  0.1893706E-06  0.1710041E-06  0.1470237E-06  0.1111519E-06  0.8453869E-07
  0.2534997E+04  0.4097144E-06  0.3877364E-06  0.3652703E-06  0.3421742E-06  0.3182469E-06  0.2931852E-06  0.2664977E-06  0.2372941E-06  0.2036769E-06  0.1604519E-06  0.1311949E-06
  0.2544997E+04  0.5668857E-06  0.5294723E-06  0.4915755E-06  0.4530832E-06  0.4138330E-06  0.3735753E-06  0.3318963E-06  0.2880339E-06  0.2403512E-06  0.1843733E-06  0.1498367E-06
  0.2554997E+04  0.1123611E-05  0.1037752E-05  0.9506233E-06  0.8620843E-06  0.7719421E-06  0.6799191E-06  0.5855768E-06  0.4881367E-06  0.3859922E-06  0.2752176E-06  0.2148480E-06
  0.2564997E+04  0.9941537E-06  0.9154063E-06  0.8363022E-06  0.7568009E-06  0.6768202E-06  0.5962042E-06  0.5146477E-06  0.4315060E-06  0.3452377E-06  0.2514287E-06  0.1987732E-06
  0.2574997E+04  0.1345762E-05  0.1233098E-05  0.1120131E-05  0.1006875E-05  0.8932969E-06  0.7792956E-06  0.6646427E-06  0.5488095E-06  0.4304371E-06  0.3055210E-06  0.2384078E-06
  0.2584997E+04  0.1374072E-05  0.1257367E-05  0.1140716E-05  0.1024202E-05  0.9078679E-06  0.7916894E-06  0.6755012E-06  0.5587976E-06  0.4401102E-06  0.3147725E-06  0.2465147E-06
  0.2594997E+04  0.1015535E-05  0.9305846E-06  0.8465119E-06  0.7633527E-06  0.6810896E-06  0.5996062E-06  0.5185833E-06  0.4372423E-06  0.3536004E-06  0.2617713E-06  0.2083989E-06
  0.2604997E+04  0.1290535E-05  0.1180339E-05  0.1070851E-05  0.9622079E-06  0.8545146E-06  0.7478163E-06  0.6420045E-06  0.5365700E-06  0.4298537E-06  0.3162156E-06  0.2522769E-06
  0.2614997E+04  0.9882894E-06  0.9082087E-06  0.8287168E-06  0.7498370E-06  0.6715405E-06  0.5936984E-06  0.5159701E-06  0.4375170E-06  0.3561549E-06  0.2651753E-06  0.2108064E-06
  0.2624997E+04  0.1326126E-05  0.1211764E-05  0.1098477E-05  0.9864231E-06  0.8757311E-06  0.7664620E-06  0.6585159E-06  0.5513818E-06  0.4433815E-06  0.3287434E-06  0.2641347E-06
  0.2634997E+04  0.2108059E-05  0.1932144E-05  0.1754109E-05  0.1574004E-05  0.1391839E-05  0.1207585E-05  0.1021153E-05  0.8322689E-06  0.6400225E-06  0.4414821E-06  0.3394896E-06
  0.2644997E+04  0.2574697E-05  0.2361198E-05  0.2144709E-05  0.1925207E-05  0.1702609E-05  0.1476785E-05  0.1247540E-05  0.1014500E-05  0.7766570E-06  0.5310910E-06  0.4057689E-06
  0.2654997E+04  0.3128300E-05  0.2874792E-05  0.2616473E-05  0.2353156E-05  0.2084517E-05  0.1810084E-05  0.1529218E-05  0.1240998E-05  0.9437951E-06  0.6343078E-06  0.4765487E-06
  0.2664997E+04  0.2188119E-05  0.2009049E-05  0.1827944E-05  0.1644784E-05  0.1459513E-05  0.1272029E-05  0.1082140E-05  0.8893879E-06  0.6925010E-06  0.4875791E-06  0.3806984E-06
  0.2674997E+04  0.2494112E-05  0.2286762E-05  0.2077370E-05  0.1865989E-05  0.1652634E-05  0.1437279E-05  0.1219817E-05  0.9999028E-06  0.7763764E-06  0.5454020E-06  0.4259628E-06
  0.2684997E+04  0.2893413E-05  0.2659428E-05  0.2421685E-05  0.2180043E-05  0.1934261E-05  0.1683983E-05  0.1428694E-05  0.1167538E-05  0.8987517E-06  0.6181745E-06  0.4736833E-06
  0.2694997E+04  0.2450779E-05  0.2254833E-05  0.2056052E-05  0.1854295E-05  0.1649329E-05  0.1440799E-05  0.1228148E-05  0.1010373E-05  0.7852872E-06  0.5472810E-06  0.4217776E-06
  0.2704997E+04  0.2525864E-05  0.2322341E-05  0.2115797E-05  0.1906147E-05  0.1693235E-05  0.1476817E-05  0.1256497E-05  0.1031511E-05  0.8000523E-06  0.5571812E-06  0.4301833E-06
  0.2714997E+04  0.2089924E-05  0.1920912E-05  0.1750507E-05  0.1578689E-05  0.1405379E-05  0.1230408E-05  0.1053424E-05  0.8736187E-06  0.6888895E-06  0.4930185E-06  0.3875882E-06
  0.2724997E+04  0.2068717E-05  0.1894060E-05  0.1719090E-05  0.1544045E-05  0.1369168E-05  0.1194708E-05  0.1020840E-05  0.8474441E-06  0.6733054E-06  0.4929854E-06  0.3960620E-06
  0.2734997E+04  0.1988349E-05  0.1826655E-05  0.1664197E-05  0.1501055E-05  0.1337282E-05  0.1172878E-05  0.1007697E-05  0.8411782E-06  0.6714988E-06  0.4923897E-06  0.3946980E-06
  0.2744997E+04  0.1391147E-05  0.1284632E-05  0.1178476E-05  0.1072649E-05  0.9670397E-06  0.8613913E-06  0.7551446E-06  0.6470567E-06  0.5340632E-06  0.4068376E-06  0.3302538E-06
  0.2754997E+04  0.2000985E-05  0.1843371E-05  0.1684941E-05  0.1525671E-05  0.1365466E-05  0.1204104E-05  0.1041094E-05  0.8753212E-06  0.7040336E-06  0.5193047E-06  0.4166308E-06
  0.2764997E+04  0.2319250E-05  0.2135041E-05  0.1949282E-05  0.1761957E-05  0.1573002E-05  0.1382263E-05  0.1189383E-05  0.9934784E-06  0.7921704E-06  0.5781632E-06  0.4616262E-06
  0.2774997E+04  0.2295198E-05  0.2110147E-05  0.1924466E-05  0.1738297E-05  0.1551765E-05  0.1364938E-05  0.1177708E-05  0.9894773E-06  0.7981917E-06  0.5967241E-06  0.4865968E-06
  0.2784997E+04  0.1509750E-05  0.1402497E-05  0.1296105E-05  0.1190466E-05  0.1085364E-05  0.9804024E-06  0.8748282E-06  0.7670970E-06  0.6534329E-06  0.5213788E-06  0.4363788E-06
  0.2794997E+04  0.5617428E-06  0.5385872E-06  0.5143227E-06  0.4885883E-06  0.4608477E-06  0.4302614E-06  0.3954202E-06  0.3537206E-06  0.2996424E-06  0.2190549E-06  0.1597718E-06
  0.2804997E+04  0.8679776E-06  0.8196960E-06  0.7709870E-06  0.7215274E-06  0.6708302E-06  0.6181246E-06  0.5621012E-06  0.5002895E-06  0.4272362E-06  0.3279079E-06  0.2572404E-06
  0.2814997E+04  0.2543792E-05  0.2336874E-05  0.2130557E-05  0.1925081E-05  0.1720663E-05  0.1517434E-05  0.1315300E-05  0.1113571E-05  0.9098327E-06  0.6950536E-06  0.5748903E-06
  0.2824997E+04  0.3435225E-05  0.3150071E-05  0.2862405E-05  0.2572532E-05  0.2280825E-05  0.1987740E-05  0.1693765E-05  0.1399213E-05  0.1103519E-05  0.8029868E-06  0.6492408E-06
  0.2834997E+04  0.3148150E-05  0.2893420E-05  0.2636126E-05  0.2376415E-05  0.2114466E-05  0.1850495E-05  0.1584707E-05  0.1317077E-05  0.1046548E-05  0.7678665E-06  0.6218322E-06
  0.2844997E+04  0.2053317E-05  0.1888471E-05  0.1725248E-05  0.1563977E-05  0.1404970E-05  0.1248456E-05  0.1094410E-05  0.9420796E-06  0.7884718E-06  0.6218536E-06  0.5220797E-06
  0.2854997E+04  0.1298800E-05  0.1210371E-05  0.1122834E-05  0.1036146E-05  0.9501360E-06  0.8643768E-06  0.7779134E-06  0.6886069E-06  0.5912092E-06  0.4698762E-06  0.3867793E-06
  0.2864997E+04  0.3006327E-05  0.2760466E-05  0.2513024E-05  0.2264308E-05  0.2014696E-05  0.1764643E-05  0.1514627E-05  0.1264917E-05  0.1014737E-05  0.7587178E-06  0.6235117E-06
  0.2874997E+04  0.3734712E-05  0.3444032E-05  0.3148022E-05  0.2846481E-05  0.2539172E-05  0.2225818E-05  0.1906056E-05  0.1579225E-05  0.1243726E-05  0.8952702E-06  0.7161768E-06
  0.2884997E+04  0.3235700E-05  0.2990830E-05  0.2742200E-05  0.2489595E-05  0.2232712E-05  0.1971111E-05  0.1704066E-05  0.1430162E-05  0.1146098E-05  0.8426581E-06  0.6787394E-06
  0.2894997E+04  0.4089653E-05  0.3784364E-05  0.3471926E-05  0.3151789E-05  0.2823265E-05  0.2485477E-05  0.2137228E-05  0.1776631E-05  0.1400059E-05  0.9993655E-06  0.7887795E-06
  0.2904997E+04  0.4906196E-05  0.4541577E-05  0.4167550E-05  0.3783324E-05  0.3387899E-05  0.2980005E-05  0.2557942E-05  0.2119166E-05  0.1659195E-05  0.1169342E-05  0.9140893E-06
  0.2914997E+04  0.4786945E-05  0.4431071E-05  0.4066098E-05  0.3691272E-05  0.3305652E-05  0.2908047E-05  0.2496866E-05  0.2069710E-05  0.1622276E-05  0.1145940E-05  0.8973285E-06
  0.2924997E+04  0.4283308E-05  0.3972809E-05  0.3654721E-05  0.3328321E-05  0.2992661E-05  0.2646458E-05  0.2287854E-05  0.1913796E-05  0.1518381E-05  0.1088149E-05  0.8555305E-06
  0.2934997E+04  0.4904335E-05  0.4555518E-05  0.4196626E-05  0.3826595E-05  0.3444056E-05  0.3047214E-05  0.2633585E-05  0.2199377E-05  0.1737847E-05  0.1235242E-05  0.9660373E-06
  0.2944997E+04  0.4248850E-05  0.3935368E-05  0.3615155E-05  0.3287670E-05  0.2952206E-05  0.2607825E-05  0.2253174E-05  0.1886017E-05  0.1501846E-05  0.1089490E-05  0.8681166E-06
  0.2954997E+04  0.5209959E-05  0.4838532E-05  0.4456147E-05  0.4061662E-05  0.3653612E-05  0.3230092E-05  0.2788502E-05  0.2324954E-05  0.1832747E-05  0.1298916E-05  0.1015284E-05
  0.2964997E+04  0.4705063E-05  0.4358466E-05  0.4003708E-05  0.3640119E-05  0.3266853E-05  0.2882823E-05  0.2486535E-05  0.2075640E-05  0.1645582E-05  0.1185428E-05  0.9403927E-06
  0.2974997E+04  0.5338534E-05  0.4956243E-05  0.4562969E-05  0.4157623E-05  0.3738819E-05  0.3304766E-05  0.2853031E-05  0.2379979E-05  0.1879313E-05  0.1338730E-05  0.1052533E-05
  0.2984997E+04  0.4580430E-05  0.4248744E-05  0.3909231E-05  0.3561186E-05  0.3203687E-05  0.2835487E-05  0.2454776E-05  0.2058593E-05  0.1641212E-05  0.1189579E-05  0.9464984E-06
  0.2994997E+04  0.5609964E-05  0.5213367E-05  0.4804926E-05  0.4383370E-05  0.3947087E-05  0.3493995E-05  0.3021273E-05  0.2524738E-05  0.1997249E-05  0.1424996E-05  0.1120673E-05
